1 0.174576 0.178441 0.000000 3200.1359669053 87.8496745475 1754.5606895152 995.4748294355 350.3305941965 8.8408342997 3.0793449110
2 0.180074 0.221156 0.000000 5045.2064404768 189.2894446110 2617.5051489253 1637.0012604571 593.3978196645 6.9565534620 1.0562133570
3 0.201216 0.212950 0.000000 4968.6468860789 77.6863379678 2854.5539881789 1630.7074618842 402.7559989570 2.5513274117 0.3917716795
4 0.172728 0.226568 0.000000 4598.5612461470 78.6847260914 2512.0250033035 1510.2498695407 492.7679919084 4.3137073407 0.5199479625
5 0.116245 0.189635 0.000000 2638.6153070035 63.6886166501 1448.5624467574 862.6823732866 262.6167758450 1.0030864237 0.0620080416
6 0.207944 0.248750 0.000000 5243.6587924018 48.2906775866 3141.5501672763 1711.4142633852 341.9423139926 0.4297405683 0.0316295930
7 0.290701 0.281223 0.000000 12355.0810600319 219.5283873659 6670.0542294754 4140.5869275831 1316.5551919389 7.4916571718 0.8646664983
8 0.063304 0.150539 0.000000 1485.4931303739 9.8538750815 847.5929651911 500.3819000890 127.3856446942 0.2587543787 0.0199909400
9 0.377430 0.360078 0.000000 12792.0582190617 111.6441506588 7336.5967653057 4278.0872025428 1052.4980450559 10.2391661705 2.9928893303
10 0.115687 0.185422 0.000000 2771.8615222678 14.5038833754 1699.2501796429 902.0739057715 155.9361066025 0.0898277130 0.0076191642
11 0.259789 0.249298 0.000000 8034.4772426697 26.0221276369 4797.3863222962 2699.7296264885 510.8899909364 0.4241928614 0.0249824507
12 0.165067 0.220532 0.000000 5036.7541920838 45.5848474942 2863.2409243188 1692.2316736449 435.3616446039 0.3168797300 0.0182222943
13 0.339540 0.308048 0.000000 10564.3643440186 29.6987637357 6175.3765470922 3601.4582636389 756.6780217498 1.0767543211 0.0759934841
14 0.181455 0.240262 0.000000 7191.2441807975 124.7564843762 3783.4079639537 2395.5601808125 879.0665610450 7.4817150772 0.9712755370
15 0.328253 0.376987 0.000000 17963.7481081053 59.2302678218 9732.1764588025 6191.3897118838 1956.8402849561 19.4759939691 4.6353906776
16 0.176321 0.208862 0.000000 6322.8433481732 23.9097329747 3537.2895703807 2181.2326328943 579.4613117614 0.8879366167 0.0621635478
17 0.225615 0.210021 0.000000 10874.4767695427 223.7313862004 5314.9836099940 3649.4430451347 1679.2335401812 6.4223538413 0.6628341887
18 0.188275 0.216242 0.000000 7331.7304597388 36.9548633894 3857.0226331179 2488.8258675031 941.8919643955 5.9756217482 1.0595095898
19 0.144622 0.177485 0.000000 4476.8234623664 39.0745228739 2428.6136290722 1522.6456594259 485.9672685707 0.4856638534 0.0367185748
20 0.196905 0.237081 0.000000 6491.8015204365 49.8152085968 3493.2407009781 2222.8175867005 723.0650315814 2.5714006959 0.2915918915
21 0.138787 0.192342 0.000000 4624.1629311548 20.2033202902 2675.9393064546 1617.5627154362 309.9168353974 0.4789774194 0.0617761585
22 0.262982 0.274697 0.000000 12678.2448483990 53.8067917942 6538.2160139775 4444.5992735283 1623.4466343092 15.3189607433 2.8571740472
23 0.177047 0.235597 0.000000 5739.9006717687 42.2121016904 3126.7856507502 1942.3960724389 623.1184386877 4.5782533024 0.8101549075
24 0.204610 0.262918 0.000000 5866.1238341476 25.1460319042 3308.8852456079 2029.3440788557 502.4784342945 0.2521877796 0.0178557208
25 0.234330 0.224279 0.000000 6979.4092878251 28.7932200514 3940.4505962198 2412.7512190214 595.2469508580 1.8826935638 0.2846081199
26 0.134635 0.201927 0.000000 2860.1484651618 23.1772753003 1699.6756912145 945.2456293361 191.9708953898 0.0724612685 0.0065126538
27 0.281425 0.252688 0.000000 7922.4945674508 20.6052788731 4644.5696051990 2714.0405157958 542.4542620340 0.7360962279 0.0888093223
28 0.370713 0.380285 0.000000 10723.3058660772 8.3311921005 6234.6834794724 3689.1879376609 790.3987691045 0.6556591070 0.0488286351
29 0.269482 0.316381 0.000000 7487.1549140892 16.7723728739 4243.9878250214 2597.2956765431 627.1848082021 1.7549477896 0.1592836654
30 0.278860 0.248512 0.000000 5113.9929685572 0.7299131645 3167.8429027698 1760.1606521163 185.2043326930 0.0506257785 0.0045420336
31 0.114637 0.199799 0.000000 1181.4657013161 0.2627133667 778.3899364108 369.3074821203 33.5024847850 0.0029048657 0.0001797691
32 0.312960 0.297505 0.000000 7507.4259473236 29.5333640127 4414.4531065027 2590.5873715997 472.4056636173 0.4167620811 0.0296795152
33 0.218791 0.284831 0.000000 10019.9406881046 39.2075100545 5254.3077628312 3499.0137464817 1210.9366640731 13.0754006555 3.3996040210
34 0.072088 0.163926 0.000000 1702.1966580330 5.3737354993 959.7528521058 596.8778386959 140.0745691613 0.1083794752 0.0092830980
35 0.265798 0.314601 0.000000 10160.7999023661 155.1461271186 4981.4042060633 3457.1359044372 1543.9102887488 18.9785289490 4.2248470536
36 0.119836 0.220713 0.000000 2069.7514094913 8.5508237698 1108.0050228740 692.7146854536 260.3939495420 0.0816122796 0.0053155700
37 0.244582 0.226577 0.000000 8483.7963718276 155.5107109924 4306.6913824861 2860.3978414927 1140.2997702797 16.8808788661 4.0157877134
38 0.299714 0.330611 0.000000 10244.2033476411 155.1153235367 5314.0774946848 3519.6856784555 1244.2271994030 9.9619339561 1.1357176117
39 0.210227 0.233877 0.000000 5437.2457815230 21.7182236741 3158.6406873201 1885.1220303832 371.3899470943 0.3522431336 0.0226499309
40 0.266965 0.244993 0.000000 5694.1482064102 2.8860413630 3492.6863567628 1941.5519193957 256.9961463310 0.0260758921 0.0016666760
41 0.157689 0.229518 0.000000 4281.8262723981 1.4090297751 2351.8298152916 1521.6214292129 403.6145568277 2.7521277474 0.5993135498
42 0.159512 0.209577 0.000000 3758.7227103264 2.5344338051 2125.2645353512 1316.8786630030 313.8874986461 0.1474922687 0.0100872766
43 0.117925 0.177248 0.000000 2097.4869800891 13.2206123632 1224.9495082741 690.9340159170 168.2863891815 0.0898151586 0.0066392020
44 0.283309 0.250167 0.000000 8511.6084615931 41.3655894943 4696.3503596051 2918.2355747955 848.4292411886 6.2242853918 1.0034111377
45 0.153037 0.215932 0.000000 4052.3842282614 7.3410167066 2257.9724184086 1409.5993897512 376.5063431011 0.8964469223 0.0686133885
46 0.264086 0.258465 0.000000 4731.2972357384 11.3792683121 2987.7267912682 1545.5807535188 186.5518887039 0.0536622952 0.0048716477
47 0.317492 0.271139 0.000000 6400.9588758859 7.0465332987 3854.9161205867 2236.4747835435 302.2617868501 0.2265796313 0.0330719809
48 0.146574 0.241353 0.000000 6369.9463091093 3.2930174314 3483.6557083357 2254.4750356876 624.1972037143 3.7149893693 0.6103545727
49 0.195732 0.234876 0.000000 3110.0712466540 0.6554185100 1871.7416409837 1046.9295580105 190.6657186172 0.0745275848 0.0043829584
50 0.274753 0.303620 0.000000 7791.4196021519 8.6065957819 4476.8050066442 2683.2353148943 621.5398886542 1.1324650563 0.1003311190
51 0.155402 0.223252 0.000000 2807.8871505200 0.0845087635 1835.1014434514 889.0865837123 83.5845567211 0.0283776330 0.0016802674
52 0.245006 0.255948 0.000000 5911.2678339524 2.3045375725 3749.8591442326 1932.2843131089 226.6521960724 0.1549448299 0.0126981504
53 0.117953 0.183910 0.000000 1835.2497217316 0.2008459511 1194.0758280038 605.6557492784 35.3123369996 0.0046736196 0.0002878971
54 0.095605 0.165482 0.000000 2942.3735986229 0.1321556159 1812.5536786680 992.3463541039 136.9508329474 0.3444219230 0.0461553745
55 0.259542 0.288508 0.000000 7054.7201125735 0.3627805067 4294.4218985153 2413.2224254229 345.3609276718 1.1160601520 0.2360203045
56 0.161794 0.301246 0.000000 3652.9744538926 2.8770243660 2253.3391492389 1237.3189062477 159.3792052910 0.0553156994 0.0048530602
57 0.298025 0.274902 0.000000 8184.0263048981 15.9760384135 4627.1202598124 2884.1608551612 651.4055433565 4.0439412412 1.3196669220
58 0.055328 0.158359 0.000000 1552.3213813078 0.0824333632 865.7909526615 535.7962650967 150.4543544319 0.1810302261 0.0163455433
59 0.178094 0.216560 0.000000 3083.3282580739 2.8597252742 1885.3068214907 1036.3024467793 158.8355152413 0.0225175829 0.0012317075
60 0.244088 0.250032 0.000000 7295.9006444323 25.0809136222 4061.5060351566 2582.1280467318 625.4730809633 1.4906830519 0.2218849173
61 0.092459 0.197544 0.000000 1920.0387104427 0.0315299570 1092.4956979800 675.3483619369 151.7272308830 0.3944472612 0.0414424385
62 0.103321 0.178405 0.000000 1261.6748620957 0.0617927476 749.8664159570 429.8098734895 81.9165859690 0.0191091678 0.0010847610
63 0.189227 0.199926 0.000000 3696.7094712259 12.8287907332 2230.0671207988 1214.2142342736 238.6588182691 0.8193790263 0.1211281282
64 0.109181 0.138110 0.000000 1651.8166898703 0.1109249273 1050.3885320111 565.7887539096 35.5238842450 0.0042835606 0.0003112168
65 0.274768 0.275986 0.000000 7241.8307421560 3.2092190180 4272.1215645695 2533.4540224571 431.8308329983 1.0191671443 0.1959359812
66 0.155564 0.198071 0.000000 3707.1080025613 0.8467464858 2166.6978159584 1293.5047564584 245.6518488927 0.3782669990 0.0285677776
67 0.173541 0.235085 0.000000 2500.9296271000 1.7366434496 1554.5623541807 821.6510168253 122.8598365522 0.1116822237 0.0080938722
68 0.327227 0.306721 0.000000 6005.7488204455 20.2611103456 3595.1340304282 2032.7150889634 357.4467730611 0.1801298465 0.0116877949
69 0.211859 0.189986 0.000000 5650.3139947609 21.0711848264 3151.0837083381 1947.6684927339 528.9008121006 1.4279239213 0.1618728449
70 0.224777 0.213015 0.000000 5829.6333188140 93.4138160736 3103.5028701687 1946.0546324510 671.3742905705 12.2036528917 3.0840566939
71 0.188583 0.219138 0.000000 4665.1149698916 8.1495714931 2772.8933802240 1632.4525445830 251.2136100829 0.3681248073 0.0377387175
72 0.356820 0.319306 0.000000 10151.3764145865 8.6924739915 6001.3810114780 3518.5066233143 622.6181109791 0.1712273306 0.0069675029
73 0.146282 0.207426 0.000000 1700.0295768827 0.4259805678 1076.6793957466 560.4562271719 62.4657776054 0.0021032470 0.0000925464
74 0.130016 0.180486 0.000000 1859.5574003289 0.0182452440 1242.9876743213 585.7634691345 30.7864075663 0.0015072049 0.0000968701
75 0.175020 0.221775 0.000000 3325.4834368917 0.0438641721 2159.9081345972 1086.3465298011 79.1737190015 0.0106649900 0.0005243290
76 0.183678 0.204969 0.000000 2658.8286793887 0.0376999237 1670.3748679201 926.6408147485 61.7722788763 0.0027997100 0.0002182115
77 0.151816 0.192084 0.000000 2818.8206589207 0.1867147689 1731.6014448082 963.7283693666 123.2389588884 0.0597110248 0.0054600754
78 0.202131 0.245456 0.000000 3772.3897107710 0.0719171941 2374.8695427193 1266.1169847826 131.3009285329 0.0278807742 0.0024567731
79 0.231028 0.259474 0.000000 4365.1578418907 0.0176566172 2803.4367435227 1432.6789476122 128.9582478673 0.0612389899 0.0050072858
80 0.146773 0.243030 0.000000 1965.1458097028 0.0028292561 1292.1562191002 634.4493258439 38.5355969081 0.0017000332 0.0001385854
81 0.260882 0.275475 0.000000 6422.2779320749 9.4111577807 3862.7178097334 2182.7005094969 366.8820407194 0.5162914309 0.0501229253
82 0.214191 0.225923 0.000000 5207.9129533641 0.6512844541 2839.2645650248 1864.4001693377 502.6856481589 0.8609227346 0.0503636620
83 0.424872 0.357870 0.000000 9798.6654172336 8.3181637167 5481.8278145424 3357.6368225327 948.3775852725 2.0408823169 0.4641488691
84 0.128941 0.198706 0.000000 1650.6444531874 0.0107771311 1054.7948162515 543.4711303444 52.3579754555 0.0093863754 0.0003676351
85 0.189329 0.239384 0.000000 2632.5691488799 0.0052256401 1741.3923829885 860.9700550420 30.1965530214 0.0045961387 0.0003360563
86 0.353591 0.348262 0.000000 11958.8669270473 5.4453562134 6428.8079462070 4280.2788064183 1238.1262608590 5.0143770265 1.1941803411
87 0.321493 0.320088 0.000000 11214.1980667750 10.6150380805 6049.4814469308 3898.5389071824 1247.9424958980 6.8472482833 0.7729304158
88 0.160367 0.202761 0.000000 1741.7430519582 0.3086701011 1084.6071542604 550.3567729332 106.4236395546 0.0440630519 0.0027520611
89 0.284705 0.227026 0.000000 4982.9305013490 33.7699841466 2778.6985981954 1689.2149640700 480.8442412707 0.3783842195 0.0243294526
90 0.244414 0.200386 0.000000 3998.8988795555 4.5066306020 2361.0253670604 1281.7723553281 351.5148092803 0.0754060476 0.0043112466
91 0.280911 0.248370 0.000000 4718.0879339329 16.6653707965 2955.0375582462 1454.5118093583 291.7174415510 0.1485698149 0.0071841788
92 0.213164 0.256150 0.000000 7675.8687462810 28.0023643923 4113.6314718218 2683.5242747872 843.4822177159 6.1582441066 1.0701734628
93 0.163467 0.194825 0.000000 1894.5581425860 0.9778144746 1233.9354845207 577.0374111627 82.5738901824 0.0321907044 0.0013515564
94 0.125365 0.159712 0.000000 2336.1402205241 0.0504086277 1525.8439922661 721.8425813360 88.3979445651 0.0049428438 0.0003508895
95 0.254591 0.311962 0.000000 6118.6972744789 27.6508716287 3576.9769346962 2071.7219561443 441.6814519342 0.6005748672 0.0654852423
96 0.182562 0.207753 0.000000 4420.5569949736 17.1111630074 2564.6162918999 1516.1309257611 321.6309608973 0.8925029312 0.1751504852
97 0.257402 0.298466 0.000000 5836.6627711301 42.5500443909 3255.0161781909 2050.8845491493 485.1052681849 2.2658169286 0.8409143154
98 0.300946 0.286074 0.000000 10991.2292914897 29.4026360590 5748.5795345367 3959.6851229685 1250.8214332546 2.5628434465 0.1777212785
99 0.156805 0.197976 0.000000 3801.9647039641 35.3157080179 2085.7853480321 1292.7691245078 387.1746350143 0.8689591915 0.0509292354
100 0.319193 0.362567 0.000000 9222.1478025980 122.1204335612 4787.4556627997 3205.3675979585 1101.1495633531 4.9013143766 1.1532305347
101 0.215330 0.216018 0.000000 4545.8113190109 77.8272079545 2407.5080164259 1492.8005027609 561.1765317346 4.3923176065 2.1067425321
102 0.135395 0.165883 0.000000 5635.4043980454 109.0295616383 2849.3829727452 1889.3656409532 766.1325976344 14.8056698431 6.6879552473
103 0.201791 0.182096 0.000000 3486.8247245962 20.4763504164 2006.7237306808 1163.4246844809 285.9320436936 6.7419358820 3.5259794594
104 0.176473 0.202085 0.000000 3280.0754847560 0.9062785173 2024.6667853134 1044.4853939466 208.5412437901 0.9937806216 0.4820025889
105 0.199203 0.236559 0.000000 3164.4728407578 1.5359442552 1925.6778211112 1050.9078117725 186.2815112273 0.0667555291 0.0029968747
106 0.092562 0.167935 0.000000 1469.1777012273 3.3130990379 903.9128502037 500.2365381939 61.6943500191 0.0200173046 0.0008464637
107 0.133557 0.200377 0.000000 1730.9612489991 5.7086395723 1119.3844577430 558.5164867908 47.2885151343 0.0594395617 0.0037102370
108 0.202858 0.207741 0.000000 2746.4561718002 0.0260316174 1713.9119839677 919.4203271474 113.0150552631 0.0784580550 0.0043157675
109 0.318847 0.306574 0.000000 8166.4123240738 103.2698766927 4717.1337651697 2700.2253787286 641.9557235280 3.6366386997 0.1909412790
110 0.267856 0.261067 0.000000 5776.7217178078 4.4821948486 3488.3204246381 1985.5102425691 298.1602033810 0.2363876660 0.0122647062
111 0.151668 0.211045 0.000000 2128.6952653898 7.7901459325 1194.9503076738 741.1019251967 184.7534992806 0.0963531920 0.0030341156
112 0.192668 0.240721 0.000000 3425.1077489948 0.0087873309 2244.0419972040 1093.9107206383 87.1378032015 0.0079606578 0.0004799833
113 0.215741 0.270509 0.000000 5632.8657786410 0.2858748916 3255.0484050942 2005.7013531445 371.4415587455 0.3505452544 0.0380415186
114 0.070121 0.194289 0.000000 1113.1100190631 0.1525395940 652.5210794469 402.9134991641 57.5147810310 0.0076873003 0.0004325560
115 0.268989 0.316582 0.000000 8759.4373621080 4.3822900804 4671.1750478459 3115.4174148366 963.4950934352 4.2937560709 0.6737598505
116 0.086075 0.165209 0.000000 1937.4490170924 10.8391900621 1073.5411991656 659.9297777995 192.8146092517 0.3031521456 0.0210887315
117 0.238911 0.245055 0.000000 6123.2157952053 42.2174933022 3389.9106669449 2047.5519241354 641.7019877870 1.6624122121 0.1713108406
118 0.220261 0.220658 0.000000 5559.9196427091 58.9163601877 3034.2580463010 1854.8114836522 607.9568319109 3.5392319791 0.4376886922
119 0.089734 0.185129 0.000000 2272.0233750091 25.1895496359 1271.0542051580 781.9785000309 193.3330729181 0.4428715520 0.0251757658
120 0.234527 0.260577 0.000000 3808.9178695443 4.3873584621 2227.9077067081 1289.7350631674 286.8016729989 0.0772800202 0.0087882211
121 0.227938 0.233240 0.000000 4105.4460935491 3.1003828872 2435.9465927954 1405.2277702819 261.0641429852 0.0986984425 0.0085061984
122 0.356516 0.287828 0.000000 8459.1106414690 34.2006680012 4734.1317069013 2955.8032144410 734.6763766807 0.2818786982 0.0167967576
123 0.192542 0.169503 0.000000 2349.5963044181 0.0158379039 1424.0792330442 798.8326413688 126.6614567822 0.0066252051 0.0005101226
124 0.167773 0.228676 0.000000 5464.0312204903 4.8709986834 3004.7045607919 1940.0904224285 512.9689964540 1.2466705224 0.1495716278
125 0.276732 0.278074 0.000000 5915.5012538989 66.2868032351 3242.1893652935 2038.2542242119 568.5863009253 0.1738960564 0.0106641811
126 0.108630 0.199160 0.000000 1285.0857461202 2.8697785699 826.3146547311 407.3191959856 48.5772784360 0.0044448295 0.0003935949
127 0.265493 0.276409 0.000000 6228.1386181129 2.2992082519 3639.3471076801 2204.7350833688 380.2023416796 1.3080195286 0.2468575913
128 0.314561 0.293925 0.000000 4444.1893989173 9.5120326572 2624.0758480475 1579.3450954760 231.2042566509 0.0482283466 0.0039377430
129 0.222755 0.231387 0.000000 3595.8096609893 2.2375504150 1991.8781374474 1215.1948068187 386.3634896062 0.1312156158 0.0044611010
130 0.283552 0.257960 0.000000 8482.2499147690 24.6929677678 4548.5808812847 2935.9641577228 966.7540964809 5.4432039123 0.8146076233
131 0.444825 0.329600 0.000000 12494.4598418339 28.9030373723 6679.2875369940 4372.2072453694 1408.8939861005 4.6371500424 0.5308859629
132 0.355145 0.311417 0.000000 9754.7082889561 213.1400337134 5025.5251784422 3184.0192481730 1301.8289184160 23.2982673102 6.8966429513
133 0.198431 0.203223 0.000000 3694.9424603507 75.5677504646 2064.2735245612 1214.8879869287 339.2657740829 0.8686701692 0.0787541791
134 0.258171 0.273081 0.000000 5053.5982296448 25.5511933978 2937.5006811489 1683.0035572410 406.8159457038 0.6682100627 0.0586420993
135 0.339109 0.289873 0.000000 7961.5203049480 150.4860031807 4177.4823399695 2753.5143899981 876.1167584123 3.5640462349 0.3567671573
136 0.252254 0.204178 0.000000 4356.6370599536 8.0054716960 2610.5521117643 1520.3170423630 217.6961576059 0.0633135542 0.0029629742
137 0.298404 0.258663 0.000000 6332.9696778801 33.4231090858 3752.8423089422 2121.6735429610 424.0971036211 0.8756080298 0.0580052468
138 0.168753 0.191502 0.000000 3420.7865853160 25.0510937150 1970.6476179704 1176.2061645536 248.6257557153 0.2412756941 0.0146776634
139 0.232034 0.255510 0.000000 4359.6526012084 27.8466378084 2552.5763793365 1524.5289617440 254.6198704101 0.0761837625 0.0045681540
140 0.146840 0.185029 0.000000 3100.1097704538 15.7627454878 1817.0558752412 1057.3087247280 209.9000731440 0.0781070428 0.0042448139
141 0.218902 0.221749 0.000000 6572.5549655756 137.2784026371 3490.5489601945 2357.3955547807 586.3492640507 0.9041950417 0.0785888786
142 0.094943 0.149564 0.000000 1212.4749820227 0.0291011556 756.5234254077 413.2640809519 42.6530854730 0.0050523682 0.0002366688
143 0.163949 0.219694 0.000000 2973.0073006105 0.0189295832 1815.5088513603 1001.2882381693 156.1753089393 0.0151673837 0.0008051789
144 0.270346 0.275732 0.000000 9245.7275465134 4.1815552453 5115.0987945049 3316.6578940083 808.8788391494 0.8443366264 0.0661269776
145 0.203155 0.204094 0.000000 1959.6444276083 0.0170005115 1290.1715167139 629.6325103897 39.8209091298 0.0023547085 0.0001361633
146 0.268371 0.275469 0.000000 5107.3177879479 21.1903120678 3053.2158179841 1789.7105035881 242.7391190148 0.4283028635 0.0337324451
147 0.323049 0.352546 0.000000 12143.7140090609 0.4708179354 6829.2617668901 4304.3624436307 1008.3143388785 1.1785182679 0.1261235108
148 0.236506 0.287560 0.000000 5940.7868445700 1.0358224815 3609.8726787217 1998.4765113216 331.1162780106 0.2700758351 0.0154782035
149 0.265245 0.245795 0.000000 4301.5162232830 2.9942927436 2748.7093173688 1456.7621048231 93.0403833711 0.0094651629 0.0006598243
150 0.350887 0.332215 0.000000 6113.7872445550 1.6176359684 4122.9993859776 1913.8328993789 75.3283962753 0.0083796178 0.0005473796
151 0.250152 0.250186 0.000000 5250.8800831236 0.1361092524 3248.7521257608 1864.9305650027 137.0214471300 0.0367393248 0.0030966787
152 0.147195 0.228821 0.000000 1979.8260946640 0.0340607697 1224.4861060646 674.9189718979 80.3445391560 0.0390262991 0.0033904986
153 0.237535 0.281396 0.000000 8825.3293740512 0.3754212916 4577.6764922480 3201.5544533219 1038.5452680004 5.7771977349 1.4005414762
154 0.244701 0.268685 0.000000 4737.4237215950 0.1866452161 2557.1240909227 1708.8884703882 470.8105911333 0.3891301569 0.0247937945
155 0.306424 0.242196 0.000000 3927.6879186211 0.0870509070 2519.8884234461 1262.4377671896 145.2439529649 0.0288886149 0.0018355145
156 0.239448 0.205558 0.000000 4039.3845740614 1.2922761653 2570.4614945726 1347.4317914987 120.1415600122 0.0533879364 0.0040639328
157 0.093895 0.176721 0.000000 1098.5619314972 0.0032430883 708.1239474709 369.1002974078 21.3333588220 0.0010043590 0.0000803844
158 0.224404 0.290185 0.000000 2905.0654263116 0.0040838924 1861.0359422805 985.2345547375 58.7879261189 0.0026931209 0.0002261919
159 0.135990 0.168012 0.000000 2005.2574006927 0.0026953371 1258.7729688727 676.2286277961 70.2492373947 0.0035767779 0.0002945269
160 0.276392 0.284248 0.000000 9504.3981166519 14.5338608099 5305.0046263390 3476.0344719343 707.9649441163 0.7783673218 0.0818461434
161 0.300877 0.288829 0.000000 8445.1475711667 0.5522523942 4628.0273282654 3016.8942479761 799.0713747854 0.5612267451 0.0411410189
162 0.222475 0.208609 0.000000 3221.7857379933 1.8028831932 1916.4327741154 1108.0042667200 195.5346119498 0.0104397553 0.0007622634
163 0.234793 0.211381 0.000000 3795.9132086776 6.9249001857 2157.4957258679 1319.9814140123 311.1074813561 0.3702011822 0.0334860881
164 0.196006 0.244310 0.000000 2252.5787061937 0.3478679527 1369.1289511213 812.1587412768 70.9392315281 0.0036397814 0.0002745420
165 0.314549 0.284989 0.000000 6427.7807945636 0.5834230912 3698.5735980700 2263.1434078377 464.5776444045 0.7817899035 0.1209312560
166 0.192436 0.260898 0.000000 3393.8464189268 0.0351320103 1921.7385440617 1211.5601519142 260.1885405262 0.2952523021 0.0287981246
167 0.225437 0.185748 0.000000 3021.7579380543 0.0593534403 1909.3364927480 1013.2997886735 99.0559982910 0.0058841613 0.0004207374
168 0.229968 0.294307 0.000000 4162.1996673905 3.1436861660 2474.8916180272 1457.0728730936 227.0304757664 0.0559947969 0.0050195545
169 0.179345 0.239506 0.000000 2567.9733056185 4.0286536421 1446.5811762267 904.2497632212 213.0742047129 0.0361802836 0.0033275589
170 0.141701 0.206420 0.000000 1853.8590738214 6.7624786010 1081.9496832025 636.4423291562 128.6945401090 0.0092346957 0.0008080832
171 0.137995 0.213526 0.000000 7184.0788025208 20.0175504770 3671.6892084252 2564.7201658318 911.0826309710 11.9713167503 4.5979300660
172 0.157589 0.229887 0.000000 3249.3926237823 6.6366505305 1814.6739678126 1162.1038715083 265.7836317558 0.1825752932 0.0119269043
173 0.178050 0.190485 0.000000 3833.6563651607 4.4607365902 2072.3765777514 1404.6269663498 351.9783987360 0.1994834784 0.0142022642
174 0.203695 0.229802 0.000000 2683.2724975779 0.1358920582 1616.2007623189 952.0195218848 114.8977591635 0.0172062982 0.0013559373
175 0.214678 0.237210 0.000000 2154.3706012189 0.0468181547 1342.0982030067 725.9458441732 86.2488794541 0.0290503634 0.0018060711
176 0.171689 0.217600 0.000000 1052.8080131206 0.0622917624 700.6301475639 324.2896299416 27.8240376079 0.0017795044 0.0001267461
177 0.232093 0.260606 0.000000 3177.5919037536 18.3122543093 1825.7131362423 1042.2985723616 291.0982956535 0.1584040808 0.0112411063
178 0.176989 0.174926 0.000000 1457.2957616490 0.0019497326 935.6822346069 458.3417883607 63.2590461047 0.0100133498 0.0007295369
179 0.368972 0.305137 0.000000 7908.1873289254 0.0526506185 4716.2739744356 2716.5068094256 475.2537924742 0.0928975097 0.0072045037
180 0.199404 0.243151 0.000000 7504.4983924898 1.2405196505 4083.9530858255 2652.7892391015 763.8157940155 2.3328780429 0.3668758755
181 0.155405 0.217862 0.000000 2346.1156822876 0.0050227735 1468.9925837710 767.5841830514 109.5221755112 0.0111780440 0.0005391662
182 0.162395 0.239374 0.000000 2267.9299899969 0.0003948040 1440.4206785721 749.4949372597 77.9977663932 0.0156259706 0.0005870399
183 0.224083 0.244225 0.000000 3694.5603375741 0.0155334287 2371.0932741958 1187.4058770730 136.0269239325 0.0180293931 0.0006995709
184 0.255406 0.264784 0.000000 3003.9535689344 0.0016794804 1803.2931786911 1066.0423258601 134.5865828037 0.0286821179 0.0011200038
185 0.149502 0.195512 0.000000 1853.3217442691 0.0021389926 1245.0833196417 536.8214067543 71.3747007980 0.0376590082 0.0025191026
186 0.237883 0.244081 0.000000 3583.7392360780 0.0061625037 2395.9074197865 1131.9917849670 55.8257169387 0.0075402553 0.0006116537
187 0.081424 0.127253 0.000000 853.2643466461 0.0053674192 584.2570122295 259.6602525802 9.3394457594 0.0020792586 0.0001894236
188 0.221670 0.254381 0.000000 3480.7064388719 0.0917278799 2243.8162534515 1149.2086084259 87.5667004293 0.0213002240 0.0018484762
189 0.271782 0.247300 0.000000 3320.7428904629 0.0494314042 2243.1500542930 1036.4237306252 41.1170323735 0.0024463578 0.0001954220
190 0.042683 0.117329 0.000000 19.8659396433 0.0089017140 16.3010211851 3.5293795261 0.0266322624 0.0000045411 0.0000004217
191 0.235064 0.273612 0.000000 2880.2057248931 0.0723119810 1891.6394853230 938.4206186508 50.0715399304 0.0016250641 0.0001439547
192 0.184838 0.215245 0.000000 3259.3325711947 0.0348571039 2168.2810572560 1010.6798962342 80.3297914503 0.0064673391 0.0005018382
193 0.321653 0.343998 0.000000 6651.3010662033 26.1440141112 4006.5407655457 2194.3087911871 421.1932362283 2.2104133977 0.9038457614
194 0.395166 0.334474 0.000000 10035.4907878394 56.5698070039 5730.1286659125 3464.3636700747 782.6286639446 1.2284973095 0.5714836039
195 0.315789 0.294236 0.000000 5659.7132652879 67.0628878440 3221.8032546127 1855.1841968144 515.2255687568 0.4026485896 0.0347086803
196 0.242989 0.267911 0.000000 10453.4310313165 35.3353844940 5343.4277385277 3754.5577174491 1312.7610582457 6.4277427455 0.9213898657
197 0.279197 0.264035 0.000000 3859.7009428078 1.4835354956 2437.6725660994 1226.5648517082 193.8794243917 0.0953313761 0.0052337434
198 0.228508 0.244491 0.000000 6783.8687547017 1.6536378190 3711.3535444931 2382.3886620641 686.2227167580 1.9495161873 0.3006773947
199 0.183895 0.249414 0.000000 4159.8737228501 37.6408750486 2360.9494053286 1359.5078805597 401.1332546821 0.5893846918 0.0529225425
200 0.145738 0.206242 0.000000 2762.4592084987 12.4765324593 1684.3496068913 887.1589917158 178.1133577375 0.3371342142 0.0235854938
201 0.176099 0.219597 0.000000 1696.7776914898 1.8622674997 1089.9987501767 542.2419351126 62.6199116702 0.0516061249 0.0032209396
202 0.266792 0.282408 0.000000 7880.7320482496 40.9924299536 4320.8302635545 2619.9008159919 893.5704905600 4.7472614312 0.6907867906
203 0.216393 0.219454 0.000000 2740.0445314560 14.0968659298 1598.4598487301 935.4446992500 191.2872577983 0.6974879031 0.0583718658
204 0.136717 0.223355 0.000000 1825.8282339868 8.9362699741 1003.8490717250 615.6335722078 197.0154815334 0.3612514212 0.0325871298
205 0.183547 0.255404 0.000000 3810.6868830023 34.1678995593 2087.1786585502 1259.5414260693 428.7200169152 1.0018991945 0.0769827175
206 0.186978 0.226455 0.000000 2588.3426384847 55.4691396964 1467.1485179412 822.9197586134 242.4543170047 0.3273746194 0.0235306653
207 0.258097 0.224193 0.000000 2609.3754795833 7.0027163740 1637.0677924240 816.4946403897 148.7081584462 0.0948280540 0.0073439014
208 0.259815 0.239751 0.000000 4229.3004382450 13.3546441689 2538.3532308942 1367.6411792517 309.0611818330 0.7861332708 0.1040688373
209 0.075853 0.127264 0.000000 1391.9504349261 0.0157391747 796.7338527635 510.4583119106 84.7133088800 0.0272286489 0.0019935656
210 0.183049 0.178048 0.000000 1863.8516686749 0.0931600268 1167.7593302282 595.7720219325 100.2188402561 0.0077780221 0.0005382505
211 0.111644 0.188517 0.000000 2028.1497643509 0.2925410037 1158.6656225959 697.3365817762 171.7857207235 0.0652513927 0.0040469082
212 0.128230 0.229608 0.000000 2319.1918361394 0.0805399494 1427.5002909197 790.8030430403 100.8045244743 0.0032911319 0.0001466339
213 0.420803 0.370541 0.000000 8621.3559016721 28.5985819842 5169.3129543252 2992.4502106750 430.8875636390 0.1030979606 0.0034931272
214 0.239939 0.231690 0.000000 5841.8705485231 49.5158395917 3449.6075865035 1963.9562778779 378.6072720930 0.1804727003 0.0030998413
215 0.212509 0.246096 0.000000 3377.2575959015 17.6928914351 1991.9759712641 1189.9308449338 177.6095099536 0.0470499757 0.0013284047
216 0.146620 0.209547 0.000000 1592.5796699004 0.0994687093 1111.3907950549 464.5560237294 16.5321034975 0.0011819007 0.0000970821
217 0.213264 0.224278 0.000000 3986.1303785252 0.0158292444 2604.9122122810 1287.4663382013 93.7199798805 0.0154587485 0.0005602363
218 0.159928 0.218242 0.000000 3223.2988301887 0.0136919920 1934.1399789813 1164.9791196162 124.0905936451 0.0693367114 0.0061092437
219 0.226307 0.275421 0.000000 3766.3064211603 0.1620383024 2368.9098264763 1292.8781471677 104.3495680267 0.0063444077 0.0004968410
220 0.321945 0.285843 0.000000 4879.6548133700 13.9141915975 3297.5133969036 1482.7291336476 85.3195630719 0.1618336156 0.0166945632
221 0.211188 0.245318 0.000000 2862.3890150342 0.1458469172 1926.9785332210 872.1860389641 63.0726539639 0.0056000302 0.0003419679
222 0.196697 0.224070 0.000000 1640.3115445876 0.0340271923 1174.7869264991 457.7600361328 7.7301699890 0.0003603246 0.0000244809
223 0.201456 0.284560 0.000000 7212.5032651195 33.5882261897 4383.9879888045 2415.5872207821 377.7890271551 1.3742936517 0.1765086665
224 0.243087 0.233148 0.000000 3669.4564307884 3.2320608385 2242.8857285114 1267.9194052811 155.3796315095 0.0377580942 0.0018465737
225 0.181046 0.230495 0.000000 3018.7811164905 0.0343557740 2011.0169359172 953.9906157202 53.7365891491 0.0024824535 0.0001374863
226 0.275873 0.266994 0.000000 4352.3058117881 0.0278839635 2844.7245173808 1402.3491876402 105.1922322410 0.0111268644 0.0008637665
227 0.209369 0.228174 0.000000 4733.1664369663 0.2328752324 2851.8720176707 1659.4133708638 221.3866035378 0.2398007257 0.0217689429
228 0.096281 0.157011 0.000000 927.4564058140 0.0485707161 592.5265512662 300.7838645587 34.0948218851 0.0023980329 0.0001993763
229 0.117662 0.183139 0.000000 920.5273122171 0.0109103284 636.5758089793 269.4726063282 14.4667519156 0.0011331711 0.0001015069
230 0.194081 0.240947 0.000000 3112.1030864640 0.1752994260 1947.6708172058 1000.6558421273 163.5501044533 0.0467287811 0.0042945822
231 0.175235 0.256240 0.000000 2503.9157293450 0.0848331293 1611.9351882493 811.2707980777 80.6093491579 0.0143754380 0.0011853088
232 0.184762 0.234508 0.000000 2592.5263026197 0.1329851485 1703.4165844362 825.1729181036 63.8018505580 0.0018195155 0.0001449123
233 0.180473 0.211439 0.000000 3139.1049220260 0.2152423509 2009.6373457291 1011.6249401457 117.6213844988 0.0055642702 0.0004450423
234 0.305053 0.301489 0.000000 10544.3947517269 41.6750526869 5787.6700323886 3668.2356740709 1039.1802108539 6.4142235433 1.2195582233
235 0.134704 0.223783 0.000000 2471.2322343184 5.4189673230 1438.1759962482 836.8091791057 190.0667763038 0.7167712397 0.0445441202
236 0.350304 0.282958 0.000000 5560.6375040772 0.0401115342 3610.7644736223 1830.1564886716 119.6214776170 0.0516694178 0.0032832712
237 0.220619 0.230463 0.000000 2128.4299233842 0.0165457216 1384.7644422259 701.2915757026 42.3544516303 0.0027266303 0.0001815656
238 0.233888 0.204009 0.000000 2113.5011544249 0.0237156053 1593.1302654895 515.0137681404 5.3328218424 0.0005385266 0.0000449027
239 0.370367 0.321421 0.000000 4518.1915461397 0.0290609997 3155.5355366337 1340.9850592244 21.6394943756 0.0022231059 0.0001718444
240 0.244730 0.247211 0.000000 2906.0873207367 0.0136399773 2050.7946700094 826.9159138137 28.3578603375 0.0048226777 0.0004139627
241 0.191718 0.207615 0.000000 2675.6840346785 0.0633742185 1789.2821917290 860.7217738258 25.6148141042 0.0017387221 0.0001421513
242 0.334773 0.321590 0.000000 5258.2927306031 0.0962541475 3400.7081906083 1735.2579547806 122.2208123501 0.0088876950 0.0006310499
243 0.140792 0.196152 0.000000 1945.7967927857 0.0083399636 1337.3881384486 586.5802279768 21.8165635939 0.0032311929 0.0002916699
244 0.181070 0.205982 0.000000 1857.4301990709 0.0503764071 1176.4835021742 651.1497691146 29.7462803442 0.0002551505 0.0000159606
245 0.287665 0.282215 0.000000 5137.2808217222 0.1368319356 3345.6083085863 1627.1878352554 164.3369674579 0.0100584447 0.0008201017
246 0.167752 0.212802 0.000000 1381.9686027065 0.0409397994 929.8670569375 433.6335689063 18.4262261439 0.0007482322 0.0000627313
247 0.153957 0.213816 0.000000 2072.2260494006 0.0257706115 1402.4377363556 627.9126853768 41.8441258389 0.0053017628 0.0004295043
248 0.124663 0.215888 0.000000 6131.3210267891 3.5091877361 3467.7206190139 2197.7825169178 457.5966651654 3.5405394175 1.1714985683
249 0.236682 0.278681 0.000000 3192.9273233791 5.4380198120 1903.1056446866 1125.5840795449 158.7835337815 0.0146699753 0.0013756165
250 0.325842 0.331759 0.000000 4421.6085474268 6.9985673470 2810.8179113000 1409.0278689917 194.6965956263 0.0618328786 0.0057713186
251 0.227161 0.254026 0.000000 3947.5383213228 8.9671167357 2394.0166986060 1287.3385335878 256.5926370591 0.5543721795 0.0689632564
252 0.117008 0.198019 0.000000 2133.2556054668 3.0839643793 1285.9348405092 741.6274502056 102.4665114815 0.1277470309 0.0150919413
253 0.250197 0.312576 0.000000 3756.2890241399 2.3931416458 2296.3010399652 1276.5762152176 180.9752087760 0.0394386449 0.0039799579
254 0.046768 0.177274 0.000000 164.1572687435 0.2767956605 113.3852924745 48.0946261335 2.4003481113 0.0001883423 0.0000180274
255 0.204538 0.242019 0.000000 2625.7080279880 1.5026757223 1661.5589172496 860.5740657600 102.0321784293 0.0367736311 0.0034172026
256 0.181960 0.233209 0.000000 3089.7907228384 7.9631737627 1867.6825330473 1026.4113215758 187.2205493175 0.4430417813 0.0701033646
257 0.242953 0.242388 0.000000 3049.4958129864 8.7923329948 1937.8158044058 975.6547415037 127.1793820890 0.0489042611 0.0046477275
258 0.281292 0.282729 0.000000 5584.7355856252 3.8833168954 3353.8717566410 1961.8963048400 264.6171666113 0.4120742418 0.0549663921
259 0.198849 0.264376 0.000000 4586.3806313339 22.6530727648 2524.9865714252 1639.2279216498 398.6808215655 0.7514640457 0.0807799229
260 0.177333 0.235662 0.000000 1933.8667758424 4.2873988921 1200.2031574236 655.3652264232 74.0017116521 0.0089589577 0.0003225707
261 0.154037 0.203081 0.000000 3031.3883063316 7.9637757174 1750.7208717788 1060.6518524015 211.8923075301 0.1512654054 0.0082335659
262 0.302179 0.316284 0.000000 6483.4343328434 48.0711324064 3762.2284859824 2303.6031115518 369.0027077281 0.4747062651 0.0541889767
263 0.112296 0.200173 0.000000 1426.7404866888 0.6920691477 899.7576189214 481.0349956130 45.2533695357 0.0023035895 0.0001299535
264 0.246962 0.263220 0.000000 4254.2310107075 2.7592497485 2568.6538786460 1490.2347746158 192.5360968723 0.0435297676 0.0034810746
265 0.293681 0.303348 0.000000 3356.5165134507 1.6009678384 2040.7123346396 1150.3802571568 163.8149502493 0.0075623678 0.0004412473
266 0.303494 0.315943 0.000000 9528.1157028141 34.6833828605 4882.1971708117 3450.9548369291 1158.9101849048 1.2251773478 0.1449500283
267 0.144123 0.241949 0.000000 1733.9474560128 12.1933304690 1019.5607044060 552.8780444207 149.2807478864 0.0335363686 0.0010925338
268 0.167849 0.199965 0.000000 870.6532213127 0.3986194043 582.1233721175 262.6889461851 25.2381316733 0.1793861676 0.0247657990
269 0.240700 0.278908 0.000000 7238.8522285846 40.3822230192 3683.7900421705 2568.2049646286 941.7644533538 4.0619109894 0.6486344757
270 0.217687 0.275663 0.000000 2782.2597135862 2.2653384178 1605.5693515211 976.7244431177 197.4301279636 0.2564277698 0.0140248096
271 0.123608 0.178758 0.000000 1342.8324018224 9.4515584407 745.8760795387 464.9316281529 122.4989950181 0.0706068243 0.0035338511
272 0.243923 0.254220 0.000000 4722.6645594090 12.9158185649 2585.3811860208 1675.6048479011 448.4208869383 0.3233588924 0.0184611231
273 0.232327 0.245214 0.000000 3179.9551774801 1.0022967120 1951.4931210941 1092.6369636715 134.7990715177 0.0222518426 0.0014726463
274 0.315351 0.295451 0.000000 4244.9838359052 1.6152207307 2639.6176007981 1461.0612175619 142.6440766932 0.0423246180 0.0033955263
275 0.399324 0.361052 0.000000 7473.3960316028 0.3077325206 4341.4069690949 2638.0851300815 493.4777422739 0.1121805138 0.0062771505
276 0.157479 0.212832 0.000000 2909.9540065876 0.1219500405 1773.1783972156 957.1563648973 179.4285098550 0.0655383539 0.0032463369
277 0.187151 0.246809 0.000000 1139.1091013385 0.0728253479 758.3982944381 366.5823508821 14.0551039341 0.0004956639 0.0000311277
278 0.235908 0.233097 0.000000 3909.8337535622 0.0516386309 2358.8420617140 1362.4318653322 188.4360435104 0.0700326369 0.0021117557
279 0.051039 0.116707 0.000000 221.8642053822 0.0089536153 154.2983386243 66.4784228902 1.0784120529 0.0000726393 0.0000056894
280 0.262629 0.230479 0.000000 5798.5945422359 1.6255793241 3181.7816509157 2115.0100109096 500.0038322184 0.1657873981 0.0076815038
281 0.159798 0.222156 0.000000 3542.9651861073 1.3559478994 1954.2346515028 1252.6646046857 334.3710562519 0.3198398182 0.0190859836
282 0.139502 0.156506 0.000000 1336.9258976556 0.6198364136 862.0833394601 432.8738284506 41.3361202403 0.0124358766 0.0003372307
283 0.267843 0.243465 0.000000 2752.3162462116 10.2350146857 1673.2675669872 938.0674785867 130.3863030782 0.3459406783 0.0139422050
284 0.146475 0.195546 0.000000 749.2640922143 1.3004692860 507.1373239882 213.9447744462 26.5712099303 0.2898075644 0.0205070358
285 0.233415 0.227194 0.000000 5154.6258586286 9.5068641727 2975.7644409738 1743.7051532482 424.9245558153 0.6811651964 0.0436792484
286 0.253865 0.260270 0.000000 3820.5692139931 51.2208265331 2132.2192002959 1276.1419432478 360.0897595271 0.8245591302 0.0729253005
287 0.227018 0.239833 0.000000 1630.7738004848 7.1448501357 1070.0600585644 483.4825992031 69.2865502531 0.7068601846 0.0928821891
288 0.208734 0.246596 0.000000 3727.9793034617 7.6665433057 2240.8502514501 1217.3878898178 261.2912809003 0.7030267973 0.0803112500
289 0.426811 0.375820 0.000000 8727.0776581599 19.1344581745 5175.9336531003 2960.0578090018 571.6717492242 0.2645163214 0.0154723744
290 0.147457 0.175505 0.000000 2040.6899315391 1.0586212535 1306.6449870185 632.2432553242 100.7314916677 0.0109332950 0.0006430468
291 0.319257 0.310773 0.000000 7235.0605116859 4.0867985864 4385.1603676383 2442.2733356789 403.2364827412 0.2765556800 0.0269714461
292 0.142671 0.231992 0.000000 3018.2654302534 0.0143560849 1784.9504088665 1056.0516898989 177.2373912866 0.0109023623 0.0006818320
293 0.233237 0.228034 0.000000 6090.7588568903 2.9702142134 3424.9361518061 2189.0487772300 473.7518988957 0.0489912769 0.0028235153
294 0.220860 0.262456 0.000000 5099.7872971143 0.7612790738 2805.5808024922 1795.5566131418 497.4081577744 0.4439094449 0.0365352323
295 0.182370 0.213672 0.000000 2520.8154736076 0.0430558982 1499.1064203931 871.6441725260 150.0098233795 0.0116512709 0.0003502015
296 0.268592 0.255283 0.000000 4568.1762354426 3.4269319828 2608.0028389318 1647.6886387107 309.0412076113 0.0162519325 0.0003662917
297 0.185381 0.206429 0.000000 1761.1867083603 0.0616028308 1081.2524206791 591.5454296664 88.3247532374 0.0024184833 0.0000835270
298 0.157266 0.204479 0.000000 3375.4990769128 0.4046394616 1976.5030595496 1194.8252040726 203.7420937897 0.0231899436 0.0008901024
299 0.188421 0.234211 0.000000 4053.0751560166 3.9493402540 2241.7622828360 1452.1438554239 355.1179733922 0.0991644964 0.0025396293
300 0.212393 0.282947 0.000000 7301.3558001555 12.4685062305 3909.2975308873 2590.7821193295 786.7481759579 1.8866021394 0.1728656412
