1 0.140705 0.182602 0.000000 2026.9694324239 40.1733012607 1268.5656475248 606.9734802309 110.9844053045 0.2479926630 0.0246054401
2 0.153557 0.217833 0.000000 2304.1225945432 44.0935606819 1408.4906865930 720.9431888315 130.4691092655 0.1155691250 0.0104800464
3 0.102048 0.217206 0.000000 1788.1218593131 74.6941104066 943.8566043431 569.3194259993 197.7718216441 2.1125492906 0.3673476293
4 0.108360 0.204609 0.000000 1574.6257492345 14.0620353211 1026.0664872786 472.7879420810 61.6688044299 0.0370953325 0.0033847915
5 0.107468 0.204728 0.000000 2026.4649799830 48.3606211441 1159.1838277557 644.3074407964 174.0604856969 0.5165096019 0.0360949881
6 0.162980 0.242155 0.000000 3315.7430604932 61.5853969290 1943.2175801858 1085.7321509576 224.1530176860 0.9283873270 0.1265274079
7 0.278883 0.294748 0.000000 5874.7802374386 37.1604295364 3671.5857956994 1860.5324779092 305.0745436198 0.3912564415 0.0357342326
8 0.028440 0.144793 0.000000 0.1303952733 0.0008248041 0.0814936761 0.0412959515 0.0067713642 0.0000086842 0.0000007931
9 0.295726 0.354752 0.000000 8318.9699246609 83.1477315031 4891.4811774936 2763.4987011753 580.3256806635 0.4773227089 0.0393111164
10 0.097953 0.197170 0.000000 1695.8318493028 8.7530140282 1093.0985237570 527.9923516603 65.9746844292 0.0122072555 0.0010681732
11 0.100146 0.228268 0.000000 1969.2465949882 12.4243972558 1206.0343131866 633.2531785226 117.4008443722 0.1266709092 0.0071907418
12 0.098063 0.238057 0.000000 1334.2705611247 4.2814727223 858.4796710784 419.6840077904 51.8162863108 0.0083540480 0.0007691749
13 0.178021 0.295448 0.000000 3544.1858806850 27.2193922345 2125.3464718501 1146.7538676743 244.7948826187 0.0658643778 0.0054019301
14 0.158065 0.240107 0.000000 3737.2936744465 20.0728848744 2352.2929585967 1183.4801086100 181.3291392956 0.1109576685 0.0076254025
15 0.318623 0.379315 0.000000 7988.8117264049 54.1498927204 4856.9574233597 2598.7248318838 478.2724284015 0.6536762391 0.0534738017
16 0.037154 0.217251 0.000000 0.7608095617 0.0049472783 0.4564990688 0.2555863570 0.0437122491 0.0000597233 0.0000048857
17 0.111498 0.195034 0.000000 2174.6346591076 12.8053606846 1400.9834833837 689.2625470733 71.5740698211 0.0084619545 0.0007361903
18 0.146096 0.229047 0.000000 2920.7147962588 10.5098038768 1856.6153690989 927.5428430331 126.0212567781 0.0235991432 0.0019243299
19 0.091839 0.171701 0.000000 1758.9217590902 13.4030246569 1072.1597528969 595.5081368134 77.7973425822 0.0493495738 0.0041525673
20 0.156906 0.236382 0.000000 3162.2480989954 12.1584107675 1969.7803986774 1041.3853650567 138.8681733500 0.0519998233 0.0037513214
21 0.096170 0.206473 0.000000 1103.4020448900 0.0214139947 739.9168059586 346.3546677337 17.1082639662 0.0008199654 0.0000732713
22 0.177859 0.260756 0.000000 3694.7622981210 23.1474414974 2252.9894550562 1204.8955870484 213.6849405510 0.0416519884 0.0032219808
23 0.158703 0.239994 0.000000 2975.0252441996 14.8320304435 1936.6275501156 920.0827542531 103.3648619026 0.1074234682 0.0106240169
24 0.162506 0.254187 0.000000 3145.8669628705 1.8957124984 2105.9882196133 960.4137760134 77.5585604334 0.0098625711 0.0008317419
25 0.089401 0.222129 0.000000 1134.2013232786 0.4007471981 767.9776366699 339.8562827785 25.9632236551 0.0031677098 0.0002652671
26 0.111620 0.206259 0.000000 2389.0276507900 1.4916622981 1479.9674438844 794.7880822618 112.6841472661 0.0897016496 0.0066134314
27 0.152302 0.261757 0.000000 2602.7323773106 11.2821892208 1617.6149217452 828.2141625577 145.6140475273 0.0065551068 0.0005011554
28 0.332981 0.378703 0.000000 9445.4990703252 16.8642505471 5313.6394179638 3289.6277609228 825.0455425211 0.3047852982 0.0173130732
29 0.244502 0.319562 0.000000 6421.6032303585 45.4736617505 3642.7477739497 2172.0164260427 560.9015565961 0.4431086977 0.0207033255
30 0.124196 0.242246 0.000000 1420.1697192047 1.4133088547 930.3033947490 447.9979382850 40.4527339958 0.0021526786 0.0001906456
31 0.169968 0.205649 0.000000 4056.9249638725 21.8215253792 2410.7042035430 1383.5638144258 240.8011274371 0.0319841801 0.0023089098
32 0.172773 0.293589 0.000000 3110.1992900947 2.4468092631 2002.4797081109 1008.0757699214 97.1890419356 0.0073500514 0.0006108131
33 0.203432 0.274365 0.000000 3827.9176618979 9.6394419350 2357.8350748807 1260.2829330987 200.1328027178 0.0255248940 0.0018843737
34 0.097373 0.178095 0.000000 1473.6539519496 3.9960354439 917.7695722741 488.0293612286 63.8531633643 0.0053466565 0.0004729827
35 0.169102 0.306985 0.000000 2787.9334461853 11.4316683489 1688.0938211236 927.9287921057 160.4080842723 0.0657464215 0.0053339151
36 0.113856 0.221163 0.000000 2065.1594970145 19.4034207595 1244.1197248936 682.0793707906 119.5360246481 0.0193811090 0.0015748142
37 0.094866 0.213091 0.000000 1358.8609641130 4.3804255940 856.9162462450 445.5095136255 52.0515649629 0.0029618914 0.0002517972
38 0.184304 0.339889 0.000000 3860.5953896543 25.6855134998 2092.8492931177 1335.5752384871 405.9661645500 0.4709230509 0.0482569514
39 0.161636 0.232429 0.000000 2693.5139267163 31.8024271948 1529.2975917482 875.3527868061 256.9744778091 0.0815663538 0.0050768084
40 0.119040 0.256107 0.000000 1155.2553227440 0.0042020103 769.4065852671 354.8512763920 30.9928915693 0.0003421754 0.0000253313
41 0.096178 0.220093 0.000000 1612.4117780106 0.0305694717 1050.3814855492 501.1373322825 60.8483150225 0.0130436242 0.0010320611
42 0.118314 0.203651 0.000000 1324.5611585702 0.1620756511 884.9338849604 414.1247426893 25.3369977582 0.0031755032 0.0002820091
43 0.063325 0.182632 0.000000 333.8064386879 0.0035700404 227.5143670726 98.3444782305 7.9435430043 0.0004398371 0.0000405051
44 0.129871 0.254126 0.000000 3064.9164540304 2.7656202673 1849.6547238627 1032.2911642482 179.4914724292 0.6272921448 0.0861810816
45 0.102121 0.220028 0.000000 1912.6857934282 10.9923512099 1127.9759246701 640.8808494052 132.7570014826 0.0745845132 0.0050821496
46 0.081743 0.240144 0.000000 1648.3840410354 3.2277137979 953.6612226231 570.3246087835 121.1522801508 0.0170805897 0.0011350916
47 0.218653 0.278445 0.000000 5863.7189641915 27.1672285854 3420.8354193109 1970.5142597396 444.9334693093 0.2519952220 0.0165920241
48 0.072351 0.243757 0.000000 338.4705038659 0.0042933581 222.7994641243 106.7314471138 8.9346657808 0.0005839408 0.0000495547
49 0.137355 0.230969 0.000000 2763.8351449468 0.5157451290 1756.3079546173 908.5910971038 98.4092174122 0.0103838262 0.0007468605
50 0.212028 0.305558 0.000000 4815.8721050187 14.7559728033 2889.3488900640 1622.2110564920 289.4811752687 0.0693825577 0.0056278417
51 0.123789 0.222253 0.000000 1846.6428362026 3.2503027848 1107.5081564881 605.6488629618 130.1579520951 0.0715512756 0.0060106010
52 0.145022 0.260854 0.000000 1910.9580946590 1.9586684087 1233.6190976249 617.9947980386 57.3771848649 0.0076566064 0.0006891170
53 0.070180 0.183943 0.000000 920.7959315761 0.0055689002 615.5489676107 279.7273084034 25.5101034093 0.0036439786 0.0003392788
54 0.061205 0.146581 0.000000 465.6519446034 0.0017736404 321.1984508055 135.8647864867 8.5861782173 0.0006910901 0.0000643674
55 0.200124 0.301453 0.000000 4840.4429456093 1.2953754601 2994.5750145490 1618.5667106323 225.4745640597 0.4733430937 0.0579378201
56 0.251888 0.295905 0.000000 4832.3614475858 7.7220353877 2880.8136869638 1614.4287247831 329.2762174997 0.1127519877 0.0080309671
57 0.132162 0.280985 0.000000 1115.1617111360 0.0549224463 754.0360990503 330.7281603779 30.3388865825 0.0033615816 0.0002811014
58 0.013017 0.165376 0.000000 0.0273202925 0.0000013371 0.0184736061 0.0081022529 0.0007430088 0.0000000822 0.0000000069
59 0.084750 0.214408 0.000000 1053.4337068623 1.0357706558 704.3025958871 314.9710237042 33.1149882215 0.0085850323 0.0007433676
60 0.113612 0.242479 0.000000 1945.1899602619 0.0018736934 1313.5836621191 607.3319231509 24.2681479065 0.0039987843 0.0003546178
61 0.102531 0.191841 0.000000 1038.6638697623 0.0014482914 715.1436312105 312.5686605770 10.9493547184 0.0007117620 0.0000632112
62 0.042889 0.181565 0.000000 268.3245755739 0.0008905160 195.7729138161 71.2212389794 1.3293982649 0.0001230110 0.0000109869
63 0.083477 0.205917 0.000000 1237.3406799136 0.0157178585 843.8482122178 375.3385000230 18.1363638086 0.0017294019 0.0001566044
64 0.020220 0.139249 0.000000 0.6396762174 0.0000001517 0.4541690278 0.1765279004 0.0089785563 0.0000005318 0.0000000498
65 0.226304 0.283649 0.000000 4806.5340485159 28.0432195551 2832.8541530817 1576.9577609687 367.3748660587 1.1976218347 0.1064270214
66 0.103319 0.192541 0.000000 1034.0267003840 0.1216239063 664.2679980373 333.8082565161 35.8256119650 0.0029709816 0.0002389879
67 0.077915 0.230603 0.000000 1339.3472193802 5.7450503051 766.9619523477 458.7838789137 107.8105219305 0.0423098608 0.0035060257
68 0.205971 0.312383 0.000000 4009.6430245931 3.6308100592 2471.1368456008 1333.1176225305 201.4448163091 0.2683984152 0.0445316805
69 0.051232 0.179311 0.000000 451.7960143551 0.1683013712 286.9128331003 151.5676371089 13.1463591762 0.0008165861 0.0000670162
70 0.074449 0.221989 0.000000 849.6268508917 0.2940785917 523.6633734557 282.6649134264 42.9876387510 0.0156915572 0.0011551205
71 0.137985 0.208294 0.000000 2108.2722186177 0.7491262480 1342.8635729216 683.7832382543 80.8701385455 0.0057606236 0.0003820347
72 0.257305 0.330753 0.000000 8751.2226010813 76.8915777833 4838.3460796981 3049.1121170437 784.6872684352 1.9726690891 0.2128890357
73 0.057961 0.202767 0.000000 339.6683235952 1.7722962234 211.4551985846 106.4468987774 19.9839521677 0.0092520619 0.0007257816
74 0.064637 0.189064 0.000000 581.1413550389 1.5314445338 361.6439961366 190.6953526521 27.2614367280 0.0084391523 0.0006858390
75 0.104899 0.214518 0.000000 1593.6400824691 0.1372755606 925.1625597627 548.7333612454 119.5819201796 0.0232843349 0.0016813901
76 0.087123 0.202711 0.000000 1865.9253142392 3.6022861348 1073.5583482840 633.9207676084 154.8148905419 0.0267123051 0.0023093715
77 0.075170 0.192003 0.000000 894.5940086709 3.6336737607 512.6857219861 293.4157694643 84.8472712433 0.0108481791 0.0007240384
78 0.172764 0.254632 0.000000 2921.2123321527 7.5135380343 1721.8338372828 962.7574432443 229.0424610128 0.0604830593 0.0045695208
79 0.091339 0.247989 0.000000 1282.0946719286 11.5018745001 732.7725845886 423.7975848049 113.4743108457 0.5006758788 0.0476413143
80 0.103685 0.248973 0.000000 2069.0171757875 8.2692665840 1111.9943188217 732.6495398527 216.0757219503 0.0266984141 0.0016301658
81 0.156370 0.273761 0.000000 2419.0102840928 4.1575015254 1351.9910140256 828.1050529748 234.7352835520 0.0201611764 0.0012708378
82 0.103827 0.224312 0.000000 1814.2366553289 14.4863353031 996.3626646357 627.7955385459 175.4245573349 0.1559262865 0.0116332264
83 0.278104 0.348551 0.000000 9278.1849276922 121.1098812859 4733.8048477685 3237.6219526131 1182.2874971788 3.0971336432 0.2636152064
84 0.043591 0.200609 0.000000 444.3253071281 0.6465243848 248.9052681588 155.7152880882 39.0518507437 0.0060728878 0.0003028794
85 0.165974 0.238604 0.000000 3915.2702153817 48.1274511553 2025.9918479345 1352.8905530900 487.8739443256 0.3647835980 0.0216352846
86 0.294519 0.354760 0.000000 5199.1980985245 46.0081500012 2972.5554198998 1710.8842828986 469.2657752737 0.4583278663 0.0261425895
87 0.269494 0.320788 0.000000 4553.5454993449 0.0634580779 2792.7048772792 1537.6920234531 223.0722926886 0.0119102351 0.0009376227
88 0.144611 0.206573 0.000000 2304.7807548287 0.1228413383 1366.0521708270 821.2522541722 117.3485943200 0.0045219290 0.0003722413
89 0.103010 0.216986 0.000000 1539.1098139218 0.0765828546 962.7269312223 509.5448382247 66.7555199189 0.0055274911 0.0004142124
90 0.068927 0.199575 0.000000 416.8218441908 0.0011235041 290.5003184625 122.9056821465 3.4145270078 0.0001790299 0.0000140460
91 0.149547 0.242627 0.000000 2192.7679249155 0.1695942206 1351.8891986478 789.3345267897 51.3725148084 0.0019315092 0.0001589465
92 0.174388 0.268243 0.000000 2921.0951115789 0.6744238537 1801.2090471239 1007.6140566938 111.5949091226 0.0024648992 0.0002098977
93 0.097567 0.195412 0.000000 1329.5516015898 0.0331310422 830.9869987366 459.7704142312 38.7580910655 0.0027389519 0.0002275666
94 0.051072 0.160551 0.000000 398.7538372715 0.0119533086 273.9640254509 121.1741420101 3.6035785574 0.0001268457 0.0000111072
95 0.266434 0.317706 0.000000 6413.9182257781 29.6086501268 3840.6924077557 2131.8190150803 411.6532579224 0.1351375875 0.0097573092
96 0.122704 0.208236 0.000000 2013.2310389650 0.1238708455 1256.4600334278 674.2822503467 82.3008941486 0.0588845262 0.0051056729
97 0.209447 0.286584 0.000000 4316.4106557216 0.2565860563 2546.7025695323 1502.6948728627 266.6343317328 0.1126526597 0.0096428801
98 0.246755 0.297021 0.000000 4779.5466443747 6.4448757699 2749.3405020331 1642.3697945567 381.2726834748 0.1101341449 0.0086543989
99 0.042373 0.186362 0.000000 192.5335987917 0.0327162603 117.9179973525 68.1702615826 6.4121415940 0.0004424257 0.0000395775
100 0.334201 0.363717 0.000000 6812.7762300635 17.9789705234 4011.7658963575 2333.8657980884 448.9580730593 0.1897245157 0.0177675220
101 0.081361 0.223173 0.000000 806.0603006549 0.7273729211 510.0356315300 268.3139120654 26.9819681439 0.0013021356 0.0001138717
102 0.042443 0.146425 0.000000 511.4372336140 0.2846198409 331.5507329339 166.6493805057 12.9513467089 0.0010579782 0.0000956590
103 0.096205 0.199014 0.000000 1568.2396719347 0.6740210699 956.6223653772 541.8704760288 69.0659417781 0.0063343300 0.0005333536
104 0.051680 0.188993 0.000000 443.0485074679 0.3220579952 290.9272006387 144.9198759954 6.8789657207 0.0003739347 0.0000331953
105 0.125086 0.249771 0.000000 2335.0005865036 0.1537377024 1443.5540627557 799.2345535157 91.9914893261 0.0611585653 0.0055846402
106 0.012010 0.171497 0.000000 0.1224180588 0.0001456220 0.0755967477 0.0418547283 0.0048174705 0.0000032028 0.0000002925
107 0.049719 0.181885 0.000000 435.8467456678 0.0448561814 276.2945642506 150.7171218209 8.7893396541 0.0007932894 0.0000704780
108 0.095835 0.219841 0.000000 2388.0978183342 3.7121362670 1475.4739654541 821.4110409476 87.4905393503 0.0093489542 0.0007873715
109 0.180795 0.303596 0.000000 3316.3597739322 1.4454173601 2006.4227772327 1132.6991162798 175.7480189036 0.0411335739 0.0033105845
110 0.231432 0.253405 0.000000 5909.9431945508 6.2363570784 3369.1899236856 2087.8735873618 446.2601401135 0.3555491641 0.0276371476
111 0.096611 0.221156 0.000000 1166.2250849059 0.7681070415 705.6231551682 387.4019119772 72.4229214734 0.0082781750 0.0007110771
112 0.095682 0.238680 0.000000 1452.4621090865 0.4578763119 844.5705949690 503.9433460729 103.4726713864 0.0164336270 0.0011867318
113 0.177320 0.274491 0.000000 3730.9257770466 46.7798902265 2086.2159903303 1234.5407588554 361.6408439038 1.3302600435 0.4180336921
114 0.072348 0.193299 0.000000 1566.8530326290 3.0857625549 884.7089151134 542.8861869846 136.1429506943 0.0269853452 0.0022319375
115 0.214509 0.316705 0.000000 2798.0189569863 8.3000764498 1727.7337139284 875.0457374073 186.5738824214 0.3256084367 0.0399383468
116 0.059104 0.169311 0.000000 819.3857944926 7.3778722939 484.3510530453 252.4008411863 75.1369915232 0.1098975214 0.0091389245
117 0.128210 0.236728 0.000000 2249.0513332089 6.6324237204 1307.0357895328 725.5610382104 207.0601767443 1.7920133038 0.9698917094
118 0.118289 0.214797 0.000000 2211.6107162766 10.3012765029 1278.9380710993 723.0809963196 198.3756890129 0.7232503197 0.1914330329
119 0.081630 0.200996 0.000000 1694.7854747868 15.5403665922 1003.4842910489 540.1326270146 134.7689416236 0.5140991363 0.3451493728
120 0.134049 0.253841 0.000000 4005.9019426593 21.1985879132 2230.3390895279 1363.0318412104 387.8781602118 2.9208961419 0.5333676694
121 0.089810 0.230710 0.000000 975.6870435752 3.5137007452 624.2578654135 297.3569189080 48.0060784894 1.7336793823 0.8188006490
122 0.130700 0.283464 0.000000 2248.4932413889 11.4310100590 1383.8989671123 728.0941458820 123.6768886140 0.7983865608 0.5938431714
123 0.076178 0.179420 0.000000 1360.7624574462 12.1819028908 772.9114340143 447.5197384679 127.9850387824 0.1514420066 0.0129013206
124 0.093969 0.218341 0.000000 2007.7462209083 15.2730315726 1199.4761158466 647.5203403190 145.2966717187 0.1678584620 0.0122029971
125 0.106719 0.271614 0.000000 1796.3859274341 0.2102136779 1073.1484891029 626.4894205717 96.5063660191 0.0292305423 0.0022075261
126 0.044138 0.201771 0.000000 164.4534402022 0.0054864085 115.4974026798 45.5466586016 3.4034751292 0.0003897747 0.0000276121
127 0.141383 0.276654 0.000000 1543.8867844110 0.0157561634 963.3719737606 543.5604595226 36.9329226404 0.0052562461 0.0004160833
128 0.237191 0.299987 0.000000 3729.1172207442 0.9074145927 2397.3391855948 1221.9417378007 108.9105605103 0.0168724858 0.0014497641
129 0.026315 0.220775 0.000000 40.2575372894 0.0001164191 25.4538419809 13.5521157604 1.2513819975 0.0000756201 0.0000055121
130 0.189348 0.264975 0.000000 3531.6352955309 0.3779978011 2179.0332822529 1233.2496008379 118.8420897813 0.1204434955 0.0118813728
131 0.270485 0.327334 0.000000 3486.2158489717 0.0373798963 2331.2826647556 1096.7545760781 58.1299690522 0.0104258581 0.0008333352
132 0.159097 0.313315 0.000000 1826.7911002387 0.0143936466 1155.5536409717 629.0510682204 42.1685557535 0.0031640336 0.0002776153
133 0.063877 0.212042 0.000000 38.7764156275 0.0060218622 29.7943074747 8.7875592926 0.1885061643 0.0000190947 0.0000017434
134 0.108332 0.268870 0.000000 1746.7713669486 0.2343713336 1098.1896438673 588.5490683999 59.7859670790 0.0112930117 0.0010232587
135 0.228627 0.288141 0.000000 2959.5959142302 0.0368193252 1954.1903793532 939.8000375884 65.5585373278 0.0092864863 0.0008541567
136 0.101169 0.202353 0.000000 720.8402310678 0.0004078995 501.2125287585 216.6215038200 3.0056974539 0.0000861299 0.0000070184
137 0.213913 0.251818 0.000000 2747.4021011010 0.0008210362 1983.5289484595 752.7353781057 11.1363212449 0.0005831715 0.0000491038
138 0.115171 0.203846 0.000000 1167.2516507815 0.0017433643 868.5944920955 294.4959930142 4.1583987074 0.0009361828 0.0000874340
139 0.180799 0.256529 0.000000 1774.3317576234 0.0047712123 1280.1852411350 479.5629466358 14.5751291568 0.0033551258 0.0003143773
140 0.053761 0.169818 0.000000 133.8518244097 0.0008280542 100.9831348186 32.2023642506 0.6653270194 0.0001557135 0.0000145572
141 0.103194 0.233882 0.000000 1265.8172460264 0.0723899513 840.3365911318 407.0740752544 18.3211272712 0.0119360024 0.0011264232
142 0.009502 0.144701 0.000000 0.0589687063 0.0000033724 0.0391474264 0.0189637943 0.0008535047 0.0000005560 0.0000000525
143 0.097008 0.229841 0.000000 829.8792276579 0.0216824167 572.0256076094 247.8842769954 9.9467234718 0.0008572297 0.0000799562
144 0.203525 0.272636 0.000000 3781.3043046884 16.5653311539 2284.2774661550 1258.3648669707 222.0666970805 0.0276340602 0.0023092727
145 0.125465 0.201645 0.000000 2727.0087202125 21.5414510075 1464.7424312304 961.7280787590 278.5110923727 0.4334232026 0.0522436459
146 0.158148 0.283389 0.000000 2939.5148771336 32.7398665191 1643.6868830134 974.9443609719 288.0155459049 0.1200617943 0.0081589243
147 0.308069 0.337360 0.000000 4162.2080781078 6.7208562604 2546.2023546030 1343.8535797075 265.3108143799 0.1112558921 0.0092172714
148 0.181534 0.278803 0.000000 4287.4452233158 28.8659728183 2358.8441584450 1425.8013567526 464.7043791306 6.3129933759 2.9163627965
149 0.174622 0.243051 0.000000 3535.9480564352 27.9122682539 1936.1104586598 1126.3087118459 416.1359837318 16.0062039627 13.4744299830
150 0.345552 0.352231 0.000000 5864.6432683045 38.2359092836 3480.3294802916 1917.5372623257 425.3684046751 1.9966093675 1.1756023668
151 0.114313 0.235619 0.000000 1107.3185812596 0.5112169994 666.1055109700 371.8213405320 68.7058736848 0.1431479909 0.0314910932
152 0.075080 0.231835 0.000000 499.8112060940 0.0719083540 318.9535248503 166.7026454557 14.0804525126 0.0024539678 0.0002209633
153 0.200615 0.280476 0.000000 3873.5741797371 21.7504848708 2173.9864233381 1318.2693241567 355.6890901469 2.4434701438 1.4353870969
154 0.127003 0.258714 0.000000 1998.3239886749 27.6573407476 1087.6160619453 705.6491813728 174.4067175650 1.9794513600 1.0152357011
155 0.193195 0.257584 0.000000 5492.5701927745 73.3072741708 2797.4522049887 1944.1431131055 675.5953587629 1.8987895610 0.1734521879
156 0.045375 0.208746 0.000000 469.2314912032 1.6597374626 280.1712175348 152.3717648004 35.0094793348 0.0182266793 0.0010653923
157 0.090040 0.168026 0.000000 1617.7349301882 14.1597322882 924.3498509101 547.9492907913 131.2109144720 0.0609205624 0.0042211963
158 0.145542 0.289342 0.000000 4133.6418526019 12.3077509702 2427.4297392530 1420.3460875159 272.1735508137 1.2361656630 0.1485584108
159 0.037970 0.164998 0.000000 274.3952691095 0.1536320639 168.2225083215 97.2839859530 8.7338544221 0.0011788238 0.0001095310
160 0.224992 0.296200 0.000000 4446.1512159037 5.4506569783 2744.0234571116 1419.4213357330 277.1006643649 0.1426320845 0.0124696427
161 0.158025 0.286245 0.000000 2251.2553359876 8.9319326194 1383.9297307548 735.9145829836 122.4637783573 0.0140412583 0.0012700245
162 0.103773 0.197894 0.000000 1817.9411355112 8.5937374283 1157.7686362906 574.7450400314 76.8190955152 0.0133866294 0.0012396164
163 0.017324 0.224707 0.000000 0.1599330297 0.0007560508 0.1018549226 0.0505628711 0.0067579015 0.0000011777 0.0000001091
164 0.123932 0.230004 0.000000 2139.5646772249 6.3603991197 1319.4739137207 702.4566758279 111.1606446653 0.1031322422 0.0099116587
165 0.169407 0.292366 0.000000 1869.7454054095 7.7664537471 1229.8543888708 582.0776048944 50.0357199492 0.0102805283 0.0009574383
166 0.177906 0.256923 0.000000 2219.9224385938 0.3206222654 1372.0883582255 764.3341742127 83.1761463547 0.0029969474 0.0001406111
167 0.046572 0.176151 0.000000 208.2770022672 0.0380068300 146.8164804744 56.4566395587 4.9657041674 0.0001598370 0.0000114128
168 0.245903 0.304859 0.000000 4188.5426537675 5.7156906534 2656.2609073898 1363.9013723130 162.5939010370 0.0657683414 0.0050140455
169 0.171735 0.236835 0.000000 2422.9570049977 0.0151793217 1596.0255440496 782.1395823342 44.7716690477 0.0046218207 0.0004084373
170 0.120056 0.207257 0.000000 1540.2264626389 0.4223388490 1006.0256369510 484.9556795182 48.8148656521 0.0072801094 0.0006615661
171 0.043707 0.215235 0.000000 278.6554620310 0.4077007871 212.1965922611 61.9452897822 4.1050002766 0.0008040732 0.0000748490
172 0.097986 0.232333 0.000000 1244.5327793482 0.2778413860 766.0078398624 440.6519451412 37.5907808242 0.0040107035 0.0003614363
173 0.067876 0.189954 0.000000 1130.3417159752 0.2990845844 697.6501101239 380.1967242126 52.1939132106 0.0017371286 0.0001467161
174 0.122823 0.223877 0.000000 1910.7889777448 6.7023522800 1175.5908084164 629.9403945401 98.5420844786 0.0122707548 0.0010672779
175 0.132728 0.243564 0.000000 3310.7056217836 19.5810464752 1722.7975530158 1187.6889531064 380.5799252975 0.0542414471 0.0039024469
176 0.098194 0.217085 0.000000 2140.6623345927 0.7331113379 1108.7424804585 793.2550919160 237.8966443254 0.0326776961 0.0023288685
177 0.169621 0.255127 0.000000 3533.5351726435 8.6809200081 1954.8390472892 1326.3363509719 243.6144884208 0.0598854328 0.0044805366
178 0.093206 0.177957 0.000000 1126.1874996849 0.0282151175 647.9573539550 400.6976623894 77.5027118570 0.0014465874 0.0001097895
179 0.173914 0.291964 0.000000 3030.0952858077 2.6617507222 1802.7551653210 1047.6476823261 177.0220429285 0.0080764910 0.0005680192
180 0.183233 0.252793 0.000000 2900.2693683993 1.7263660967 1740.7589068278 1001.4684500304 156.3035293498 0.0111335743 0.0009825329
181 0.078603 0.221466 0.000000 867.9529772374 0.0284230013 547.4347591341 299.3795604905 21.1067860258 0.0031664730 0.0002821266
182 0.115591 0.235600 0.000000 1417.3758198157 2.2151281707 928.9618316094 450.9123048727 35.2713159437 0.0140059950 0.0012332287
183 0.090800 0.241515 0.000000 1235.4316891470 0.0608166164 765.4862553408 422.1309334432 47.7501903941 0.0032119487 0.0002814074
184 0.145015 0.261157 0.000000 2392.0807454222 0.4704402553 1496.7868123416 801.6948129415 93.1135533201 0.0138919646 0.0012346135
185 0.049179 0.192290 0.000000 149.3527730940 0.0071866699 104.0726751696 40.9946580088 4.2780665011 0.0001717137 0.0000150355
186 0.107108 0.245322 0.000000 2198.9010027870 14.0761407407 1276.7377803964 737.8659199744 170.0852011572 0.1258301105 0.0101304092
187 0.012479 0.144125 0.000000 0.0014478519 0.0000116819 0.0008392560 0.0004850327 0.0001118049 0.0000000827 0.0000000067
188 0.129181 0.253121 0.000000 2082.9729349560 9.3710685990 1249.6779578885 678.0911715718 145.2726110258 0.4959160931 0.0642097882
189 0.036278 0.230034 0.000000 0.4796353583 0.0008741021 0.3532829535 0.1117509051 0.0136751491 0.0000462603 0.0000059891
190 0.052446 0.134757 0.000000 665.3775220717 0.0016766852 437.6117237308 215.3657772869 12.3965445472 0.0016869350 0.0001128881
191 0.174866 0.267046 0.000000 2457.5771130120 0.0043177284 1506.3535822398 865.0093542545 86.2069964818 0.0026775637 0.0001847482
192 0.061009 0.213506 0.000000 1152.5882389494 3.4288536016 687.6970905183 395.5385253912 65.9167031379 0.0065924750 0.0004738555
193 0.291899 0.339993 0.000000 4202.2245217809 12.5738757971 2548.9494978020 1449.1190788033 191.5728458165 0.0086622883 0.0005612863
194 0.279153 0.338681 0.000000 4798.8363972666 3.0056297156 2871.8847978576 1608.1312227211 315.7904382267 0.0226041609 0.0017045942
195 0.186250 0.284196 0.000000 4834.0170145580 19.2431064369 2811.1357646347 1601.7621859157 401.5536464381 0.3014965111 0.0208146270
196 0.128473 0.272914 0.000000 6000.3308910190 47.0925142654 3065.9413783952 2101.1288535717 771.5944152538 11.5831768065 2.9905527286
197 0.206027 0.269319 0.000000 3777.4368178601 48.0725175023 2117.9756500432 1233.4266454680 376.2436174011 1.5280543886 0.1903330643
198 0.127706 0.233908 0.000000 2012.7595735638 63.3904110561 1080.4082245787 640.7085973739 224.2603277757 2.8867224058 1.1052903822
199 0.082320 0.251038 0.000000 586.4110599216 0.7453084751 382.7674141103 175.3355289326 27.5328026511 0.0266539240 0.0033518375
200 0.077250 0.221128 0.000000 1074.9607030080 3.4762043192 648.8655670089 356.6204294418 65.9341632945 0.0592466539 0.0050923005
201 0.059509 0.211843 0.000000 517.3574663516 0.0073446880 353.6051198641 151.4039101772 12.3374149072 0.0033735019 0.0003032270
202 0.112091 0.273936 0.000000 1370.1637166677 0.0027773494 842.9876997342 449.4982771225 77.6484503976 0.0248759629 0.0016360991
203 0.115387 0.223601 0.000000 1738.5841323692 0.0737285855 1038.1586601795 570.4886077596 129.8522697557 0.0102849474 0.0005811394
204 0.083497 0.222951 0.000000 963.1368257112 0.0788875313 600.1166327336 295.0579186990 67.6993910642 0.1604288734 0.0235668073
205 0.145010 0.262935 0.000000 1520.8262701948 1.5829186049 1025.7229272838 442.9300099992 50.3170665922 0.2233711800 0.0499765470
206 0.096255 0.215622 0.000000 590.5836543457 0.0059304842 392.7570967340 185.0922394136 12.7251175986 0.0030364929 0.0002336385
207 0.022817 0.227254 0.000000 0.0612933125 0.0036678662 0.0383231521 0.0180603436 0.0012416386 0.0000002961 0.0000000228
208 0.176916 0.241739 0.000000 4996.3204355344 2.2243291811 2887.5612868227 1796.6928896016 309.2751279287 0.4953026214 0.0714993890
209 0.013244 0.128077 0.000000 0.1827822090 0.0000958315 0.1077312628 0.0644870527 0.0104489424 0.0000167243 0.0000024142
210 0.078663 0.177063 0.000000 1306.1806793115 0.0034871473 771.0371648413 488.8582043473 46.2802608902 0.0014840526 0.0000780401
211 0.069543 0.182821 0.000000 1171.7563233401 0.0042713061 704.9586122852 426.3291016091 40.4564464183 0.0074600246 0.0004317057
212 0.066541 0.229848 0.000000 1426.5796119417 0.0227844568 817.8790350025 537.5060261888 71.1402018871 0.0297634896 0.0018009212
213 0.318746 0.381050 0.000000 4437.6631883655 0.1048457686 2777.0132664754 1529.7197951538 130.8120616593 0.0124086701 0.0008106522
214 0.109008 0.234372 0.000000 1239.0856478977 0.0038794973 831.5030788974 387.0612246077 20.5153201724 0.0019774152 0.0001673121
215 0.221414 0.247651 0.000000 2905.8872342453 0.1245797283 1862.8835434732 976.0215403653 66.8521167576 0.0050273024 0.0004266284
216 0.117163 0.195578 0.000000 1668.4499602386 2.1373477429 1004.7809786468 572.7355819571 88.7880901399 0.0073529708 0.0006087798
217 0.020768 0.220299 0.000000 0.1842737310 0.0003231491 0.1118276218 0.0625732975 0.0095488180 0.0000007905 0.0000000654
218 0.084002 0.235340 0.000000 867.7571248952 0.1001907255 542.5638100815 286.5938539806 38.4947455359 0.0041925811 0.0003319978
219 0.160068 0.264262 0.000000 1420.3775141339 0.0091441423 916.2466828766 463.6396720977 40.4803412631 0.0015476429 0.0001261172
220 0.226450 0.293612 0.000000 3360.6918847146 0.8591695708 2158.8490905538 1075.4253702956 125.5456190581 0.0116070679 0.0010281753
221 0.153691 0.249226 0.000000 862.8011195787 0.0191000246 571.0687695126 280.9571414680 10.7558253555 0.0002607493 0.0000224744
222 0.141627 0.208976 0.000000 2657.3505640049 2.1013326143 1625.3377656782 922.2979198299 107.6048395533 0.0080068752 0.0006994735
223 0.117157 0.285249 0.000000 869.8139344873 1.5260179027 548.6005841333 291.4560929401 28.2301112538 0.0010372388 0.0000910375
224 0.096683 0.232101 0.000000 398.3265453837 0.0063008011 294.7656967825 101.3175232647 2.2368474823 0.0001626339 0.0000144262
225 0.078635 0.236428 0.000000 731.2249487782 0.0032408310 479.0931360557 241.6902214304 10.4374068753 0.0008670522 0.0000765341
226 0.169433 0.256914 0.000000 1724.5467888557 0.3566303308 1188.0222787213 522.1350317052 14.0308540835 0.0018261093 0.0001679188
227 0.020670 0.233194 0.000000 0.0058419895 0.0000012172 0.0040244841 0.0017687569 0.0000475300 0.0000000062 0.0000000006
228 0.046912 0.163076 0.000000 112.3889383935 0.0052918723 83.9760805839 28.1681482003 0.2393796004 0.0000349132 0.0000032291
229 0.017687 0.184640 0.000000 0.0109789911 0.0000007022 0.0082032764 0.0027516300 0.0000233840 0.0000000034 0.0000000003
230 0.119527 0.244083 0.000000 1229.1074678600 0.0495645153 797.9431268177 419.4783706769 11.6358453131 0.0005143041 0.0000462448
231 0.112203 0.251852 0.000000 921.3399793520 0.0926434997 599.1310289065 307.0742995706 15.0410669813 0.0008633174 0.0000770818
232 0.060522 0.230075 0.000000 294.8537314299 0.0070888633 229.5405243046 64.4753405564 0.8306959906 0.0000748639 0.0000068666
233 0.118731 0.212187 0.000000 1825.2098431418 0.1736362853 1238.3569464006 571.8642095594 14.8126643657 0.0021855370 0.0002010009
234 0.237969 0.300242 0.000000 2806.0418555109 0.0305588657 1932.3652016070 849.9970832543 23.6454431895 0.0032682453 0.0003003723
235 0.102993 0.221363 0.000000 1061.5452281483 0.6493223347 697.4493754854 347.8766187616 15.5676055110 0.0021098451 0.0001962145
236 0.207861 0.295347 0.000000 1782.7078775037 0.1645407480 1163.5409907502 596.3567245079 22.6373029803 0.0076129133 0.0007056129
237 0.067884 0.228924 0.000000 59.1562991478 0.0028846291 43.8773340744 15.1112071366 0.1648401970 0.0000302811 0.0000028397
238 0.046065 0.194868 0.000000 473.8495097090 0.0024162158 344.4670117035 124.0197921233 5.3602623093 0.0000252302 0.0000021542
239 0.216587 0.320614 0.000000 2262.7888578756 0.0040771579 1499.7348019253 724.9069250088 38.1377750531 0.0048672599 0.0004114775
240 0.108066 0.253036 0.000000 1111.3168744701 0.0058034117 724.9439310236 356.1831213813 30.1836710085 0.0003223212 0.0000253284
241 0.069229 0.193969 0.000000 91.8813193305 0.0002036828 66.0383817099 25.1957252444 0.6469913915 0.0000158998 0.0000013961
242 0.321515 0.331023 0.000000 3707.2647429070 3.3373578324 2400.9114333851 1144.3230175400 158.6814366977 0.0100347149 0.0014627469
243 0.138065 0.198096 0.000000 1748.3419330323 2.7983667396 1128.4752442587 547.4880264864 69.5738719459 0.0059656513 0.0004579602
244 0.046084 0.202627 0.000000 302.8337584869 0.0267992487 207.9465275986 89.7596342835 5.1004492482 0.0003198308 0.0000282771
245 0.127398 0.279022 0.000000 1996.6036905530 0.4712013027 1187.9139860073 714.0498889464 94.1638459020 0.0044145685 0.0003538651
246 0.144361 0.222314 0.000000 1832.3223387300 0.0057132854 1120.5461316711 653.2307469752 58.5379161422 0.0017015917 0.0001290826
247 0.059302 0.210357 0.000000 539.4947580694 0.0001770175 335.4636911411 184.6661165434 19.3645942153 0.0001662010 0.0000129527
248 0.056699 0.215990 0.000000 745.2222411905 0.0014951094 461.2819549237 254.2427880673 29.6955140910 0.0004512559 0.0000377630
249 0.168975 0.264376 0.000000 1845.8939287974 0.0157861520 1222.1368021829 558.2836284162 65.4570892700 0.0005808900 0.0000418871
250 0.237851 0.343763 0.000000 4821.2642802541 0.3137301499 2864.7123040606 1689.5388458928 266.6355738250 0.0590637574 0.0047625922
251 0.088040 0.245290 0.000000 817.4036607246 0.0042822574 497.5175194193 283.0466961503 36.8346044897 0.0005250528 0.0000333667
252 0.110520 0.201674 0.000000 821.1469610927 0.0010787238 533.0378107576 260.7599583484 27.3471603677 0.0008885501 0.0000643595
253 0.181962 0.307274 0.000000 1395.6052709446 0.0139561590 881.0446166870 463.7738243831 50.7703442924 0.0023400202 0.0001894129
254 0.071043 0.182735 0.000000 1012.8756101996 0.0013048981 623.6664277418 338.7687626812 50.4361390269 0.0027977719 0.0001780694
255 0.083943 0.244208 0.000000 445.4858166362 0.0584922509 289.1988195995 136.7440094435 19.4839479925 0.0005080164 0.0000393660
256 0.122008 0.235218 0.000000 1312.3521879714 0.2769005526 908.5754828911 382.2434094667 21.2548848058 0.0013891504 0.0001211293
257 0.181809 0.248460 0.000000 3460.4733683981 0.1792154030 2024.0062991908 1201.4774577115 234.5597577957 0.2279351343 0.0227031796
258 0.173551 0.275840 0.000000 3637.8939836039 0.1312317531 2038.1571023027 1289.8488649175 309.5582373873 0.1829169142 0.0156303360
259 0.165043 0.260840 0.000000 2396.5010005908 2.5472772287 1446.0485985115 785.0683848123 162.7691268445 0.0635316177 0.0040816050
260 0.094159 0.231320 0.000000 1054.6838765089 6.0110392064 569.1408027266 368.6227661539 110.8920307216 0.0161244471 0.0011132823
261 0.054045 0.217413 0.000000 1002.1765346362 7.9056266065 521.8665216004 342.4977293413 129.8804397016 0.0238415887 0.0023758413
262 0.244162 0.290947 0.000000 3536.2426079516 20.9663838190 2061.7817058506 1119.7037978867 333.5901764208 0.1851170156 0.0154269459
263 0.058726 0.224447 0.000000 839.7199234911 3.6760043553 495.0000569018 299.1884155413 41.8258137905 0.0275685044 0.0020644005
264 0.097395 0.252190 0.000000 1983.3312880674 1.0413032864 1172.1841886168 680.9291737986 128.9175766516 0.2384466454 0.0205990890
265 0.295291 0.315361 0.000000 4309.3711392817 3.0652926355 2644.4629232818 1416.4409417892 245.3629004950 0.0361046648 0.0029764295
266 0.208541 0.304172 0.000000 4842.3502541290 37.3791886191 2523.0386988630 1632.9301695979 648.3068122441 0.6387053589 0.0566794416
267 0.134656 0.241644 0.000000 1940.2204598212 2.4720914847 1115.9041847953 657.1525587743 164.6365855623 0.0525203687 0.0025188474
268 0.072799 0.199050 0.000000 759.5833211250 0.0138025290 443.5725945340 256.8117755731 59.1669360590 0.0170398964 0.0011725504
269 0.136734 0.285140 0.000000 2150.4060709047 27.1958805703 1116.5230216105 730.0611398971 276.3113764329 0.2747243838 0.0399280581
270 0.149259 0.269919 0.000000 4621.4931971082 110.3376776731 2447.0202133083 1503.9567246740 558.3713553786 1.6884772238 0.1187488648
271 0.054355 0.180967 0.000000 427.9473656892 0.0244905097 239.4418138873 155.9309532352 32.4886133445 0.0576796004 0.0038151237
272 0.088928 0.250446 0.000000 1494.0778441514 0.4179246077 807.8938422009 564.4330276054 121.2245892649 0.1013560030 0.0071044909
273 0.111440 0.243058 0.000000 2207.0010391457 3.6011642200 1215.2279556363 741.7767177054 246.3060275264 0.0826057677 0.0065683102
274 0.169794 0.294186 0.000000 2960.2144304911 0.5233023692 1697.4536667233 1081.6269640904 180.5579900878 0.0484452038 0.0040620459
275 0.262087 0.354719 0.000000 8446.1722005259 3.9285104975 4575.6521867588 3146.8290166782 719.5810931618 0.1675853147 0.0138081365
276 0.112656 0.234310 0.000000 1511.0569029602 1.7119146383 865.3604547000 506.1144293558 137.8310392150 0.0369840091 0.0020810621
277 0.151923 0.229320 0.000000 2657.0001130952 4.7609842485 1542.1111211725 899.1452561742 210.9688010775 0.0133729466 0.0005774894
278 0.103198 0.240690 0.000000 1437.4912881309 3.6054948685 828.7218884066 501.1850030618 103.9719731413 0.0065878561 0.0003407984
279 0.006339 0.115908 0.000000 0.1504848443 0.0003774843 0.0867553407 0.0524669633 0.0108843515 0.0000006897 0.0000000357
280 0.079405 0.219655 0.000000 643.6156444572 0.2344671369 387.8196343082 220.6242173424 34.9326926287 0.0043791500 0.0002539227
281 0.036037 0.226094 0.000000 116.3039141283 0.0003853962 80.7186580170 32.6867145605 2.8980110276 0.0001369137 0.0000082311
282 0.026682 0.156867 0.000000 5.2266676540 0.0000009969 4.1561010685 1.0545636405 0.0160010453 0.0000008424 0.0000000717
283 0.140097 0.248494 0.000000 1721.6362385723 0.1146059151 1095.3335618164 547.3491129727 78.8330875492 0.0055172986 0.0003530353
284 0.074899 0.190650 0.000000 728.9549495011 0.0072172866 432.2551131806 268.6554205457 28.0356625056 0.0014475360 0.0000884529
285 0.016325 0.224645 0.000000 0.0022851657 0.0000000265 0.0013550292 0.0008422260 0.0000878832 0.0000000045 0.0000000003
286 0.212924 0.257295 0.000000 4711.2336252888 1.0745840091 2676.9647626287 1721.0848798406 312.0563899729 0.0500871875 0.0029216581
287 0.156396 0.245042 0.000000 2040.0265919679 1.2387618581 1170.0961011346 722.2644688438 146.4191941066 0.0076484130 0.0004176851
288 0.108531 0.240736 0.000000 2204.0143583397 13.2684396004 1265.0138251954 749.4641660454 176.2431719162 0.0233202271 0.0014353835
289 0.346682 0.385004 0.000000 6795.0797240428 45.3375478734 3756.1899447536 2371.3031388868 621.8202123481 0.4023446256 0.0265355679
290 0.091049 0.179881 0.000000 595.3957490093 0.0551290021 354.2330183913 222.5987883171 18.5078795185 0.0008694607 0.0000643109
291 0.208811 0.302982 0.000000 2676.0581080179 0.3599909645 1692.9137694982 897.2668428430 85.5108017657 0.0062010648 0.0005018973
292 0.117461 0.228960 0.000000 1614.0415133773 0.0032192515 980.7197156039 554.2942246589 79.0116342421 0.0118479608 0.0008716631
293 0.120051 0.236488 0.000000 1860.2673114684 0.0059962100 1103.8324869594 656.4251775549 99.9907668470 0.0119464739 0.0009374589
294 0.091128 0.254560 0.000000 1360.5392999131 0.4699400787 802.4481801732 481.7858797306 75.8213046454 0.0128789786 0.0011163305
295 0.047643 0.217553 0.000000 277.1244779517 0.0004204434 169.0063763372 98.5477271078 9.5694021257 0.0005072434 0.0000447115
296 0.145315 0.247984 0.000000 1628.6495249106 0.0115482590 1065.9183514010 505.3627055168 57.3442367014 0.0116294894 0.0010535739
297 0.085157 0.207747 0.000000 1825.2727486109 0.0019620702 1074.0518684684 682.8249395345 68.3707085199 0.0213400446 0.0019299801
298 0.153770 0.216299 0.000000 1931.9952257754 0.0004366692 1184.7021625446 699.5805185755 47.7087134015 0.0031213525 0.0002732513
299 0.113672 0.218648 0.000000 1406.2728822650 0.0026915687 927.5779998080 455.4447907252 23.2451399493 0.0020778687 0.0001823627
300 0.207743 0.295902 0.000000 3255.1705614577 0.0244536717 2060.4550325774 1091.5489754270 103.1172911483 0.0228055444 0.0020031123
