1 1.325399 1.297752 0.000000 69572.3136669189 1242.1373201304 36868.0675356670 22850.0575199553 8451.6064784675 115.4361237910 45.0086889103
2 1.487711 1.444527 0.000000 90616.5544120726 1407.6686997357 47584.9992804348 29928.3061450161 11599.3089490830 87.8422901660 8.4290476480
3 1.319358 1.331611 0.000000 69613.5992600587 985.9090702161 37470.7725705720 23171.2751448585 7935.8243334662 44.7817123924 5.0364285696
4 1.182188 1.221443 0.000000 57857.8985038560 562.8291025014 31457.6232542404 19255.1667115639 6535.1037095378 41.1569670347 6.0187589997
5 1.395452 1.404149 0.000000 68428.9023949153 847.6769135166 36265.8342286436 22875.2382499856 8409.7844898032 27.7730557205 2.5954572790
6 1.117737 1.163459 0.000000 52697.3333356790 436.2709841461 28000.5992103802 17780.2341004665 6463.6762469698 14.8258340417 1.7269596995
7 1.382060 1.383448 0.000000 75721.2289209833 371.2863887709 41584.9835105506 25797.9431197427 7916.9056682044 42.2044165056 7.9058172639
8 1.372340 1.323697 0.000000 85212.1004360514 497.4816223862 43828.4242819036 29538.7522368736 11311.7833326636 32.2805418935 3.3784203829
9 1.340331 1.367201 0.000000 64491.4458856441 676.5449200998 35021.5242142330 21617.7645028269 7129.9698301071 40.9651625252 4.6772559270
10 1.047712 1.080587 0.000000 36515.7060368260 52.0999523638 21503.2383712752 12280.7035743473 2665.9313683864 11.6945492099 2.0382213469
11 1.301731 1.288702 0.000000 55736.7270944960 179.6926776203 31779.1732521944 18957.2495438028 4812.0058365294 7.9456101216 0.6601742543
12 1.183643 1.141688 0.000000 47437.5849528106 201.8654808113 27677.3303728736 15685.9056011927 3866.0800371787 5.8633671121 0.5400936997
13 1.379501 1.336052 0.000000 53369.8656269874 182.5852230372 31557.8771332774 17893.8135705938 3731.2265374553 4.0152876933 0.3478750458
14 0.941656 0.957069 0.000000 24684.0703095796 33.8618190371 15437.9513066094 7951.8059108944 1259.6828785657 0.7196226062 0.0487718838
15 1.253254 1.227962 0.000000 45219.5911599403 367.2497808050 26778.0153941298 14398.4710153234 3653.8709456033 18.9102026796 3.0738214483
16 0.995950 1.057346 0.000000 33071.0605073399 100.9090567677 19481.2912421206 10846.9029454850 2635.3192193646 5.9609842854 0.6770593632
17 1.313036 1.270557 0.000000 44738.9335088373 76.8664687258 25966.7587980061 15357.3356507814 3333.8126816005 3.8349158096 0.3249940214
18 1.507646 1.434141 0.000000 63316.2565927810 292.7854388315 36032.1383306890 21604.2342764231 5378.4600685930 8.0925436957 0.5459346092
19 1.461684 1.409588 0.000000 57216.6311443048 240.6051974288 32260.4983831484 19399.5248335199 5302.5049302741 12.4184704113 1.0793297840
20 1.039315 1.118903 0.000000 35765.3914022647 117.1724225067 21147.8875826544 11910.8100140842 2583.7518660151 5.2680326325 0.5014845419
21 1.401329 1.313485 0.000000 60504.7255474598 294.4409766219 34401.3926373347 20370.0811945610 5423.2186403534 14.6873261400 0.9047726755
22 1.555660 1.467774 0.000000 67873.8819385507 664.2028847112 39003.3331271734 22691.9670707722 5489.8935560526 22.5386251334 1.9466750406
23 1.865504 1.803017 0.000000 97356.0627740330 979.8342206211 49942.6537536292 32982.3849074857 13333.7578793018 97.7348892758 19.6971239608
24 1.269569 1.251377 0.000000 44646.1405935035 65.7092182859 25412.6701304773 15170.4681057862 3993.8381299468 3.0822608804 0.3727482743
25 1.411450 1.424173 0.000000 45924.6561132330 83.9253756613 28562.8817272320 14613.0622903317 2656.6485766960 6.7698832325 1.3682603641
26 1.260179 1.258039 0.000000 40046.0991191962 235.7791799187 24492.5441592660 12627.6690126852 2671.3320991415 15.1028899694 3.6717782938
27 1.058230 1.096712 0.000000 29181.4773643264 5.3483343631 18032.7702038362 9722.8987630575 1418.7387275672 1.5435125545 0.1778231356
28 1.196342 1.238429 0.000000 34140.1364766190 55.9214348404 21421.2190479543 10889.6709011292 1771.0422791645 2.1782520519 0.1045617198
29 1.148337 1.151621 0.000000 36570.3342451178 322.5567248294 21340.4899434545 11660.7582026437 3237.9390938403 7.8610355211 0.7292449051
30 1.413656 1.351424 0.000000 64130.4275511695 1231.5334330823 34358.7337977840 20518.8606075974 7920.2969851450 86.5191372540 14.4835904178
31 1.354905 1.301697 0.000000 65093.7382278717 472.6487537060 34893.8825093396 21326.6870857325 8353.8484930384 40.6549071722 6.0164791301
32 1.048418 1.139504 0.000000 38174.6911079084 226.8994959873 21420.9334942455 13117.3575327230 3400.6803965920 8.1365309027 0.6836576283
33 1.509722 1.488359 0.000000 67369.6843348596 42.4377082308 38857.3891956015 23529.4250778709 4938.0600440752 2.2934855634 0.0788236875
34 1.295531 1.328846 0.000000 39982.1590421714 25.8070345801 24100.8945722024 13557.5612710807 2296.6589670055 1.1442238836 0.0929737693
35 1.197765 1.179645 0.000000 35654.1925550388 148.0875617028 22630.9766852030 11333.1694856294 1540.8398079726 1.0361596955 0.0828549958
36 1.038431 1.098892 0.000000 31822.3285426235 8.0479507759 19622.7277224911 10510.3966079188 1680.2642742639 0.8577805179 0.0342068861
37 1.161239 1.171780 0.000000 36480.8320882036 79.3621423727 21632.0966086234 12140.3322940254 2620.4998014399 7.8111286444 0.7301131892
38 1.327005 1.329567 0.000000 47010.8017984686 53.4345125979 27778.9009308182 15653.0982645752 3518.9310050284 6.0493784401 0.3877072305
39 1.567374 1.535614 0.000000 65230.9785034100 84.1648013834 37444.9857589335 21832.6816626799 5853.3726909789 14.2682824459 1.5053072239
40 1.531158 1.492822 0.000000 67782.9109445071 155.5585848960 38562.1472180557 23199.1004079108 5851.7356532516 12.9084949364 1.4605857336
41 1.317814 1.340135 0.000000 41143.2665384481 219.8091657953 24446.4510175602 13436.5433498676 3033.6965250389 5.8559150221 0.9105656147
42 1.219868 1.201685 0.000000 30622.1406543789 3.1674535517 19963.0761248117 9869.1957897819 786.3423506278 0.3488177824 0.0101184451
43 1.006966 1.039661 0.000000 21018.4146413483 0.0477873153 14130.0663629294 6518.1959540233 370.0827460578 0.0204702637 0.0013210999
44 1.204508 1.238311 0.000000 36696.3764208089 184.0774449880 23491.4799377313 11546.9825999229 1460.1970036189 10.8586704071 2.7807646483
45 1.450353 1.311943 0.000000 48868.3811013809 45.9967617316 30314.2547141917 15617.2237234051 2877.9675290159 11.4315247979 1.5068488539
46 1.362658 1.253674 0.000000 35009.1923035737 3.9170362609 22597.6887966650 11054.7583428117 1351.7163926742 1.0154949812 0.0962406572
47 1.272747 1.381568 0.000000 36833.9894502069 24.1327538889 23092.5166292499 11887.2511565647 1828.5579783846 1.3649896394 0.1659431067
48 1.197684 1.260910 0.000000 29983.6038227356 4.8975016643 18817.3044898542 9595.1544214710 1565.5000633344 0.7111959857 0.0361508588
49 1.168563 1.179992 0.000000 27331.6945254829 46.3479366789 17425.4900652690 8587.0062592520 1271.7934388702 0.9785497259 0.0782760191
50 1.086124 1.058205 0.000000 23710.1596472959 3.4099810581 15903.9694064040 7472.0470235798 330.7096852105 0.0220483118 0.0015030894
51 1.376315 1.342805 0.000000 38526.8776877632 0.1590873603 25557.6567693741 12178.7177578019 790.1399011293 0.1875929631 0.0165794742
52 1.224189 1.147758 0.000000 23426.2788870925 3.0428627984 16424.7975501135 6742.7273125787 255.6749175583 0.0334672715 0.0027771981
53 1.160687 1.118452 0.000000 29122.6847582106 286.4137027935 19000.3601047443 8935.7034089649 898.6007902987 1.4769463590 0.1298058373
54 1.166381 1.259880 0.000000 29047.5499532262 4.1634877450 19032.5870737396 9249.5292676255 760.5646937756 0.6433542596 0.0620766673
55 0.915194 0.955937 0.000000 19641.6485589384 0.0082892547 13068.5278312268 6223.9248596601 349.1118073601 0.0701332947 0.0056385930
56 1.216072 1.152431 0.000000 32406.7188903588 0.0097868790 20593.7753923810 10756.8615230690 1055.9095744665 0.1500721550 0.0125421889
57 1.077926 1.056407 0.000000 32187.2827585276 53.8505974668 19544.5523474230 10539.4371524248 2045.7764845749 3.3601329406 0.3060443456
58 1.307233 1.300703 0.000000 44837.0339755346 157.9400262775 26028.8951020919 15154.2835023762 3480.4539455639 13.1030793211 2.3583202637
59 1.266887 1.301590 0.000000 37222.3512731601 46.7707403913 22195.8166070499 12596.0364811739 2381.8799128265 1.7087715123 0.1387606401
60 1.482135 1.492769 0.000000 45621.4865611413 0.3965044780 27931.8901659765 15425.2170394575 2262.7161528478 1.1732726886 0.0934263535
61 1.432386 1.418939 0.000000 36164.7164409698 21.6177210189 23517.3488547258 11462.0509109629 1163.3663982475 0.3179008652 0.0146557495
62 1.342540 1.247825 0.000000 43144.8770767165 35.7769911056 26114.1150488483 14590.0594938654 2402.4400511263 2.3636713263 0.1218211056
63 1.279465 1.181740 0.000000 45196.1244604540 0.1855334829 26336.7542519178 16164.5601783374 2693.7145095693 0.8401552485 0.0698323770
64 1.607625 1.495213 0.000000 64346.2292723327 84.7727603001 37480.7585431508 22096.6540437624 4679.0636981025 4.5600127519 0.4202151500
65 1.317035 1.223593 0.000000 37186.7312253665 194.7857072116 22265.2670610616 11894.5129731605 2824.3351610118 7.5265264628 0.3037973685
66 0.990842 1.104513 0.000000 29416.0869103706 1.3865961816 18310.5333537317 9775.8037666134 1325.8230952749 2.2231980769 0.3169007592
67 1.290809 1.307686 0.000000 28742.8569147789 0.2970209837 18535.3865007085 9300.5979166860 906.3672003159 0.1934705506 0.0148060979
68 1.043214 1.035849 0.000000 17313.8987083220 0.1632664209 12176.1670037492 4898.7578857377 238.7678426684 0.0394142870 0.0032959162
69 1.353820 1.300847 0.000000 33454.8268919679 0.9291921036 21924.7045864603 10811.9877554044 717.1585244225 0.0436627369 0.0031713072
70 1.030726 1.107133 0.000000 20486.7041919790 0.6609092569 14224.8531415494 6052.5977719145 208.5788891286 0.0124413173 0.0010392824
71 1.269878 1.247889 0.000000 29407.7118874923 3.3223801864 19102.3336537459 9223.2968486018 1078.5522983347 0.1925275605 0.0141793430
72 1.495917 1.428563 0.000000 37442.1829988884 2.8360702059 24955.8638832980 11702.9952039278 780.2112589328 0.2519137373 0.0246690297
73 1.075129 1.131735 0.000000 23840.5957950418 6.2867313808 15647.1759069618 7371.3331345119 815.2304538765 0.5208036886 0.0487649937
74 1.472431 1.390016 0.000000 34918.4516444284 0.7963787458 22759.0342582303 11166.7445089552 991.3025819930 0.5442470018 0.0296702868
75 1.179846 1.222541 0.000000 34812.0055253271 316.2947568725 20819.6123450689 10752.2669347485 2900.1380593235 19.2657496833 4.4276800822
76 1.185663 1.180128 0.000000 29443.0359090457 162.4690776169 18100.7283505360 8758.8242294268 2400.7340013236 17.4756991171 2.8045512844
77 1.138753 1.233629 0.000000 32626.6266276546 142.1225774858 19566.2734385636 10649.5331920964 2252.7308330612 14.3334062053 1.6331807153
78 1.257602 1.301187 0.000000 36694.6570096755 0.3949621812 23454.6283686490 11956.6947270064 1282.4118249247 0.4878713374 0.0392562960
79 1.116950 1.165696 0.000000 23466.1618215521 0.0813583250 15847.5777247417 7212.6372489002 405.8310199684 0.0324716920 0.0019984126
80 1.026894 1.075828 0.000000 26013.1640534958 0.0546536883 16508.0735009660 8696.1258382251 808.8702607568 0.0374373460 0.0023629268
81 1.386175 1.437305 0.000000 41335.6761254086 15.8022553857 25925.4066464819 13485.8582048426 1908.4867036123 0.1147221157 0.0075933293
82 1.418539 1.321413 0.000000 38637.0492587333 24.9270798887 24414.8745002466 12631.0812367024 1565.1093164948 0.9134781710 0.1436474854
83 1.755282 1.508329 0.000000 55779.9642996647 381.0184127521 34037.7727006695 17441.8536207297 3899.4852001766 17.1987375440 2.6356280700
84 1.048694 0.982738 0.000000 22018.7843022244 48.0146127314 14352.7649500502 6485.2385968942 1120.3382400958 9.2407495740 3.1871532932
85 1.299211 1.254412 0.000000 34796.9309507384 24.9432840009 23228.8619811407 10687.1065631370 855.7645030159 0.2476342876 0.0069860043
86 1.049197 1.111639 0.000000 20454.6893051489 0.4726304473 14107.5025578619 6147.1844039237 199.5046473323 0.0234005094 0.0016655822
87 1.112914 1.140558 0.000000 28756.4103163226 1.0682371430 18822.8102150964 9471.9563901416 460.5319998449 0.0406719292 0.0028024486
88 1.398505 1.390056 0.000000 32561.9038491283 0.5353891796 21994.6917560774 10092.9822912286 473.6301171900 0.0593111951 0.0049848739
89 1.397941 1.296844 0.000000 43147.5731071650 134.3265714793 27017.4472493582 14215.7753694507 1778.8728055077 1.0023831473 0.1487293682
90 1.137379 1.209587 0.000000 25577.8617460155 0.0591349643 16753.1600181166 8319.6156517360 504.9418424379 0.0796034589 0.0054959995
91 1.513062 1.476890 0.000000 37425.7710285555 71.0967306543 24028.0253991829 11714.3022638755 1610.3857274155 1.7838321986 0.1770760246
92 1.006369 1.086610 0.000000 14434.4780365726 3.5615729623 10271.4835647877 3992.7986671450 166.6170734149 0.0160984947 0.0010603492
93 1.606534 1.548257 0.000000 47523.8439780367 578.6392715227 28985.9409548482 14990.1377142017 2962.3542515781 5.8372267628 0.9345597800
94 1.314438 1.275388 0.000000 36861.8588206519 242.2553847996 22492.9484654858 11480.1814604634 2633.1339319170 10.2753608403 3.0642174033
95 1.042312 1.011840 0.000000 37233.5681921885 367.8984329767 21500.5057006564 12456.6174326801 2866.0045537607 34.5839608309 7.9581116401
96 1.375910 1.336473 0.000000 39823.6803503170 6.8567774642 24673.6114604933 13240.6631350636 1901.1160123929 1.3323096483 0.1006558580
97 1.791526 1.620691 0.000000 63430.2570420873 3.6639821295 37079.8320244384 22084.2789100477 4253.2817980180 7.6725055971 1.5278229307
98 1.472916 1.428940 0.000000 47702.2541037582 1.7503431574 28651.9176368857 16120.4105975401 2926.6159545245 1.4302719588 0.1293002036
99 1.302964 1.332887 0.000000 26362.9405769033 16.0774428489 17547.5508255990 7863.4868469062 935.4634313832 0.3350727465 0.0269577615
100 1.213728 1.154377 0.000000 31040.7687117818 10.3619433974 20476.3242762670 9725.9555740171 826.2805534623 1.4338352672 0.4125302799
101 1.568127 1.484463 0.000000 47621.0103303261 7.6385901964 31228.4940562387 14789.7590355389 1593.6262636479 1.3754043709 0.1169829110
102 1.074646 1.123134 0.000000 20904.6439955615 10.2103613761 14529.6713185409 5933.3875261212 431.2002251196 0.1605191493 0.0140463233
103 1.034495 1.042522 0.000000 21958.2982377331 0.3009125504 15120.4223512410 6408.5389263466 428.7528276741 0.2646688714 0.0185524396
104 1.353789 1.313494 0.000000 29424.9621247387 0.3025768418 19935.7299381979 9094.3202040039 394.5581953564 0.0474621394 0.0037494264
105 1.274242 1.213600 0.000000 25385.8661127513 0.2108774276 17528.7407039002 7465.3599232482 391.5345639385 0.0190360050 0.0010099644
106 1.269638 1.219967 0.000000 27509.5669117947 1.9522377530 18725.7076647029 8353.7412515405 427.5852903506 0.5283243066 0.0521441982
107 1.238100 1.278122 0.000000 26772.9060880909 0.3511842144 17820.5774079884 8492.1311121073 459.8322366218 0.0133218967 0.0008265358
108 1.330680 1.442679 0.000000 36147.4222150855 90.3420042780 23680.2798443267 11142.3685444477 1231.2757343715 2.8081313580 0.3479575119
109 1.708638 1.573893 0.000000 49843.8382878065 21.5118992762 33208.9346365919 15682.9255844227 929.8463121786 0.5669807424 0.0528762863
110 1.758590 1.614221 0.000000 43486.0185403226 0.2001816272 30259.3083447738 12754.7766529660 471.6831947147 0.0466987679 0.0034697702
111 1.629752 1.544943 0.000000 44399.6650088842 1.0386698031 30119.4152904914 13505.0349226878 773.8870388694 0.2703334155 0.0187556955
112 1.272806 1.193747 0.000000 18833.7303846240 0.7922001525 13853.5276536966 4779.5806442043 199.8172781926 0.0117837674 0.0008252138
113 1.343819 1.323650 0.000000 23978.4638273345 0.2642619361 17385.2562774176 6468.9547517623 123.9731506082 0.0142395659 0.0011474719
114 1.280186 1.296716 0.000000 27019.3507392704 0.1857323527 18664.8356664644 7922.2807757957 431.8793842382 0.1542885146 0.0148929804
115 1.233334 1.141369 0.000000 21328.8026743370 0.0257241582 15753.1056665878 5430.9838481846 144.6787059523 0.0082212100 0.0005107368
116 1.125113 1.181036 0.000000 21567.9019474863 0.0334506945 15401.8763480815 5961.3204844439 204.6321050806 0.0369523864 0.0026080245
117 1.233755 1.248052 0.000000 20189.8710150707 0.3343348812 14770.0146839984 5279.7540104097 139.7560928797 0.0109705858 0.0009240287
118 1.061538 1.083465 0.000000 20120.9756072586 3.0876666805 14121.7984296399 5795.4493496764 200.5838787952 0.0522933181 0.0039901339
119 1.878255 1.734514 0.000000 50739.3719759710 384.6617867580 33324.1211035230 15305.5701595342 1721.1517538872 3.4858859478 0.3812873006
120 1.729383 1.641469 0.000000 39974.5768376212 20.4318391615 27448.6588381563 11720.7916667737 784.5183055215 0.1656522779 0.0105376559
121 1.591994 1.625830 0.000000 38120.2608474291 10.5430756725 25176.3675704312 11785.9486724749 1147.1878429794 0.2021374825 0.0115501509
122 1.247185 1.285522 0.000000 22250.6882646032 0.2874124333 16681.4073115652 5421.6459502123 147.3338636877 0.0127854869 0.0009432764
123 1.606264 1.400470 0.000000 34835.5335117540 0.4112786053 24507.0137619100 9883.4869359761 444.5272403129 0.0882382021 0.0060598994
124 1.058716 1.105500 0.000000 22284.2853173125 0.0440755685 15593.7845393433 6423.4374921444 266.9876466004 0.0296018096 0.0019637762
125 0.928159 0.973672 0.000000 12422.1960774081 0.1062540447 8987.3680508696 3360.0577432858 74.6582070179 0.0053687142 0.0004553842
126 1.811959 1.545990 0.000000 52089.6268411841 23.9495751545 35497.0739966818 15677.4489330940 890.8918004218 0.2389836428 0.0235554024
127 1.564538 1.473417 0.000000 39889.8743378269 33.3669436513 26302.7706835882 12250.8486121823 1301.9593118390 0.9160262444 0.0127629884
128 1.044434 1.074126 0.000000 25924.4096086381 29.1797766001 16318.2315227274 8434.5061489191 1142.3701550022 0.1164609589 0.0055456931
129 1.049134 1.122873 0.000000 27074.7824235414 5.2113455954 17169.2178370709 9043.5579838613 856.7437399689 0.0481022976 0.0034161708
130 1.679184 1.605082 0.000000 48504.8100673344 38.3967439769 29247.9766352269 16755.7597783913 2461.8802176565 0.7243604509 0.0723333950
131 1.094361 1.172669 0.000000 20491.8866543634 0.0187850867 13527.2278662536 6560.9593466651 403.6140396533 0.0634157549 0.0032023085
132 1.127000 1.195814 0.000000 25450.0464427933 32.1482347805 16400.8390330413 8100.6701346440 916.0438268578 0.3236034906 0.0216108415
133 1.169884 1.204718 0.000000 24141.7673717214 29.6451603566 16228.9648564710 7324.2825837180 558.7799717456 0.0882641955 0.0065364731
134 1.409368 1.344443 0.000000 28195.7386096202 47.8535289342 19198.1989467537 8274.0464317926 675.5079665930 0.1210759775 0.0106611229
135 1.206178 1.137647 0.000000 22148.1727205239 13.5974532642 15380.4289539317 6185.9430743892 567.6874112600 0.3924720328 0.1233573717
136 1.318886 1.242232 0.000000 28122.5998690507 2.7584431564 19510.0240450586 8046.6166774707 562.8745765265 0.2995341250 0.0265945250
137 1.101020 1.086218 0.000000 22049.8087117872 35.0655738405 14411.3204245538 6849.1937007859 753.7295010968 0.4520877013 0.0474254432
138 1.403455 1.376011 0.000000 38743.9878677085 0.1872710628 25329.2901515309 12223.3869083204 1188.2593603056 2.5638840869 0.3002944470
139 1.121440 1.187105 0.000000 23164.5946057004 0.0333807355 16226.7694491121 6575.3680199722 362.3843426222 0.0363866079 0.0030279154
140 1.045250 1.158199 0.000000 21926.2752098334 0.0019810143 15346.9616974600 6340.6409586047 238.6541078660 0.0153913623 0.0010755369
141 1.252970 1.237724 0.000000 24782.3099537093 7.6823289723 16965.5593497717 7423.9293558520 384.9255206420 0.1967601498 0.0166390953
142 0.717739 0.881431 0.000000 10426.2673845919 0.1849924688 7526.7906683795 2843.7093628901 55.5787429984 0.0033528195 0.0002657280
143 1.464865 1.357501 0.000000 32629.0664973876 62.3872469141 22072.4441735624 9815.0470051033 678.8309749721 0.3274600141 0.0296376006
144 1.334069 1.340571 0.000000 38040.0450271398 1.8828086247 24899.2307865406 12356.4653883905 782.4045891645 0.0570396116 0.0044168212
145 1.247882 1.154625 0.000000 25665.3633091426 0.0162703763 17231.1919006262 7880.4581870640 553.3409903298 0.3173166197 0.0386455502
146 1.036405 1.096111 0.000000 12895.4093398751 0.2310621005 9529.6615872038 3259.3016677533 106.2014370761 0.0124273646 0.0011599655
147 1.575350 1.461660 0.000000 34373.6600015755 8.6994783673 24607.9207885268 9317.7334690942 438.9190988984 0.3555070915 0.0316610809
148 1.378724 1.349042 0.000000 35022.5793481891 6.6083823695 24062.7673960674 10381.4281527966 571.6202169042 0.1434539299 0.0117485004
149 1.077918 1.163831 0.000000 17751.9397797292 0.0555661580 13012.2477801395 4574.2205498440 165.3582475819 0.0534533185 0.0041854550
150 1.630534 1.519690 0.000000 37511.5391906216 0.0856818103 27139.0472404815 9969.5081852617 402.5844766646 0.2839542182 0.0296553252
151 1.608457 1.428310 0.000000 37434.6095829716 1.0430205876 26052.9958684633 10584.1710586195 795.3067724480 0.9400438711 0.1528223587
152 1.294792 1.243704 0.000000 28529.2776602940 179.5091695506 19684.2037242001 7866.3713734260 798.1261134243 0.9408957481 0.1263862341
153 1.219688 1.135299 0.000000 25273.8387586103 0.0850848467 17658.2978098881 7286.3511989705 329.0765552824 0.0265472897 0.0015650120
154 0.906099 0.961324 0.000000 12931.9639267673 0.0205320646 9398.9786941307 3472.9307923760 60.0278580377 0.0056013520 0.0004498254
155 1.365417 1.334550 0.000000 31669.5961298716 0.1672737436 21727.7172734105 9361.9690461377 579.4768928016 0.2458223620 0.0198236695
156 1.577015 1.435320 0.000000 37026.7034322560 6.2036160185 23341.9194978813 12090.5611631791 1587.6454028918 0.3435423906 0.0302112247
157 1.036274 1.054674 0.000000 13251.0086446678 1.7746136221 8821.1793296400 4196.7770668234 231.2581433304 0.0178486264 0.0016432594
158 1.123263 1.134826 0.000000 18613.3676965968 6.9786274595 12621.5438777401 5623.6007621888 361.0719524447 0.1577409630 0.0147365075
159 1.171560 1.214495 0.000000 19608.1338238216 3.5421831643 12812.3822139844 6232.9134370873 558.9455232421 0.3201843205 0.0302827023
160 1.312543 1.319351 0.000000 21462.1966541438 0.3160310791 14947.1505669366 6175.5391254804 339.0922463571 0.0908527987 0.0078324746
161 0.764180 0.884200 0.000000 7944.8580239496 0.0572190607 6234.3060710513 1671.5475370226 38.9339101343 0.0121532008 0.0011346270
162 1.301798 1.284988 0.000000 27595.3167204340 24.3379471910 19619.8399720234 7360.4394772283 590.4561733612 0.2313650022 0.0117868204
163 1.395468 1.296588 0.000000 29488.9903987678 48.7018327323 20091.6099828352 8400.4724249518 946.8164499072 1.1821883551 0.2075207929
164 0.912674 0.968021 0.000000 16327.3358603789 31.6688287925 11094.9318357903 4535.9260471462 663.5564365461 1.1732107952 0.0795022726
165 1.257278 1.209298 0.000000 26195.0610647073 55.6812203394 17606.6492114040 7338.2569562536 1191.0571346573 2.8061984781 0.6103449042
166 1.311148 1.285309 0.000000 34035.2440676947 349.3468422114 21207.8648821890 9736.9508641018 2698.0498788212 36.9347893422 6.0968119069
167 1.543693 1.473882 0.000000 35454.4010490421 186.2270169873 22855.3412751366 9855.7700706634 2539.4308109287 14.4934017025 3.1384743692
168 1.313325 1.313017 0.000000 23098.8161758443 0.0922714084 16503.5542175424 6011.9934159092 583.0696281685 0.0985615330 0.0080845365
169 1.317692 1.327518 0.000000 28508.6486162987 0.0648392240 20284.2278195923 7748.2605372547 475.8768453055 0.2039227876 0.0146546944
170 1.557047 1.576193 0.000000 40759.9911021544 424.0099453613 25924.9103415534 11639.4990141471 2733.4894259688 34.3259353474 3.7564410684
171 1.095840 1.168159 0.000000 16736.6871043254 7.0913922345 11766.1532118582 4630.1614462535 331.4875642594 1.6363875992 0.1571029897
172 1.209140 1.248962 0.000000 21266.9366605225 4.2465852944 15107.4047399514 5597.3270964488 556.6837309653 1.1350622795 0.1394470904
173 1.155029 1.140354 0.000000 14169.9222349825 2.8869896361 10573.3736103503 3522.7703305044 70.7739319185 0.1071877052 0.0101854973
174 1.170264 1.158426 0.000000 13105.3571108918 0.0766628803 9686.2972450825 3374.9384315699 44.0373816660 0.0067970502 0.0005932447
175 1.478230 1.397802 0.000000 28725.7099836348 0.0888789681 19964.0193096928 8493.2705805693 268.3019167608 0.0272501106 0.0020491062
176 1.373047 1.335639 0.000000 36073.0240828754 0.0944335068 23111.8838708831 12213.2307496675 747.6234756380 0.1687184785 0.0228376418
177 1.259048 1.250718 0.000000 20814.9840280270 0.1177782609 14767.7055201073 5846.9259733171 200.2135440047 0.0195947614 0.0016190913
178 1.306647 1.385839 0.000000 21267.6060202717 0.0494286141 15382.8359363633 5743.8941412984 140.8051904945 0.0196515757 0.0016735666
179 1.354906 1.344213 0.000000 25614.2992322637 0.0262539552 18034.3932455991 7219.8773471254 359.8876196801 0.1048175454 0.0099499783
180 1.365078 1.340012 0.000000 20625.5963253038 0.0239706657 15141.1501479016 5388.8691841144 95.5491595280 0.0036245190 0.0002409725
181 1.344169 1.314570 0.000000 22041.1981805330 0.0200674718 16511.6645991358 5393.4937109873 136.0070552638 0.0118732952 0.0008775884
182 1.332871 1.293702 0.000000 20062.6304297793 0.0397794441 14905.2132360945 5029.0731877821 128.2553925870 0.0450429745 0.0037943389
183 1.307948 1.279379 0.000000 23169.3455031768 0.1046823588 17180.3415724362 5817.3403950803 171.5004068348 0.0538145452 0.0046342824
184 1.204997 1.180761 0.000000 16841.3378676786 0.0715194405 12108.9508589437 4603.5387526748 128.7205586098 0.0515515529 0.0046278838
185 1.509120 1.488795 0.000000 27721.9131178080 0.1240913061 20659.6695432436 6895.8639034178 166.2443738062 0.0106336249 0.0005763970
186 1.435385 1.405222 0.000000 25591.0460078943 0.1220884599 17846.1152223082 7419.4386786232 325.3362721647 0.0318429904 0.0019054469
187 1.342343 1.316969 0.000000 22212.6982156855 0.0394068294 15174.3497068122 6556.5565101447 481.6100241506 0.1317817654 0.0107866600
188 1.920337 1.782848 0.000000 44630.8020310707 192.1569663702 29689.5577221156 13276.3117105151 1469.0057691200 3.4816068521 0.2882581331
189 1.246537 1.233820 0.000000 24740.0418167810 7.8541560555 16496.3428213985 7507.0385584203 728.6740000726 0.1271770068 0.0051057115
190 1.336118 1.357962 0.000000 31164.8858829632 20.5228376070 19488.5931422668 9997.6467615297 1657.8051075945 0.3124557664 0.0055791537
191 1.578420 1.535175 0.000000 52046.7238805396 50.1821530399 33048.1449730302 16379.0703889468 2565.4591312608 3.7363424681 0.1308934607
192 0.737924 0.845869 0.000000 11775.4980890669 8.2021184397 8004.7986286538 3547.3732627349 215.0519468582 0.0673266920 0.0048062031
193 0.772589 0.923751 0.000000 12053.1379540464 14.8979284219 8304.2925353478 3568.9353884169 164.9945776136 0.0161524309 0.0013724803
194 1.281455 1.286234 0.000000 25980.5544292766 17.3072008957 17516.6408127676 7968.4432080335 478.0294117075 0.1224383814 0.0113587673
195 1.600735 1.513852 0.000000 33112.2711180637 1.5007398325 22998.3502533670 9515.7473383212 596.4833673587 0.1772561784 0.0121641626
196 0.882897 0.975989 0.000000 8907.7356692451 1.4134745728 6202.3523780297 2531.3941938376 172.5396672914 0.0330853584 0.0028705866
197 1.055024 1.102125 0.000000 18974.0060769292 0.1946371504 12905.9070348238 5850.4736048606 217.4132071437 0.0165871106 0.0010065164
198 1.470607 1.423363 0.000000 32821.5267494233 2.2663263750 21143.8919620177 10798.5672540328 876.7613437087 0.0371664238 0.0026979690
199 1.415902 1.429521 0.000000 39762.5253762335 70.9358662479 24442.9304677858 13518.4596669643 1729.6258558256 0.5430215521 0.0304996964
200 1.099983 1.206340 0.000000 25664.1283234111 0.9227280567 16356.2173858130 8540.8495661075 766.0330774058 0.0976460391 0.0079206689
201 1.058481 1.109303 0.000000 21076.7008667827 0.6499317415 13474.6394398012 6811.9685667981 789.3434166440 0.0914898080 0.0080231038
202 1.268628 1.259017 0.000000 23030.6547138719 0.3252534986 15337.5099903409 7249.3271071756 443.4721470171 0.0188541827 0.0013633951
203 1.202602 1.169570 0.000000 30143.9386694920 0.2425498573 19084.2646480634 10071.8521473289 987.4714238361 0.0992092150 0.0086927481
204 1.277123 1.094710 0.000000 21276.3870210820 2.4669340409 13496.4211585173 7348.1965897653 429.2625006436 0.0365579748 0.0032810699
205 1.220395 1.181837 0.000000 18304.4091211783 14.8939622532 12172.2252892427 5833.9581964884 282.9027779184 0.3924833557 0.0364130822
206 1.231852 1.166067 0.000000 19877.2406686727 10.0893662016 13421.1393726020 6102.2587648078 343.3588720491 0.3572550300 0.0370390271
207 0.996793 1.074376 0.000000 17116.7764067238 5.1462441616 11657.3744888401 5228.0960139270 225.9794526433 0.1645828071 0.0156247486
208 1.389240 1.396287 0.000000 24305.6887364663 11.6743554376 16541.6097923467 7326.8201202583 425.4675566275 0.1067883966 0.0101250959
209 1.408690 1.344857 0.000000 26157.5969292009 0.0324711298 17960.7562693602 7751.3527021100 445.2908062061 0.1522366998 0.0124449026
210 1.468367 1.469372 0.000000 28560.8627711269 29.5135487751 19985.6869085685 8116.4493222906 429.0490431744 0.1506786871 0.0132713638
211 1.036339 1.129501 0.000000 16847.3314392420 0.0924018099 11695.5010762168 4901.9104645420 249.8155842369 0.0112054506 0.0007087402
212 1.342398 1.263768 0.000000 26257.8395056295 8.3252085637 18653.7057218320 7262.9705909475 332.8222710438 0.0146889181 0.0010260901
213 1.458568 1.306737 0.000000 36860.2658217737 0.3585550947 25127.5929589660 10956.0692914723 776.0784059934 0.1532194876 0.0133923996
214 1.390172 1.272562 0.000000 30601.3855940326 1.2815889986 19780.1663470079 10172.3346394342 647.5024990679 0.0934400917 0.0070805261
215 1.200384 1.192476 0.000000 23613.7451552100 0.2059262501 16319.7350569479 7096.3764046838 197.4134624790 0.0133348977 0.0009711735
216 1.164645 1.202439 0.000000 22891.1644128813 0.1404665999 16392.2955077675 6265.6971265098 233.0153462488 0.0147543154 0.0012134671
217 1.345398 1.326898 0.000000 31748.7245860935 0.1638624990 22132.3263078735 9180.9012513882 435.0244026255 0.2832006167 0.0255627096
218 1.294718 1.320479 0.000000 24961.6076005665 0.0709877936 17299.9404768469 7416.2450503458 245.1835720574 0.1535308501 0.0139838322
219 1.356187 1.269413 0.000000 22187.3086472344 0.0406247778 16844.7110594567 5267.2009497733 75.3508043488 0.0048216489 0.0003893321
220 1.217494 1.256557 0.000000 23610.3520381133 0.4408577836 17175.0117620653 6237.1829901273 197.6964016842 0.0186316282 0.0013971932
221 1.413468 1.308059 0.000000 25776.6448032021 0.0369391153 19309.9871464845 6269.2370581272 197.3016062963 0.0755619281 0.0064952192
222 1.492349 1.312784 0.000000 27057.5427731431 1.2153770688 20453.0832968191 6410.5825313492 192.5924369974 0.0639766153 0.0051567708
223 1.255935 1.135329 0.000000 18573.1853020253 5.8116654596 13937.8399740477 4476.2809815182 153.1763512121 0.0699496218 0.0063817664
224 1.087430 1.120600 0.000000 13779.3503510639 6.2582389623 10152.6519849218 3469.1760023426 151.1943555738 0.0638399249 0.0059303434
225 1.003273 1.027953 0.000000 12261.3482086769 3.2202196943 9270.2732568708 2891.8821413872 95.9375216708 0.0321183436 0.0029514778
226 1.477301 1.446114 0.000000 32326.9155192814 15.1593919414 22349.5249172266 9474.4901752687 487.5129117028 0.2084612541 0.0196626285
227 1.624738 1.576831 0.000000 42147.7342467942 2.2564593080 27559.2689896576 13262.2555746432 1323.5535472418 0.3590399218 0.0406380546
228 1.578126 1.477062 0.000000 25590.3642257873 0.0298242085 18102.0948697194 7134.1028763912 354.0515511818 0.0782151699 0.0068911804
229 1.126008 1.106120 0.000000 10979.9502170152 0.0277702554 8655.1655331743 2290.1975811559 34.5562539733 0.0028623763 0.0002180181
230 1.031997 1.021249 0.000000 11273.1102877386 0.1031216494 8673.4381787293 2524.3538810382 75.1945012187 0.0193797490 0.0012274916
231 0.965600 1.097662 0.000000 14386.9576798693 0.0910246519 11213.7672870504 3100.1213023263 72.9619928742 0.0149847330 0.0010897040
232 1.680220 1.501419 0.000000 31576.8844343326 0.4336987431 22678.9765431178 8546.9524770661 350.2080054735 0.2865036049 0.0272084464
233 1.164923 1.094594 0.000000 18804.0110512086 0.0252100689 13770.8544073688 4897.0120422793 136.0379806478 0.0734286163 0.0079838630
234 1.358814 1.253966 0.000000 18941.3883162519 0.1448278467 14208.5847685571 4571.0756212664 161.5620740576 0.0193051226 0.0017208045
235 1.242972 1.199902 0.000000 21774.1096246396 0.9102246966 15386.7705591297 6010.3325873502 375.7865390184 0.2828017356 0.0269132636
236 1.225133 1.113531 0.000000 15613.3698811665 0.6511069726 11400.4510880759 3974.3328169971 237.9222293794 0.0117357201 0.0009053667
237 1.438861 1.266593 0.000000 23383.2917641446 0.1333773490 16610.9487085061 6495.7269285027 276.4455508533 0.0339447224 0.0032553124
238 1.100559 1.205347 0.000000 16607.5216610054 0.1759676720 11115.7434354500 5305.5539653681 186.0407179177 0.0070007218 0.0005747331
239 1.154605 1.194932 0.000000 19668.6197134854 0.0564365211 13473.7912782569 5793.9937492639 400.7618451269 0.0151338337 0.0012716571
240 1.205245 1.219305 0.000000 22340.8959127027 0.0552693613 15706.8845242275 6253.8190345678 380.0883413533 0.0453127460 0.0034323945
241 1.532064 1.476537 0.000000 41941.6058716718 596.9173115472 25948.7963651090 13525.3258894107 1858.7166474972 9.9185120482 1.9311466109
242 1.296448 1.283825 0.000000 40005.7849015958 451.2695841109 22833.3303935729 13466.8382253616 3248.2462790203 5.2827137782 0.8177067476
243 1.295250 1.255999 0.000000 30034.4913590678 86.6762263157 18164.5077655099 10277.5747973329 1505.5551779850 0.1738367252 0.0035562588
244 1.201880 1.193382 0.000000 22696.3396004275 2.8517859467 14316.5718092625 7663.6239890270 713.2582663336 0.0327147221 0.0010361044
245 1.360365 1.367071 0.000000 26743.7659349181 67.3268999042 16830.9124477533 8607.7490406674 1237.5540212189 0.2091953664 0.0143308502
246 1.207110 1.283824 0.000000 28509.2424808001 8.0638624753 17759.0125185229 9325.0292070089 1416.9243556404 0.1976286596 0.0149102464
247 1.133918 1.202095 0.000000 27141.6499257574 305.0013724720 17158.1668877883 8967.3374724017 710.5371308680 0.4930230055 0.1140417040
248 1.480152 1.328143 0.000000 35464.0859310675 3.9119454435 23067.5437964355 11544.9050415129 847.7122749666 0.0122875681 0.0005876958
249 1.014287 1.035377 0.000000 14382.4245957064 0.1966416296 9900.4358373820 4154.9315930820 326.8486125713 0.0111041303 0.0008085958
250 1.063285 1.112720 0.000000 16208.2874307280 0.1279088878 11950.7779016118 4141.7406817924 115.6325605814 0.0078028158 0.0005765488
251 1.506065 1.424374 0.000000 34504.3838892440 0.0937990639 22443.0749341298 11417.4956161858 643.6308959142 0.0821239454 0.0065220780
252 1.284411 1.220086 0.000000 26428.6628958589 0.0133003394 17681.2125548423 8238.9427426239 508.4736986507 0.0195083828 0.0010926946
253 1.433415 1.343663 0.000000 30057.4876249085 2.9769023897 20519.8150261007 9025.4879025807 509.0756671572 0.1269410593 0.0051882289
254 1.443989 1.382555 0.000000 34899.0219549730 1.0690760398 22570.5258924318 11231.7249896146 1095.2457329361 0.4175495946 0.0387161689
255 1.382106 1.239414 0.000000 24143.0033875590 0.3938154840 17341.2069038761 6513.3616995823 287.9756815503 0.0602673216 0.0050213314
256 1.523563 1.366880 0.000000 36259.1070040066 0.6290884315 23769.4779717639 11838.6705320896 649.9999704717 0.3033181230 0.0261244737
257 0.819004 0.937541 0.000000 11436.8482711647 0.7480685058 7833.0751529991 3497.5029754840 105.4956605425 0.0242681903 0.0021470868
258 1.852128 1.663592 0.000000 40692.4609629699 70.6582420886 28106.5647141100 11607.5440996225 905.2590852870 2.2195715465 0.2152515751
259 1.450510 1.252110 0.000000 24899.9319250949 33.0660779177 17885.3468233329 6559.6870932965 421.5373168181 0.2692431897 0.0253716955
260 1.515300 1.336099 0.000000 32957.5151297276 19.8241205113 22811.2050742642 9396.9659262899 729.0815297760 0.4027440976 0.0357378575
261 1.471590 1.342970 0.000000 25317.6482877405 60.6471257143 17380.3845260820 7283.1023341262 592.3554889150 1.0182136934 0.1406014379
262 1.284945 1.296924 0.000000 27230.2076130967 3.5983579414 18773.9284529436 7909.3961954218 543.2473372016 0.0344761146 0.0027975770
263 1.075755 1.058390 0.000000 15970.6132677833 9.5226022022 11066.3200945828 4555.7126479707 338.9944426492 0.0585806630 0.0049028839
264 1.159254 1.156094 0.000000 18489.8119079436 0.3245671728 13226.1649287986 5041.0102815631 222.3061711721 0.0056023923 0.0003614155
265 0.833565 0.907287 0.000000 11435.5133713997 0.0447646685 8902.8688442103 2492.8894143641 39.7072348766 0.0029038821 0.0002120687
266 1.413076 1.360202 0.000000 22880.1903576979 0.1423164727 17093.4502142198 5683.0911207668 103.4926954235 0.0129429290 0.0010716605
267 1.410444 1.334064 0.000000 31863.5085353720 0.3130681189 21288.6587925110 9873.1521340391 700.4539213589 0.8122649151 0.1183583851
268 1.278138 1.141519 0.000000 20700.8343179657 0.0388137814 14399.2381098392 6188.7790427385 112.7738099984 0.0042547719 0.0002917249
269 1.518494 1.423975 0.000000 30004.7429288847 23.6766746638 21041.2631302827 8487.4319988568 452.1768796213 0.1795257413 0.0147231965
270 1.000476 1.044054 0.000000 14971.7640844022 0.3790258039 10581.9545093300 4264.7001978313 124.6537194905 0.0700384237 0.0065968445
271 1.193823 1.180647 0.000000 17718.4576728324 0.4585049222 12743.4878417143 4821.7912473439 152.7065606031 0.0123857504 0.0011359532
272 1.475966 1.356413 0.000000 24877.4408443963 6.2435058125 17821.3388136005 6804.7030936325 245.0539392317 0.0930341597 0.0084623154
273 1.377883 1.304921 0.000000 31799.3848997548 0.0594822647 21385.6897958236 9922.3881241877 491.2217403094 0.0243158212 0.0014495333
274 1.425905 1.389307 0.000000 30504.7413593951 0.0543832910 22037.1541434942 8190.1624291372 277.3549230153 0.0143296720 0.0011577649
275 1.260534 1.249258 0.000000 23886.1954980411 0.0898492827 17769.9019945489 5929.9465691034 186.2084420025 0.0446248587 0.0040243784
276 1.440761 1.299530 0.000000 22505.4447373934 0.5547166008 17170.8204962110 5215.5050552016 118.5236697273 0.0373506428 0.0034540855
277 1.467407 1.406136 0.000000 22215.5884172547 0.0526555137 16478.5415710084 5639.9668766629 97.0160485951 0.0104718058 0.0007981224
278 1.349617 1.353838 0.000000 19798.5726191183 0.0338756219 14706.1031932538 5008.5865184623 83.8387727584 0.0094673003 0.0007958284
279 1.489880 1.536209 0.000000 32132.1616603464 2.2948446393 22189.2928645643 9371.4208777135 568.0346743968 0.9930177166 0.1253843918
280 1.274559 1.293942 0.000000 16699.0907308635 0.8569956570 12174.9746951745 4392.6627233818 130.5796202576 0.0153209384 0.0013778678
281 1.395542 1.383058 0.000000 18986.1763826787 0.1796721113 14398.1093011802 4483.6357954375 104.2460507011 0.0051184910 0.0004531136
282 1.412394 1.398788 0.000000 21687.9543056877 0.1224463098 16402.4772063783 5139.8824935484 145.4523862262 0.0185393885 0.0012419414
283 1.418191 1.379443 0.000000 24515.9315429460 0.1316705914 18144.1975828390 6215.1905988585 156.3867734280 0.0233744872 0.0015479516
284 1.831576 1.688375 0.000000 33378.2302550365 0.1948342996 23002.4093875962 9985.0275455645 390.5393109195 0.0547984785 0.0043821306
285 1.293972 1.339277 0.000000 12573.4256736431 0.0766450656 9479.4152432821 3047.4054165768 46.5252758979 0.0028509334 0.0002452740
286 1.273491 1.270123 0.000000 17373.1048689481 0.2435711145 13629.2559700855 3662.6928159948 80.9028682825 0.0090416971 0.0006059812
287 1.379852 1.401455 0.000000 29879.1150065519 0.1148265178 21073.8721288844 8452.2784464053 352.6780364955 0.1588885848 0.0126829510
288 1.864307 1.704025 0.000000 32952.6539000122 1.5900809669 22865.7119711781 9666.4008112493 418.8679516269 0.0773614375 0.0057265231
289 1.128740 1.151531 0.000000 12172.2807944358 1.3470805333 8922.4691647751 3162.0123234278 86.3218242285 0.1203343717 0.0100692629
290 1.005389 1.082436 0.000000 12080.5382348706 0.1025528753 8855.5664291765 3138.1820456331 86.6766504533 0.0100771619 0.0004834093
291 1.286515 1.259359 0.000000 9672.4854514618 0.1490164947 7762.9506006582 1893.7345161675 15.6497175793 0.0014797628 0.0001262555
292 1.265394 1.149774 0.000000 14548.5985338497 0.0398434957 11793.8595124001 2727.4565517368 27.2383540948 0.0039470673 0.0003306540
293 1.042830 1.079973 0.000000 11243.6108388976 0.1693691998 8824.4580882825 2376.0813078543 42.8794539354 0.0206504365 0.0019728329
294 1.262917 1.307211 0.000000 19602.2585597448 0.1655990404 15268.7889580468 4247.6316206650 85.6513918427 0.0194164563 0.0015800070
295 1.523769 1.389634 0.000000 21352.4395525834 0.1803563315 17019.6150202944 4235.2788267862 97.3139664100 0.0471987572 0.0041895990
296 0.874893 0.954902 0.000000 13078.6830467339 30.1509641218 9249.9794005795 3501.8298017712 296.6262699733 0.0886427141 0.0079700574
297 1.441490 1.430383 0.000000 27664.9415905851 23.9359696490 19876.0988897619 7278.1085231557 486.7548261438 0.0398760278 0.0035125048
298 1.097289 1.081364 0.000000 17536.8819414649 37.6451039971 12744.0843481952 4570.9967237327 184.1198897080 0.0333979493 0.0024848805
299 1.651714 1.515819 0.000000 30030.7982066977 1.2892538201 21589.1689482794 8204.2144881411 236.0909293466 0.0322460345 0.0023512058
300 1.764054 1.563999 0.000000 35368.7105949497 1.4743539645 25542.2179805747 9467.5470222455 357.3530560770 0.1078928144 0.0102977199
