1 0.659223 0.613630 0.000000 22871.4808530187 612.6472527812 12119.0287941096 7395.5473637362 2679.3358236964 50.2170198668 14.7045988286
2 0.796779 0.704620 0.000000 35957.3697757635 363.9475807250 19855.8230180874 11969.0834961053 3689.1465124550 59.7084026008 19.6607657910
3 1.071374 0.945485 0.000000 62208.7018261876 701.1992502813 32149.9675537565 20921.7926416608 8231.2145011667 154.3972996953 50.1305796286
4 1.013411 0.885418 0.000000 49668.3520458850 310.8696180108 26154.3737299288 17112.0025366111 6018.7820264392 59.0284453107 13.2956895867
5 0.793157 0.695450 0.000000 30019.0082391238 58.9960220608 17205.2240718591 10137.2856811264 2588.9363232069 23.2419438407 5.3241970382
6 0.924480 0.813070 0.000000 46675.0998778606 269.5761002826 24527.4354008855 16333.9247619640 5458.9457461082 63.0124895328 22.2053791011
7 1.173690 1.046509 0.000000 69674.9201613031 266.6135582018 35858.3812838654 24447.5039754966 9002.3975194524 81.1463116410 18.8775126816
8 1.033444 0.869706 0.000000 42241.0226074347 331.9487894911 21775.3654101706 14617.2512169846 5486.0476300759 26.9680666835 3.4414940413
9 0.835173 0.773087 0.000000 35686.8373683818 144.3934200077 18532.1490108268 12400.5094610039 4554.7894778949 45.9307243121 9.0652743711
10 0.711859 0.615030 0.000000 23228.9791550257 75.8000461373 12836.0841675205 8012.0946876756 2289.4850445734 12.9100806893 2.6051284443
11 0.964162 0.809634 0.000000 34071.2183662610 58.4879805676 19352.4680503024 12001.9806421671 2650.3749937535 6.8572907943 1.0494086784
12 0.723270 0.627031 0.000000 23161.0566513231 165.9201236804 12371.1101807751 8103.8089241712 2510.8484632065 8.6559243504 0.7130351598
13 0.920575 0.819723 0.000000 33671.6236472091 11.9055636800 19368.4176919775 11731.4387841316 2552.7303848097 6.3927808288 0.7384418076
14 0.984629 0.832389 0.000000 35886.6138235523 103.9884922799 20016.4496966154 12515.4907160644 3242.7396042233 6.8751400188 1.0701743766
15 0.880030 0.724926 0.000000 35659.0744719689 40.6588028726 19778.7335643434 12632.9531504468 3194.6885266144 10.5021600970 1.5382676559
16 0.875362 0.742404 0.000000 34681.0220362403 417.3492338052 18551.3023075845 11771.9263524697 3869.2588671271 54.0305283470 17.1547469240
17 0.924510 0.689478 0.000000 24056.1500155236 31.8427173060 14155.8286974795 8376.6265507720 1490.8697013090 0.9011199144 0.0812287784
18 1.001474 0.793647 0.000000 33248.6631976386 117.0342941822 18283.9079519805 11690.7557976599 3147.6251413345 8.3930832897 0.9469292120
19 0.848434 0.733367 0.000000 28900.9437514921 228.7134379866 15077.5932330046 10060.8867567792 3518.0629882801 13.4002521984 2.2870832848
20 1.020761 0.870105 0.000000 38926.0185872118 80.3226344387 20992.1514443920 13855.2024168958 3973.3493230705 20.3693430431 4.6234254018
21 1.016489 0.787265 0.000000 24942.7699840040 65.6806178491 14399.0466118140 8667.2317592420 1808.6420530985 1.9753691141 0.1935729166
22 0.985039 0.770010 0.000000 29322.7733113633 160.6171392910 16778.6877277624 9979.2718906545 2395.0447811916 8.0980009807 1.0537714926
23 1.024984 0.726219 0.000000 28630.0767379063 83.0560959698 16782.0775929322 9849.2811340747 1911.1638577569 3.9397485973 0.5583086209
24 0.756380 0.623246 0.000000 15983.1397125142 1.5102837902 9825.1973904655 5490.7795167687 665.1742550724 0.4373848928 0.0408815709
25 1.232018 0.995184 0.000000 39102.0561980152 28.5457148658 23030.4620814829 13464.7537212913 2571.1515725701 6.1193744501 1.0237334184
26 1.025060 0.831164 0.000000 30739.7143977422 7.4518677393 18234.1295030012 10649.1095229244 1845.8403902127 2.8307666373 0.3523472694
27 1.091607 0.857484 0.000000 32789.1564261453 24.9320621441 18987.7038058513 11227.2496476659 2537.6786870964 10.1017768910 1.4904465572
28 0.975689 0.799501 0.000000 27628.7059991671 11.1986362680 16600.1221383050 9590.6275179531 1425.9020306736 0.7997096718 0.0559663578
29 1.108289 0.909456 0.000000 33821.4871191685 19.2426947970 19760.4768813455 11909.8757150470 2128.7465058381 2.7995006475 0.3458215375
30 0.976997 0.727793 0.000000 25163.4221730975 9.6857360421 14898.4209441357 8709.4368995099 1539.7572433209 5.1751088867 0.9462412571
31 0.961187 0.818343 0.000000 32143.4813275768 2.5701714833 18312.3544678334 11181.8226290666 2641.3220366120 4.9448100146 0.4672126424
32 0.882464 0.660768 0.000000 23806.3931070697 3.3535994005 14068.1378381668 8236.0490047391 1497.9350713075 0.8585030926 0.0590904424
33 0.895540 0.703521 0.000000 23257.3559721410 76.7867371826 12898.9123157576 8296.4843130927 1982.2752190848 2.6984485261 0.1989385285
34 1.070979 0.841099 0.000000 34441.9468358839 99.4877300268 19027.5989336360 12187.8311164479 3108.3907097947 15.8750804063 2.7632656198
35 1.006033 0.762646 0.000000 21369.7514609925 6.2890554616 12651.7287299805 7313.1230354074 1397.3172501184 1.1631203642 0.1302697187
36 1.081955 0.884859 0.000000 26057.0578379251 143.5156740486 15070.5767869279 8819.0819179944 2021.5419862020 2.1420774073 0.1993953875
37 1.009240 0.763403 0.000000 29930.3190062434 56.8998263963 17420.2985682787 10325.9035334769 2123.8163497820 3.1315315990 0.2691969387
38 0.554485 0.493207 0.000000 9692.4512871539 0.1095782765 6242.6127974466 3165.7836209323 283.8876033322 0.0548087820 0.0028785040
39 1.097538 0.886497 0.000000 30484.9989025317 87.7341198091 17838.9128392292 10581.0049774600 1970.2379234920 5.5948999967 1.5141426492
40 1.017992 0.774332 0.000000 27311.8802490005 13.2654760011 15420.3163211608 9763.3111081952 2110.6810398166 3.8197417506 0.4865621760
41 0.983041 0.738157 0.000000 21575.2906640340 0.4904367004 13273.6497936610 7413.9729704248 886.3661010915 0.7339577609 0.0774044265
42 0.950374 0.729956 0.000000 24670.3054945010 30.2681127062 14815.1784557529 8471.6106964605 1349.6813241309 2.9799182424 0.5869873262
43 1.145307 0.984836 0.000000 41570.3150729299 240.9996664068 22668.7138268769 14626.7604363815 4017.2282002582 13.1719569962 3.4409862009
44 0.765204 0.695524 0.000000 21017.0336304618 25.6717504661 11807.9306056558 7324.1313659301 1847.8277353111 9.6909923870 1.7811807462
45 0.740914 0.556831 0.000000 13107.1222678643 0.6186301072 8103.9581660361 4385.1020120543 617.2175264783 0.2105425839 0.0153906412
46 1.070951 0.861030 0.000000 27556.1527645323 14.0622993008 16636.7851314747 9216.3762863819 1685.2165331016 3.3000052457 0.4125091108
47 1.073970 0.886496 0.000000 33860.0410534720 259.1730384484 18828.4351579141 11594.4363948429 3155.0862451150 16.0051585950 6.9050586480
48 1.120350 0.803619 0.000000 35087.2435494602 347.1919232921 18187.8863282909 12012.1344697072 4503.3983362352 32.7112214607 3.9212705542
49 0.711356 0.630877 0.000000 17837.9620780948 72.6519385364 9812.7361927042 6091.4811455925 1850.5724103380 9.5014718399 1.0189191465
50 1.051954 0.867421 0.000000 25368.8827391047 53.2957672045 14737.7558081995 8385.3440538143 2179.5927038314 11.3935413407 1.5008647881
51 0.797810 0.658269 0.000000 24876.7161142454 195.5828984007 12912.8495132698 8393.3310437728 3329.7359898347 36.9523351829 8.2643338282
52 1.087232 0.909967 0.000000 33968.1520891633 12.5882066212 19150.2643711263 12175.2291614694 2611.6043090442 16.0886892674 2.3773517836
53 0.961412 0.750839 0.000000 21653.8364201596 0.1375964329 12976.6246339573 7463.5947255213 1212.0473127664 1.2812322236 0.1509193947
54 1.079414 0.782501 0.000000 25515.0491428273 0.2848520187 15072.2718222080 9015.1594178172 1426.5500376101 0.7251588667 0.0578544511
55 0.954752 0.821328 0.000000 32748.6945116139 20.9020943575 17468.8370409767 11619.7740615761 3625.2677655373 11.4587769819 2.4547722769
56 0.953187 0.789827 0.000000 31116.5565936606 17.0419353381 17032.6755648722 11228.3426260491 2830.7510099395 6.7237573352 1.0217002979
57 0.996313 0.867454 0.000000 23832.9831915167 19.8516985213 13572.5252617536 8249.3362888216 1984.1307748968 5.8921956587 1.2469720001
58 0.768751 0.721917 0.000000 19330.4383025888 85.3810364364 10650.7559688774 6578.5470109533 2003.7106486791 8.8806206197 3.1630170856
59 0.751620 0.536170 0.000000 12074.7690968336 18.2902166328 7152.3220286724 3911.9367236667 991.9597913394 0.2497657190 0.0105708589
60 0.899715 0.741356 0.000000 27532.5399012407 122.6566788665 14789.6852729779 9400.6930305527 3199.9220760140 17.1594260496 2.4234168983
61 1.007627 0.792108 0.000000 17776.3401503788 28.3110944080 10517.1754433855 5689.7319408902 1532.4264387247 7.5917682083 1.1034648872
62 1.120814 0.838994 0.000000 21136.8613292997 2.7375647784 13143.6058289724 7153.0130787460 835.2166333185 2.0646877575 0.2235358120
63 0.736760 0.614385 0.000000 15347.0658788821 8.7566703461 9184.3353695275 5255.9727032667 896.0477949724 1.6957809545 0.2575598306
64 0.799801 0.651871 0.000000 14570.8897044536 0.3327874531 8880.7758502520 4986.5363056728 703.1021680979 0.1371688179 0.0054242417
65 0.720164 0.635406 0.000000 13129.7065580361 0.2066457651 7962.6157009258 4585.0155320116 581.7383446383 0.1204586486 0.0098761008
66 1.071982 0.865104 0.000000 30938.9434892199 211.4581622675 16499.5702925842 10977.8806734416 3227.0513273377 19.5064131789 3.4766204408
67 1.075313 0.793624 0.000000 22731.3305016178 1.6858430137 13637.3075772044 7713.1137971845 1377.9448085431 1.1653381321 0.1131376099
68 0.807541 0.641358 0.000000 10746.4155445024 1.1302550772 7044.8467593817 3442.9162211640 257.4865891127 0.0333152330 0.0024046708
69 1.019018 0.797981 0.000000 20397.6124209644 4.0628616385 12132.7732020155 7279.7888399381 980.2184644789 0.6983526022 0.0707003920
70 0.755660 0.632650 0.000000 18890.2123648520 30.9120239333 10797.8153695735 6688.6365107640 1363.0922373262 6.8224538588 2.9337694419
71 1.107592 0.876744 0.000000 24905.4855753295 7.2899079213 15776.4268540229 8182.6678676669 936.0464153849 2.4157714225 0.6387590615
72 0.827973 0.714290 0.000000 17040.1305503550 0.1746251828 10914.9305359748 5546.1388447438 578.7251700375 0.1493689767 0.0120055046
73 0.711445 0.670339 0.000000 14916.8687920994 0.0592352451 9670.4588398044 4844.4721829889 401.7479224540 0.1211901396 0.0094216042
74 0.567551 0.547983 0.000000 9106.3808290710 0.1299125734 5738.2157122203 3055.4663151208 312.4136048251 0.1441124269 0.0111719713
75 0.885063 0.747874 0.000000 12113.3234696942 6.9949590043 7885.7539270236 3884.0517483341 336.3397422637 0.1677258197 0.0153673400
76 1.173246 0.871467 0.000000 21142.5123820869 64.9568832690 13272.7236961498 6768.8840889401 1028.5656425102 5.3754875527 2.0065837250
77 1.065373 0.800661 0.000000 27101.6087868413 64.1868722534 15591.5172226775 9501.5717064124 1939.3309941943 4.4650217062 0.5369698073
78 0.898962 0.735694 0.000000 20493.6777844579 12.5378358599 11611.4099780290 7089.2031069713 1778.2395097143 2.0621696635 0.2251843192
79 1.083954 0.841366 0.000000 39924.4217906503 328.4214353951 20809.9511840894 13957.1957122597 4806.0599223418 19.4759210052 3.3176156321
80 0.737124 0.660355 0.000000 16485.9603641131 39.8539088832 9311.0104462733 5641.2175104552 1489.2858863181 4.1156557094 0.4769565385
81 1.011183 0.809227 0.000000 23742.7612347233 73.6076722047 13715.4858086065 7897.2010034300 2053.0133005444 3.2176214326 0.2358287386
82 0.977843 0.728921 0.000000 25163.1634145112 65.6971219998 13791.0355791611 8059.4958809976 3237.6787242618 8.6862495217 0.5698587525
83 1.210679 0.830537 0.000000 31213.6015599567 1.4350977517 18567.2589625001 10645.7489283259 1998.0697855528 1.0356030406 0.0531830019
84 0.989039 0.737218 0.000000 22794.7552167932 0.2766797112 13327.6519739983 8075.3467026602 1390.6475288867 0.7527372631 0.0795944164
85 0.614161 0.567405 0.000000 11227.7823446505 0.0269748540 6528.6078960625 4084.7541509664 614.1905503490 0.1924862691 0.0102862623
86 1.100545 0.820802 0.000000 17406.8533902647 0.0564937991 10774.9281086924 6114.1519468944 517.6569210884 0.0566024515 0.0033176160
87 0.753724 0.575549 0.000000 10120.5900487691 0.1750545406 6312.3227034496 3376.5566041055 431.4740696025 0.0576017860 0.0040154406
88 0.829173 0.733123 0.000000 16751.2623090504 0.2505469093 10405.5117555224 5852.4126874494 493.0505265819 0.0345598715 0.0022328139
89 0.939415 0.808732 0.000000 21155.9880727132 0.0904283345 12558.1304244421 7467.0907073578 1130.3527341466 0.2993154114 0.0244634482
90 0.722076 0.609686 0.000000 13750.4801197366 0.0436268289 8480.1963013485 4698.8404117507 570.9440129157 0.4241600024 0.0316072043
91 0.520374 0.522835 0.000000 5763.7115789905 0.0170783134 3730.7450097757 1940.7801433942 92.1535830456 0.0151122451 0.0006523361
92 1.065095 0.824215 0.000000 20843.0743229575 0.7317327867 12552.4517228289 7297.7751272974 991.2440645329 0.7775371164 0.0941386665
93 0.993172 0.743424 0.000000 15789.5560583669 0.0624432693 9573.6434946938 5575.1938783335 640.5934979907 0.0595971356 0.0031471540
94 1.191795 0.826204 0.000000 26774.1696427177 40.8003802678 16081.1646592351 9092.6695623874 1558.6595736976 0.8239264653 0.0515408806
95 1.092007 0.877001 0.000000 29597.4167426834 196.9353437138 16671.8844035145 10285.6950208880 2435.8281505649 6.5403268915 0.5334972828
96 0.896352 0.785807 0.000000 28177.9216996899 386.5895295561 15042.3652247666 9979.0301650546 2755.9275525389 12.8425491728 1.1666787462
97 1.003027 0.820132 0.000000 21888.0179197574 28.6772768491 12708.0750305423 7872.4299509351 1278.3174662845 0.4895971585 0.0285980944
98 0.887494 0.786166 0.000000 25138.3398549395 0.4378139000 13867.4450085051 9139.2212202213 2128.3795642393 2.4633616576 0.3928867023
99 0.745085 0.603713 0.000000 14495.7006168755 0.0238258351 8798.3662129947 5082.7921858021 614.2166092019 0.2883717064 0.0134115902
100 0.885059 0.727551 0.000000 22493.8220912416 3.4083829712 12799.5610406659 8175.2956442247 1512.3547999785 2.3387144508 0.8635091719
101 0.985275 0.803798 0.000000 20660.8328756732 12.8313956415 12508.1334273860 7149.0341616821 989.5685788350 1.1118099451 0.1535023182
102 0.885659 0.729267 0.000000 15990.6567233049 0.0267972433 9785.8566410745 5597.0445144636 607.6400628626 0.0854531895 0.0032548035
103 0.996421 0.819540 0.000000 23253.8271746572 8.5091193143 13516.5659815348 8298.2013211942 1429.9416967476 0.5672937794 0.0417622025
104 0.862375 0.669867 0.000000 17590.8419797023 96.7387866857 10286.6337297603 6154.8036000384 1051.7257517905 0.8478138886 0.0922976214
105 0.985538 0.721776 0.000000 19057.5191300126 228.4978778962 11181.5623157182 6411.6324629642 1233.9633674269 1.3384978398 0.5246084295
106 1.161154 0.923851 0.000000 35431.4208223774 555.5177260668 19129.0657908537 12290.7455758364 3437.6130925635 16.0235543544 2.4550827852
107 1.021527 0.944002 0.000000 41566.4370151430 481.2035621817 21391.5030004736 14744.6809164930 4907.5281751014 35.9906095906 5.5307515586
108 0.921893 0.815803 0.000000 26857.2391565286 160.8781986346 14378.3283065050 9693.3499119220 2621.7768648039 2.6087302123 0.2971447793
109 0.790598 0.653692 0.000000 13039.1306395123 67.7806283679 7474.9569673555 4604.8640446653 891.0203055117 0.4992423387 0.0094514712
110 0.929285 0.808679 0.000000 24925.2671870814 32.3263385679 13180.0544681446 9191.8168741817 2518.5420821509 2.3802808537 0.1471433756
111 1.074182 0.813561 0.000000 30507.4922188688 381.1705374854 15747.1979664482 10860.7287259024 3499.5121671975 16.9687526454 1.9140692461
112 0.722296 0.609998 0.000000 14496.7839849862 169.8983781964 7741.4011334370 5014.8243534884 1564.2650380386 5.4434084816 0.9516734302
113 1.086314 0.875941 0.000000 33880.0545449521 266.1495186288 17238.5052185370 11718.7497758627 4617.5855481380 34.1006731883 4.9638107232
114 1.021818 0.844522 0.000000 28820.8121804772 15.8698677055 15682.4238319009 10115.6312628672 2996.2640313155 9.4259871593 1.1971996435
115 0.947790 0.780918 0.000000 16436.4674302901 1.3791406618 9694.2822954569 5701.1362509558 1038.6280051193 0.9983192864 0.0434189892
116 1.125006 0.924132 0.000000 34367.4446900032 2.9471297334 19182.5491117089 12419.1294705744 2757.7973132855 4.5987577855 0.4229071054
117 1.037374 0.871784 0.000000 20262.3737490748 21.5122830958 12957.2979479861 6646.5938816074 636.7557057414 0.2007541811 0.0131765957
118 0.873962 0.720385 0.000000 19896.0270024625 132.3181159866 12037.8252811295 6686.2052530443 1036.8005866053 2.4941453175 0.3836204212
119 0.764561 0.629517 0.000000 14728.1721054644 26.5095946699 8656.9406233314 5210.6438871168 832.2812658634 1.5235024833 0.2732319818
120 1.119236 0.905083 0.000000 30283.9092894387 29.4758195859 17020.5269743445 10840.2324513409 2389.7063391150 3.5716909164 0.3960142634
121 0.913326 0.763315 0.000000 20348.5792467336 92.9567903578 11408.3604875584 6922.4601144690 1918.7312631683 5.7223410441 0.3482502614
122 0.689021 0.567246 0.000000 12629.5700888064 12.1642262844 7253.1499211579 4282.4985133106 1080.7258354852 0.9703409916 0.0612517628
123 0.899278 0.676236 0.000000 15854.1727719437 44.6681828305 9204.5564170817 5295.4980833642 1308.7715862578 0.6322606371 0.0462418859
124 0.858676 0.727051 0.000000 17307.6430773239 33.8958381138 10264.3320593285 5764.2451670837 1240.3159029807 4.4328903801 0.4212195877
125 0.979270 0.768530 0.000000 25895.7488251170 79.3151820218 14911.2453863605 8841.7668344853 2058.3755343230 4.5520056276 0.4938824763
126 1.081096 0.807483 0.000000 28764.4178602550 92.0257188861 16071.3850816390 10394.2110542598 2198.3795142429 7.3300426504 1.0864487818
127 0.931646 0.717859 0.000000 18711.4400529662 9.0158784450 11052.9564343724 6536.9174115300 1109.7055586805 2.4234248843 0.4213452334
128 0.971667 0.735365 0.000000 15459.2000051471 6.6537882488 9578.3215288862 5280.3223041874 593.6408086494 0.2483273496 0.0132480414
129 0.903196 0.712657 0.000000 13845.5447866225 2.1093610167 8637.2528287956 4750.6800007271 455.0421286466 0.4214028040 0.0390648772
130 1.006445 0.829052 0.000000 18409.3619810862 0.4334126527 11595.4201040080 6154.3287831179 658.0986868259 0.9700732987 0.1109212941
131 0.938714 0.782214 0.000000 20092.5404881920 8.5597343243 12059.0268197280 6834.1052790564 1184.3419898791 4.8953890382 1.6112762697
132 0.730301 0.654921 0.000000 12012.8829285224 2.0556830764 7437.6865048981 3945.1112509715 626.0479519477 1.6725023661 0.3090353779
133 0.599435 0.546137 0.000000 5914.9121346078 0.3198430568 4264.2784766153 1574.3139270697 75.9800964517 0.0182494646 0.0015419484
134 0.817648 0.668202 0.000000 11939.0939926362 35.1328301342 7782.3851092848 3723.5463444010 397.2492174492 0.6997735402 0.0807179248
135 0.854116 0.672249 0.000000 15468.2730591231 105.3478081749 9376.0257724575 5024.2355837791 960.8108757499 1.7230014129 0.1300176920
136 1.074317 0.855125 0.000000 24039.8566518256 118.2295548201 14340.5009957507 8250.4528244548 1327.7923058727 2.5373722237 0.3435987838
137 0.958975 0.710302 0.000000 17044.4033631402 22.3696367696 9768.7751907508 6060.1814185507 1191.7411283497 1.2074394545 0.1285492971
138 1.014979 0.775013 0.000000 18499.6091752452 115.9574793187 10282.1621193768 6295.5239543553 1803.8656831073 1.8286422553 0.2712969705
139 1.085786 0.790683 0.000000 18535.0166516316 62.9136230243 10734.3888219383 6213.9531913433 1521.9340422994 1.7439802901 0.0829928686
140 1.192701 0.930506 0.000000 23090.9043001756 197.3161765714 13442.1604072288 7800.0060539344 1648.4172349831 2.7254036775 0.2790239456
141 1.068031 0.872210 0.000000 22625.0098719986 1.6766999857 13276.7310540913 8088.6712630418 1257.7239888335 0.1950147880 0.0118514322
142 0.955165 0.796501 0.000000 20689.6858894462 0.0484097091 12875.2731235503 7041.4929197291 772.7813177109 0.0857924469 0.0043266805
143 0.865281 0.706456 0.000000 17213.7704095645 0.1804133890 10627.3433532549 5917.9097806541 667.8937407510 0.3986114121 0.0445102786
144 1.096220 0.870614 0.000000 24669.5267231610 5.4739860271 14817.5761332166 8672.4961882283 1173.4334989770 0.4975882837 0.0493286357
145 1.084357 0.836486 0.000000 20195.6946134336 15.4030451758 12439.3962058044 6779.4594722438 959.5909422168 1.6009347393 0.2440135146
146 0.945350 0.740534 0.000000 17708.8672617534 57.6795578037 10769.9917492528 6124.1952370595 755.3512772866 1.4642622352 0.1851781619
147 0.801005 0.704422 0.000000 17626.0995630484 37.4346126376 10438.9284423025 6263.7748173507 885.4270185808 0.4861959948 0.0484763811
148 1.014766 0.767896 0.000000 20228.1346887204 32.4381868153 12002.2630326760 7043.7709375016 1147.5338860042 1.8774157081 0.2512301252
149 0.809100 0.651608 0.000000 16475.9819460418 62.7684803395 9564.2476359897 5867.2121984421 979.1774489697 2.2531635442 0.3230188674
150 0.841850 0.694642 0.000000 15633.1796699827 49.0438270806 9392.1582695764 5368.4793261609 821.4604909653 1.7903619998 0.2473944291
151 0.859765 0.742923 0.000000 20062.8096914284 35.8487996772 11818.3195319068 6935.9911392549 1262.5708115231 7.6995017708 2.3799075853
152 0.895616 0.713405 0.000000 14741.1946499889 5.9751389626 9147.1657866378 4934.2241333317 653.0906085207 0.6560139249 0.0829687092
153 0.950052 0.782576 0.000000 16828.4568626688 2.0633881909 10304.1046666265 5799.3337867919 722.2919340158 0.6135384598 0.0495487372
154 0.899323 0.690344 0.000000 10820.0216186718 6.1716936437 7174.1964414938 3297.8070727138 341.5268615244 0.2852193150 0.0343301478
155 1.142407 0.889697 0.000000 22461.0303479536 0.8968559150 13638.1234396046 7787.3338655013 1033.4241711125 1.1113801584 0.1406358572
156 0.865451 0.724912 0.000000 16167.2454849341 187.0963373494 9554.5530907509 5357.2046429001 1067.4270543500 0.8660794502 0.0982802111
157 0.885630 0.720765 0.000000 13282.5157440175 242.3237822678 7870.1441008270 4100.0930192836 1065.5892699859 3.7137535780 0.6518180966
158 0.920348 0.778800 0.000000 16490.4678607402 219.0720231822 9649.6560949932 5384.4342259084 1229.0461480110 7.1999938427 1.0593749353
159 1.134318 0.913381 0.000000 23726.1718801456 3.7659724246 14569.5566956593 8083.9961456728 1068.6547194621 0.1857814627 0.0125658811
160 0.987605 0.818793 0.000000 14214.7438691065 0.6645766748 9312.5511222289 4468.2372584972 433.0157655283 0.2602265437 0.0149199339
161 0.979600 0.821815 0.000000 20461.0919585268 128.1948714364 12704.2164049115 6672.7559765496 953.8514057348 1.8297632973 0.2435368204
162 0.777890 0.625852 0.000000 14023.7419202575 101.5975777038 8805.9599736489 4474.9109234754 640.9686678985 0.2766278711 0.0281497337
163 1.108315 0.901494 0.000000 30754.6083663783 587.6524929375 17056.1821967173 10703.6358986092 2392.3940909393 13.5062403167 1.2374469786
164 1.140438 0.906190 0.000000 34917.9754074255 123.2601139488 19646.8444125527 12275.6797667087 2864.1240430754 7.2729675134 0.7941038964
165 0.628921 0.548390 0.000000 8043.1377237258 81.0105334465 4877.9930172493 2727.7829896388 356.1335871465 0.2049206450 0.0126756674
166 0.886070 0.690152 0.000000 14827.9682546374 18.3173976109 8940.8256903698 5006.6443591551 861.8099198030 0.3479195615 0.0229682226
167 0.806646 0.669813 0.000000 12212.1833871294 120.9391562813 7781.1048160423 3630.2056298789 678.0821538836 1.6950279046 0.1566032736
168 0.969686 0.791399 0.000000 16090.8282140469 2.7443864671 9979.3748084330 5319.6962207978 788.8274383199 0.1742387001 0.0111215244
169 0.994048 0.815183 0.000000 15798.5786707594 2.5448101709 9632.5078743487 5292.2586137040 870.9542515172 0.2929974851 0.0201236248
170 1.102263 0.895143 0.000000 23670.5751006158 17.9482787394 13828.6989822654 8290.7657313499 1531.3106140004 1.6584793012 0.1930151464
171 1.091565 0.858539 0.000000 25359.1276576801 2.8559947829 15156.4730570844 8987.6194192777 1211.4529217129 0.6457405175 0.0805245643
172 0.958149 0.750525 0.000000 17672.3344171877 0.2974855367 10784.2505579898 6043.8318514437 843.5817798816 0.3438161727 0.0289263748
173 1.053946 0.778387 0.000000 10660.7477725980 2.6721511631 7190.1693465018 3277.3880912671 190.4806175178 0.0346193510 0.0029469055
174 0.665291 0.627611 0.000000 7631.1739673441 1.5032009554 5157.3801490669 2254.0957876375 217.8208328670 0.3374506666 0.0365462719
175 1.230329 0.976808 0.000000 26870.4604133321 154.1286947760 16396.3506472660 9141.9488394913 1176.2295267605 1.6109347949 0.1917704684
176 1.026222 0.855484 0.000000 20758.5460342195 112.8920692253 13148.9599852250 6738.8900920965 755.3173300306 2.0958744832 0.3906834023
177 0.772354 0.666419 0.000000 12073.4285716874 15.4391197811 7912.3751936306 3856.1265277735 289.4356164478 0.0504661395 0.0016481469
178 0.996612 0.802909 0.000000 14315.1640300840 0.1626049110 9426.3401411023 4622.0074567014 266.5954202203 0.0546349464 0.0037725189
179 0.908075 0.745501 0.000000 14847.0540153637 0.1218265012 9077.4614063630 5093.2204517777 675.9747370474 0.2575348831 0.0180591069
180 0.748195 0.619685 0.000000 6831.3501636285 0.0650099000 4621.0425976626 2051.7592241161 158.3818218974 0.0935996794 0.0079105363
181 0.740656 0.595662 0.000000 12261.4068738872 0.3243147027 7626.5552629202 4117.5120176179 516.7679732577 0.2257140664 0.0215914605
182 0.720719 0.603570 0.000000 7243.9198714354 1.0447162535 5089.8699238590 2081.7885772309 71.2058503066 0.0100614052 0.0007425225
183 1.161061 0.870934 0.000000 20099.5700124889 0.1671716782 13093.3225423753 6637.1351382299 368.8498286159 0.0875986984 0.0077335350
184 0.865962 0.703033 0.000000 12065.5516665863 1.0900575062 7995.7718064957 3817.2889052494 251.3379844582 0.0588629337 0.0040502407
185 1.002566 0.759262 0.000000 15100.5563945606 116.2524045540 9573.4152101803 4883.9378929257 525.0041483722 1.7087635414 0.2379756010
186 1.197732 0.862082 0.000000 18629.6504437029 1.1194099654 12352.9447048330 6006.7485176668 268.8211419909 0.0160478378 0.0006228561
187 1.027653 0.803772 0.000000 14653.2890760065 0.0909787931 9651.1837858966 4793.5853333714 208.4028481098 0.0246744078 0.0014565993
188 1.012090 0.806123 0.000000 17163.0139190230 0.1238027652 10790.8415372637 5802.6928847308 569.0544731312 0.2788798028 0.0223418598
189 1.039718 0.840016 0.000000 17384.5440296158 0.2041748236 11047.5890094435 5664.1910588511 672.1477696023 0.3808953391 0.0311227231
190 0.775100 0.618898 0.000000 7939.7049717603 0.6173663626 5400.7544031468 2402.0140676955 136.2897448510 0.0277171684 0.0016729539
191 0.664469 0.566334 0.000000 5242.4388736141 0.0307479102 3622.2971005591 1564.1738205590 55.9307277547 0.0061685325 0.0003087899
192 1.230056 0.934699 0.000000 21722.0637568871 0.0892250388 13424.3729857489 7813.4251347360 483.8669629478 0.2902286486 0.0192202391
193 1.167829 0.915085 0.000000 24870.9516725895 0.0520369025 15179.2345555552 8827.0532640018 864.4609698394 0.1414477838 0.0093991602
194 0.855376 0.689895 0.000000 13244.5047270335 0.1522148378 8189.4421907925 4654.8243658138 400.0448175651 0.0387051461 0.0024335893
195 1.212028 0.895420 0.000000 19024.3577581598 0.0391803191 12100.3550999151 6407.2902125624 516.6520129311 0.0200705649 0.0011825421
196 0.822295 0.734762 0.000000 14127.5128788892 1.1913897130 8980.9521736271 4710.7309867943 434.4374689503 0.1823919166 0.0184683759
197 0.993587 0.735163 0.000000 16667.1545770942 0.0855848778 10319.2836914226 5769.0921490046 578.5602983884 0.1216692598 0.0111845634
198 1.003900 0.750658 0.000000 15824.1347949892 0.1114499585 9680.0902494656 5505.7747169496 638.1384544155 0.0188630816 0.0010615619
199 0.917755 0.746122 0.000000 17301.2579608344 0.0097132098 10237.3094906244 6152.8840536616 910.9994268508 0.0529235513 0.0023536108
200 0.838568 0.709401 0.000000 12861.1860815882 0.0274805975 7785.7056337557 4517.7883165769 557.5907626286 0.0692289745 0.0046596925
201 1.248925 0.933695 0.000000 20956.3030819419 0.1242882270 12906.6545982032 7200.2110740762 849.0948089813 0.2006477714 0.0176652591
202 1.061774 0.811254 0.000000 16061.6647707053 0.0224549556 10212.4700094350 5413.2377544688 435.6975467833 0.2178860213 0.0191195825
203 1.001946 0.739143 0.000000 14636.3588010711 0.0777358687 9394.4135148031 4862.5570884171 379.2041163255 0.0984209877 0.0079250635
204 0.865525 0.665030 0.000000 9897.8457121380 0.1042965305 6387.3386586688 3248.5612969782 261.7556703334 0.0792030717 0.0065869770
205 0.805914 0.618286 0.000000 7486.2973547930 0.0502037991 4876.6163690356 2476.9737050315 132.6478493165 0.0085458092 0.0006821659
206 0.822188 0.680021 0.000000 7985.7166261172 0.2509790276 5200.3185434358 2612.8719506052 172.2599120263 0.0140501366 0.0011911196
207 1.124383 0.856532 0.000000 18433.9094417077 10.2456784573 11407.9704506975 6190.5369790804 824.3246465885 0.7518967604 0.0797904608
208 1.123041 0.833424 0.000000 14356.9647029034 3.3086105441 9115.0140633742 4554.6010862376 683.9755373508 0.0602060161 0.0051996314
209 1.215443 0.919961 0.000000 18340.1392451276 7.3287861038 11368.1150191743 5871.6259496275 1092.6231573343 0.4094551794 0.0368778962
210 1.254380 0.959209 0.000000 19803.6575883441 2.1711509885 13188.0251058657 5919.8862607276 693.1028898339 0.4275966878 0.0445846418
211 0.959332 0.767969 0.000000 12475.0573782657 0.8887108791 8208.0661030563 3819.8845717972 446.0562970943 0.1468885417 0.0148073273
212 0.849741 0.717422 0.000000 13298.5175731425 127.6033720012 8275.8176239880 3964.4035342561 922.3951345502 6.4166269452 1.8812812772
213 1.081032 0.849339 0.000000 17358.5699455532 173.4823638524 10999.9173086311 5221.1022870923 946.0637728184 14.3565222999 3.6476911006
214 0.928723 0.754963 0.000000 10809.1848992524 1.7395545806 7311.0962533115 3300.7541703002 195.5832070872 0.0108763451 0.0008381833
215 1.143240 0.840500 0.000000 12606.4200119160 0.5487516207 9028.4446259073 3474.5153359523 102.8957107661 0.0144361622 0.0011520291
216 0.716112 0.592386 0.000000 9564.6427866982 0.0346607795 6387.5643348120 3104.5789000249 72.4542968404 0.0099342452 0.0006611188
217 1.074767 0.783807 0.000000 10089.4068018200 0.0559146308 6998.2488724678 3011.7107078429 79.3856173764 0.0053382949 0.0003522718
218 1.017583 0.808766 0.000000 15178.2617467498 0.0723776439 10058.9551554906 4834.5453198424 284.5261614192 0.1495265009 0.0132068266
219 1.133515 0.828331 0.000000 15772.5546953183 0.0623410798 10190.6567402276 5328.6269674504 253.1664712241 0.0392465659 0.0029298945
220 1.065780 0.853209 0.000000 15713.1488146155 0.0511468428 10507.1589748607 4979.4510108154 226.4535265692 0.0318073062 0.0023490319
221 0.893747 0.696601 0.000000 8518.1859638776 0.0510481723 5884.1681212016 2541.0211956163 92.9269517538 0.0172911607 0.0013566783
222 0.771520 0.629413 0.000000 8360.6322834335 0.1256676919 5543.5572764621 2719.0739650925 97.8558292532 0.0181077519 0.0014375885
223 1.274443 1.019172 0.000000 24740.4782839473 0.0852711875 15073.5909614318 8839.8779822935 826.7719171524 0.1419227071 0.0102301292
224 0.774338 0.675257 0.000000 7693.5850232206 0.0302192274 4940.1311496908 2516.2942147785 237.1060136890 0.0220945644 0.0013322354
225 0.756708 0.625979 0.000000 6893.1569420714 0.0098019699 4851.7700649660 1933.8190549613 107.5518242255 0.0057824349 0.0004143602
226 1.223033 0.939291 0.000000 21655.0123980626 0.0226095143 13808.1642987458 7136.9718620921 709.8422845966 0.0108785512 0.0004656869
227 0.772776 0.645691 0.000000 8963.1528492284 0.0293357120 5719.6132080356 2944.8915014820 298.6141842206 0.0044408631 0.0001799024
228 1.128922 0.835044 0.000000 17045.8099972487 0.0407937001 11654.3900171236 5174.7139991278 216.6500658817 0.0142103737 0.0009119710
229 0.899911 0.735359 0.000000 12687.8640594705 0.0405197889 8245.6221080695 4248.6618167699 193.5110005069 0.0269963274 0.0016187243
230 1.118263 0.821548 0.000000 19436.2171464978 0.2019444861 11617.2915647325 7145.8140155347 672.7528206648 0.1463056196 0.0104960490
231 0.961156 0.699572 0.000000 12186.1491101121 0.5070021208 7625.0715136691 4178.5429593877 381.9797119033 0.0451332131 0.0027904232
232 0.677506 0.565320 0.000000 7094.6270050666 0.1090699760 4506.7568676107 2357.3580125159 230.3546058900 0.0455733056 0.0028762127
233 1.333499 1.020839 0.000000 19807.2325646486 0.4157096012 12526.8890775910 6590.4659146622 689.0686389117 0.3581135498 0.0351105809
234 0.938248 0.761420 0.000000 9646.7823870863 3.4172537668 6658.0459796827 2705.5302927676 278.3687094030 1.1603853907 0.2597664207
235 1.064450 0.856110 0.000000 22217.3470501934 0.5533821197 14049.5842975432 7636.4697262989 530.2496702501 0.4486966999 0.0412780991
236 0.827581 0.649692 0.000000 10384.4957717577 0.0405190789 6479.9981390819 3702.0599034740 202.3789610374 0.0173563451 0.0008933905
237 0.800074 0.675741 0.000000 7893.3937144896 0.1593712050 4981.6548270570 2707.3222832026 204.2225169436 0.0325371874 0.0021797908
238 0.784698 0.669918 0.000000 11276.0630257625 0.0876845529 7245.5990308834 3671.5783815016 358.7566475023 0.0388874588 0.0023947973
239 1.024445 0.815050 0.000000 17131.3005934757 0.4683005375 10550.7106027415 5976.2659581356 603.6971642108 0.1477641426 0.0108045859
240 0.933347 0.776792 0.000000 13126.4756050471 0.1525911469 8093.1387934492 4519.7625475584 513.2673085427 0.1440147959 0.0103504012
241 0.759838 0.650120 0.000000 11794.7324171519 0.0049901848 7183.7204163324 4120.0079381786 490.9742012636 0.0233955150 0.0014763072
242 1.108778 0.848239 0.000000 22159.9978318967 39.9609143672 13265.1041831348 7643.2048400340 1207.1599557352 3.6849955894 0.8829436938
243 0.908769 0.759431 0.000000 14265.6614438809 67.3225589872 8856.2185891387 4717.2111352695 623.6209860554 1.1343995743 0.1537752410
244 0.968998 0.771158 0.000000 14829.8210371622 41.2072148402 9503.3149721781 4687.0010407350 596.7621305114 1.0831106098 0.4525687586
245 1.050342 0.827154 0.000000 22338.3865725788 308.4686468812 13470.4810770529 7143.4479156250 1414.0446179418 1.8117100964 0.1326055730
246 0.950516 0.744873 0.000000 18718.0885988957 198.4467770738 11592.6171135765 6070.8789572931 855.1178682034 0.9283743551 0.0995088791
247 1.051569 0.795653 0.000000 16041.7677842938 1.8357851503 10208.7528720693 5459.7965294611 371.3676757523 0.0141785557 0.0007440714
248 1.088379 0.863794 0.000000 18921.9765147007 0.0617322214 12340.1240716606 6208.8032377998 372.9730151141 0.0136898499 0.0007693345
249 0.933809 0.756483 0.000000 16526.0998485735 0.0374729208 10129.5770148102 5702.8849453698 693.5919435682 0.0081682192 0.0003051052
250 1.101324 0.878775 0.000000 19060.1973642025 43.8984286991 12045.1178237524 6314.1526079857 656.4630658143 0.5024913725 0.0629475224
251 0.919866 0.729488 0.000000 18292.5089799040 2.2288823283 11038.0441272634 6542.2855263689 709.0953855619 0.7312654882 0.1237936742
252 0.958697 0.785769 0.000000 12481.4408811345 0.3212346862 7911.0444613141 4296.4613642993 273.6042553103 0.0090078699 0.0005585086
253 1.178012 0.942399 0.000000 20921.3289665571 14.8545146987 12641.4957790468 7549.0463280009 715.8403787454 0.0858102908 0.0061565749
254 0.995691 0.853417 0.000000 13205.7862841189 0.0692925511 8376.7281438228 4522.8169682885 306.1589270341 0.0122433970 0.0007106602
255 0.986393 0.752779 0.000000 9563.5003473359 0.1021850175 5985.7655759849 3245.3135860443 332.3092459960 0.0092703335 0.0004853879
256 0.935433 0.714161 0.000000 9770.4497548488 0.5326270200 6482.4923551648 3140.1785000547 147.2398281790 0.0060103549 0.0004345996
257 0.828142 0.624020 0.000000 8866.7474981246 48.5070153396 5333.7101652677 3080.3695155266 403.5050642473 0.5634301215 0.0923078232
258 0.748048 0.631080 0.000000 9483.4036600013 0.0646400352 6101.8586996423 3099.0729566339 282.3002883455 0.0969372205 0.0101386810
259 1.323756 0.986388 0.000000 20168.5464913602 0.2230159322 12300.2421148123 6983.6669861940 884.2999502533 0.1085748971 0.0058499232
260 1.042423 0.827283 0.000000 14846.4665229396 0.4426584881 9129.5303663221 5226.7149378151 489.5640084711 0.1995303143 0.0150218993
261 1.078063 0.832551 0.000000 16218.6157034279 1.0812326551 9942.3699408055 5672.0808468327 602.9520034383 0.1225674586 0.0091124437
262 0.799429 0.626397 0.000000 8202.6717845338 0.1649307219 5186.0578629835 2849.2900448537 167.1494563813 0.0089129668 0.0005769347
263 0.855387 0.721517 0.000000 11831.6007920382 0.1310577349 7442.4893430171 4045.4354870373 343.5249390511 0.0191179187 0.0008479541
264 0.993685 0.705612 0.000000 8720.9289412756 0.0431818074 5854.4645676515 2757.8895819412 108.5270260556 0.0042469817 0.0003371771
265 1.054681 0.815975 0.000000 19208.0764077531 0.0494071846 11757.2224629057 6849.2269234989 601.4376178431 0.1297321364 0.0102645844
266 0.791925 0.649976 0.000000 9184.7416309425 1.0898496193 5992.9279227095 2991.1339624439 199.4986953819 0.0835407760 0.0076602429
267 0.843659 0.621853 0.000000 8809.5809196607 0.2826393206 5813.4633326130 2877.4799706968 118.3436761241 0.0104178407 0.0008835141
268 0.866737 0.681273 0.000000 13151.5399696639 0.2914832261 8158.4348056460 4578.0769231601 414.6003381961 0.1268584218 0.0095617048
269 1.182282 0.910622 0.000000 23933.8990935923 0.4452040596 14467.8327071248 8227.5030938564 1237.7490574862 0.3436802831 0.0253514405
270 0.990391 0.741454 0.000000 16992.0869920018 0.1046154596 10168.0837896404 6259.6956275845 564.0220660935 0.1667808939 0.0141131752
271 0.996715 0.795958 0.000000 20201.7377892104 0.0931906067 11979.7496795184 7368.5131300126 853.1837894209 0.1876519829 0.0103488294
272 1.092743 0.854399 0.000000 22040.3856873350 0.7378923704 12647.0168696262 8012.5703837215 1379.0453857368 0.9039729169 0.1111835064
273 0.887501 0.770472 0.000000 18720.0864037496 3.1990406001 10641.6642043619 6781.9597598980 1291.8290773690 1.2887752429 0.1455469425
274 1.037176 0.819469 0.000000 19182.4084541612 1.7002227573 11165.5082467679 6795.1077493678 1219.3114835745 0.7060443793 0.0747077055
275 1.040754 0.810503 0.000000 20662.9966543429 10.3484375917 11843.2400415651 7497.5962539781 1309.3620418438 2.0386607230 0.4112190286
276 0.807778 0.640219 0.000000 12612.2761826216 0.0390105699 7138.8071411200 4477.3667980954 996.0111837604 0.0494744927 0.0025749129
277 1.053984 0.821273 0.000000 21062.8648474295 49.0357665650 12514.1289024106 7277.3128108506 1222.1058301852 0.2584393071 0.0230985313
278 0.941133 0.724363 0.000000 15632.8412737812 1.3994280842 9450.9002893091 5563.3854572699 617.1382680666 0.0170633505 0.0007683804
279 0.717253 0.616908 0.000000 9035.5387459685 0.0145747262 5390.8726459849 3138.2755458831 506.3285187224 0.0444438359 0.0030172399
280 1.178055 0.967027 0.000000 23972.3595103200 4.9644541582 14213.2512262662 8146.6452565437 1604.5253595455 2.5720802257 0.4011341541
281 1.010191 0.776917 0.000000 12022.9793024092 1.7039336675 7719.0066295333 3916.9392638285 385.2750409999 0.0502710442 0.0041640742
282 1.228606 1.026186 0.000000 22809.8508909550 2.2478559599 14059.3891791497 7559.5177317760 1187.0030252087 1.5127375059 0.1803620053
283 0.817500 0.698188 0.000000 12752.0080383555 2.2557348290 8029.9634369769 4141.4733896237 577.8078950547 0.4686732338 0.0389087329
284 0.802317 0.692237 0.000000 13204.4940157882 12.4062171847 8363.4933942509 4140.3535113388 684.0873189752 3.4008531733 0.7527212362
285 0.727416 0.597976 0.000000 11619.0085958271 38.8574916303 7498.2515525941 3607.5442210192 473.3649934383 0.8892443840 0.1010930796
286 0.838227 0.640654 0.000000 8817.8425818368 0.0859860955 5996.2193888502 2748.0059051830 73.5254835937 0.0054176977 0.0004012308
287 0.807831 0.651747 0.000000 9154.4710016541 0.0376800145 6011.7781055168 2936.2156789303 206.0977539288 0.3081687033 0.0336149419
288 0.901159 0.701026 0.000000 10914.2273108465 0.2658439609 7230.6996220529 3431.0284308037 251.8660742359 0.3345497362 0.0327905547
289 1.149452 0.825061 0.000000 15813.3193929957 5.9884900862 10282.2784032209 5168.7908092096 355.9527325366 0.2810412906 0.0279172033
290 1.091603 0.846098 0.000000 14789.7345334489 3.7957245025 9755.3698340772 4692.1021247779 338.2511178648 0.1972205887 0.0185117958
291 1.002420 0.758303 0.000000 12794.8432744206 0.5536948490 8597.2134850372 3936.9643092663 259.7197313014 0.3503422047 0.0417119698
292 0.991044 0.723113 0.000000 8945.9116946038 0.7667026456 6334.9416309186 2511.2358694317 98.9429252371 0.0224749639 0.0020917711
293 1.111124 0.871081 0.000000 12256.8869028333 0.1930874574 8758.5270807618 3323.3095875242 174.7756918783 0.0748696800 0.0065865658
294 1.009430 0.825830 0.000000 15283.3443829979 41.7069001350 10135.0617377550 4504.8262838344 595.5306952666 4.6649755100 1.5537907621
295 1.091643 0.888636 0.000000 18382.0141059207 38.8005670012 11672.8924567984 5733.8855232126 933.0703650933 2.9651034980 0.4000906229
296 0.923269 0.774330 0.000000 12120.4384867449 0.2563176582 8018.5237266996 3728.0056035228 373.1670640811 0.4387930792 0.0469823821
297 1.156219 0.898618 0.000000 19405.0828272013 0.4075514705 12728.1609247614 6139.4945990375 536.6882363193 0.3019388646 0.0295773116
298 1.203394 0.961413 0.000000 21516.6864687042 2.7516561134 14054.5334810399 6948.2563147300 510.4845971145 0.5899697832 0.0704508456
299 0.711993 0.574735 0.000000 6510.9372017666 1.9948631599 4534.5384008484 1903.3596718745 71.0203450916 0.0219366665 0.0019843683
300 1.026057 0.854499 0.000000 15807.6282161070 1.1059594540 10450.5820314697 5039.3027873475 316.4131089655 0.2042147217 0.0201149542
