1 0.648286 0.579137 0.000000 34490.9590359624 1093.9830046697 17441.1339222327 11195.8064587942 4608.8081655685 106.8143060971 44.4131786009
2 0.651141 0.639706 0.000000 43890.4398715078 836.9767401848 22389.5561270031 14435.3621915424 5963.4951654744 186.3751494733 78.6744978350
3 0.585340 0.599866 0.000000 39989.7192190147 415.2998801318 20121.3180140692 13480.8930306178 5808.0282740435 122.1342998961 42.0457202573
4 0.567097 0.537182 0.000000 34084.6969419113 468.8050111246 17448.7566517749 11491.8685906457 4626.3893649850 40.7330651187 8.1442582675
5 0.620626 0.649950 0.000000 34932.8710242185 331.9321902127 18904.1267897366 11669.9644095539 3973.4699568863 44.7607033230 8.6169745244
6 0.532215 0.509278 0.000000 27894.8626802762 112.9145644032 15281.3967689857 9453.7203323146 3009.9307449919 31.0261251812 5.8741444046
7 0.687156 0.617332 0.000000 35579.0302429162 87.7726815481 19667.3949791409 12120.7051903246 3655.1600994186 39.4584963720 8.5387961225
8 0.708363 0.596528 0.000000 33436.9386463125 145.2540219632 18471.5618559732 11468.0661314036 3332.0331667393 17.5412773232 2.4821929181
9 0.621559 0.593426 0.000000 44544.8473905967 824.1547725410 21149.1825438504 14990.4803576327 7335.6626329630 191.8238853741 53.5431982398
10 0.512820 0.488925 0.000000 34896.8821626575 291.0703764882 17388.2857279970 11907.7928551116 5209.8070969183 77.8428562288 22.0832499249
11 0.614417 0.591508 0.000000 33880.8411417442 23.2030047948 18078.0639081750 11771.3398237512 3970.4829873322 31.3110625359 6.4403551709
12 0.457507 0.498056 0.000000 26102.4430322414 283.1938302225 13358.7760951673 8846.5570440941 3532.8976116721 63.5710374345 17.4474136628
13 0.675414 0.593235 0.000000 37155.0041493055 310.3682854407 19394.8285879620 12666.2348035778 4686.0564767934 78.7453949020 18.7706006668
14 0.381654 0.426067 0.000000 19308.4625808187 374.5476055662 9957.1935349408 6466.0624618610 2487.7511036953 20.9837857783 1.9240889720
15 0.544049 0.546730 0.000000 21941.6358932011 215.1896867607 12165.7950990720 7452.3421384056 2096.2327883427 11.0749981276 1.0011824961
16 0.470274 0.468063 0.000000 22405.6800899355 80.0708612279 11796.8003096553 7743.8189539572 2761.8246419062 20.7995715113 2.3657517098
17 0.694042 0.565194 0.000000 27511.3046682126 53.3379885635 16157.5452067985 9188.6602417086 2104.1268429733 6.9592845648 0.6751036515
18 0.707777 0.649306 0.000000 35937.1222040503 318.4812263446 19396.4173192573 12090.9286827670 4082.1581541844 38.8931858407 10.2436356944
19 0.680487 0.627159 0.000000 43334.8762767721 250.5496896006 21837.0091210077 15032.7522540635 6134.7220261989 68.7884294799 11.0547564768
20 0.531345 0.494573 0.000000 15468.5596322465 31.0041725344 9706.0282386413 4934.3896593412 787.0166391620 8.1942567431 1.9266658617
21 0.574263 0.568530 0.000000 27504.1534529602 194.6318006502 15243.6194833874 9252.7858471734 2769.1199187156 36.3237236035 7.6726794909
22 0.808204 0.690834 0.000000 42324.6949063454 261.5419722765 22180.3231927688 14576.1723649034 5233.1315652966 60.5722503958 12.9535607248
23 0.880281 0.787301 0.000000 50759.7746599208 140.0283723751 27437.1238519081 17674.6680544802 5434.9007779476 59.1838279787 13.8697752236
24 0.612826 0.566357 0.000000 21426.6563537059 4.6027316279 12753.8235837460 7289.6371916678 1374.3853937256 3.6115059729 0.5959470145
25 0.702160 0.620583 0.000000 30299.6770404779 4.4462515255 17558.5689118990 10372.8482207840 2357.6942851168 5.5256777670 0.5936934689
26 0.621825 0.571723 0.000000 21652.7311712561 6.4356919805 12389.2251810425 7477.1479769368 1777.0574717982 2.6680782580 0.1967712875
27 0.552538 0.473197 0.000000 23481.4375416851 74.3578467779 12972.0872295592 8063.4545970404 2356.4346003404 12.5395132680 2.5637547301
28 0.650228 0.557077 0.000000 22857.6528890610 76.0321271708 13075.2602847120 7917.7460247026 1780.1009522678 7.5405117494 0.9729884788
29 0.612365 0.510416 0.000000 22970.4948119674 14.6188958259 13459.2224919664 7556.7166463802 1933.9341109384 5.2033864397 0.7992804632
30 0.648790 0.605187 0.000000 31451.4977827013 160.7759781566 16499.6986117875 10809.7876384253 3894.9369934252 66.1482989790 20.1502619751
31 0.720488 0.582351 0.000000 25815.2576295024 201.4818849612 14941.8355658055 8600.4138539105 2036.7883670075 26.8791254503 7.8588323782
32 0.602025 0.518271 0.000000 26039.9228324298 38.5857187637 14360.4878470460 8958.4888342368 2662.7410766692 17.2442121191 2.3751436572
33 0.726541 0.660311 0.000000 27653.0456603202 43.6042958713 15404.2184827965 9615.8351569747 2578.9371706196 9.2863506030 1.1642035099
34 0.763113 0.593416 0.000000 28695.4629154555 22.1278183902 15957.0057086367 9967.2151219467 2735.8807265235 11.4464491742 1.7870908292
35 0.545981 0.517981 0.000000 25773.9096091179 101.6079737097 13424.5510385791 8942.9310912176 3279.1842632707 21.6350752343 4.0001671907
36 0.548628 0.494313 0.000000 22038.0259032472 10.7007205860 12148.2892273135 7703.9428339670 2160.0250857658 12.6519797498 2.4160559023
37 0.557995 0.516762 0.000000 21101.4448703863 51.1449122463 11368.6896031626 7147.7260846914 2510.6682183151 18.4415230728 4.7745290343
38 0.747636 0.601479 0.000000 28734.2081464290 91.9188893911 16296.9417581617 9569.8353028254 2740.6677793433 27.7563069365 7.0881098442
39 0.672526 0.666447 0.000000 30615.4500519004 214.0078176316 17280.6472828948 10205.9483621862 2888.3001383691 23.2636174625 3.2828334667
40 0.684193 0.669112 0.000000 26538.2658239604 35.3138394341 15414.7145211119 8969.8216921765 2111.2441950224 6.5589052610 0.6126710314
41 0.683402 0.606776 0.000000 29796.4222902605 174.2694709134 16057.5868285771 10103.3606972162 3416.8532097010 35.4919029448 8.8601809908
42 0.623807 0.523175 0.000000 22325.2484386723 112.7057938567 12343.6276561880 7590.4616413105 2262.2951497059 14.6878422544 1.4703554502
43 0.504331 0.452099 0.000000 13179.1099244848 49.8484658621 7848.4097817827 4357.7412901299 922.2502875174 0.7977356427 0.0623636436
44 0.696449 0.573597 0.000000 25866.0662014797 288.9180230467 14317.9630608334 8603.8595412555 2617.3842638749 31.9098431286 6.0314694107
45 0.703436 0.584315 0.000000 21060.6205597213 1.0393009148 12260.8928911935 7228.1732608729 1566.6413606378 3.4191469432 0.4545992602
46 0.576020 0.558324 0.000000 28734.0375958119 148.9379166087 14448.4309605790 9918.5656212694 4149.6498317774 56.6807696828 11.7724959480
47 0.707849 0.626137 0.000000 39659.6066876490 26.9601859399 20173.6307435094 13799.2622204620 5596.4593230470 50.3865378880 12.9076768908
48 0.666853 0.554253 0.000000 27423.6918679857 17.3287475049 15344.6263248294 9447.1980517365 2601.8057749441 11.3363462325 1.3966228725
49 0.475790 0.517940 0.000000 10127.2285895220 4.6157405224 6234.1170893395 3368.8238586630 519.4728994568 0.1915825719 0.0074190602
50 0.625735 0.475323 0.000000 18399.4385400086 0.1774548762 11196.7112715642 6200.3709028938 1000.3014669958 1.6895759301 0.1878677843
51 0.771230 0.595514 0.000000 27059.9847804982 98.4946101591 16179.1800691862 9129.7875655865 1642.7951118586 8.0695847849 1.6578389980
52 0.632639 0.512542 0.000000 19634.2190917375 11.6731212517 11924.0913526328 6594.5332078162 1100.2069556111 3.1137033142 0.6007512110
53 0.597102 0.501965 0.000000 15674.3341089504 0.0561085598 9652.3791257344 5338.8618422440 682.7794467254 0.2393014405 0.0182842951
54 0.730480 0.561995 0.000000 20320.9274401859 0.0532014719 12951.3948608608 6577.9489319579 791.0819339545 0.4216143067 0.0268978359
55 0.487449 0.423300 0.000000 12972.4820469083 0.0059577358 7781.9840026468 4454.8720906078 735.2569664822 0.3414556641 0.0215739114
56 0.650375 0.515252 0.000000 20738.2743879848 7.3473107002 12423.0087176476 7071.9861289104 1234.8674783082 1.0279528580 0.0367996718
57 0.489770 0.469937 0.000000 18214.6072024462 0.8183052536 10421.7591194497 6408.6753995328 1380.4155575979 2.6472712849 0.2915494149
58 0.644159 0.579153 0.000000 22827.1308911524 3.7395415386 13315.3940514548 7774.8609546189 1730.5851464264 2.4034880719 0.1477091127
59 0.673391 0.580733 0.000000 27060.8072830828 4.6824671162 15843.5910199713 9164.3604693260 2036.5863262881 10.2092872242 1.3777132808
60 0.725934 0.672086 0.000000 30654.1033318301 23.6433657732 17579.2501846880 10749.7695270545 2296.0533389975 4.5625717816 0.8243435865
61 0.734205 0.631765 0.000000 35867.1672822025 53.5236268324 19782.6875202657 12397.5870138632 3592.5305191400 31.7799703415 9.0586318971
62 0.571449 0.543161 0.000000 18506.3483981640 41.4591735829 11394.2079453088 6035.4550622961 1032.6348671931 2.3781715676 0.2131782735
63 0.539695 0.526537 0.000000 14529.5451461582 1.7570120621 9219.0961701542 4747.7658090275 559.5138545756 1.1880913290 0.2242091182
64 0.794230 0.687280 0.000000 28423.0619115536 55.3800323426 17160.1667786619 9457.9463642062 1742.4148159356 5.9559835823 1.1979369258
65 0.554075 0.529433 0.000000 13919.3894552009 16.9806851897 8692.5686470845 4557.9776345184 651.3526240201 0.4680227410 0.0418417583
66 0.588512 0.496936 0.000000 14253.9496485030 0.4360212749 9258.1537584357 4602.3496284317 392.9544141601 0.0526566838 0.0031696056
67 0.674989 0.583769 0.000000 18650.4664213163 1.1376168502 11511.2987808873 6199.9014294555 936.7805253460 1.2090852091 0.1389836592
68 0.477960 0.443229 0.000000 20892.0323542786 13.2087309995 10966.0819624433 7409.4822111140 2495.7321114035 7.0982667521 0.4290716493
69 0.664458 0.588132 0.000000 21091.1903662584 11.2497688319 11726.2603863492 7373.1307773282 1977.7102947881 2.6759894107 0.1631496122
70 0.572512 0.501786 0.000000 15004.5044209735 1.2214008626 8907.1400781333 5078.3111794734 1017.2397521085 0.5793420179 0.0126684159
71 0.630468 0.556967 0.000000 24182.5304599465 54.4089531068 13494.6411219063 8389.7837590153 2230.0028933218 11.2689136445 2.4248190266
72 0.715883 0.641105 0.000000 19593.2517034684 21.1206356290 11453.3511802459 6505.1400056242 1607.6158294601 5.1486057939 0.8754467914
73 0.574241 0.498831 0.000000 14750.7379507511 26.7967670550 8916.3482378223 4816.5317453738 988.0903243101 2.8085384519 0.1623378777
74 0.721765 0.610097 0.000000 32673.8710613716 39.4961591196 18657.7583035752 11422.5868897181 2543.4619355210 8.7403714737 1.8274021106
75 0.680483 0.556281 0.000000 20471.2913560193 1.7710470982 11865.8754548424 7055.3625012788 1543.8567708410 4.0696989045 0.3558831748
76 0.506278 0.526634 0.000000 21753.1671111956 11.1539374757 12029.4832175018 7680.0958293779 2018.3599537736 11.2810047162 2.7931683579
77 0.594973 0.545986 0.000000 21798.5750011181 0.2252122303 12557.9508628289 7539.5084837400 1698.0399097509 2.5399157232 0.3106168748
78 0.657877 0.581909 0.000000 20086.2549564442 0.0527673077 12078.9525139273 6880.1069081763 1126.2418883051 0.8257374371 0.0751413970
79 0.645806 0.523944 0.000000 20073.3359985374 66.6661476358 12060.4011150727 6614.4915186595 1324.4218623196 6.1768163567 1.1785386028
80 0.595684 0.485822 0.000000 11229.9823753047 3.2962682376 7615.1196436672 3265.4779582281 345.6260979571 0.4058720225 0.0565352514
81 0.693293 0.628943 0.000000 25652.1979232462 143.5733129592 15243.1442688731 8478.1943083766 1763.2599870191 19.2685601158 4.7574860359
82 0.747713 0.586594 0.000000 18104.9312332482 0.4296604093 11962.8871609053 5647.5850736747 493.9387738168 0.0854315140 0.0051332216
83 0.878580 0.672215 0.000000 20068.2638330181 0.0874778778 13136.6982033778 6267.6073882118 663.6829648721 0.1776322973 0.0101667944
84 0.492616 0.442500 0.000000 10924.5285674485 0.6539081495 7298.0049772722 3342.3568329742 283.2689924028 0.2230195839 0.0208371188
85 0.619155 0.559089 0.000000 19067.7107800575 26.6183575901 11101.7439139446 6697.6436533408 1236.5601561763 4.3676509263 0.7770482997
86 0.491484 0.476728 0.000000 21596.9290949887 10.8665155749 11869.3409206790 7694.6413203039 2013.6570835352 7.1269465395 1.2963085243
87 0.601837 0.501009 0.000000 17604.3605354812 24.1574489396 10333.2774947120 6135.6005185904 1110.0875490334 1.1555542864 0.0819700362
88 0.727418 0.637104 0.000000 31576.0703935040 126.0473230048 16425.3343787195 11355.9981261103 3660.6099140971 7.1894089769 0.8912428161
89 0.730386 0.579030 0.000000 24877.3768031276 227.4803678230 13261.9084048745 8748.9597810778 2634.8191665120 4.0146011079 0.1944819736
90 0.590464 0.542873 0.000000 25259.8014346460 393.7514542770 12837.2609001868 8626.3471119101 3387.1180387492 14.0576807398 1.2662488742
91 0.766822 0.648446 0.000000 33304.8666193159 425.6487220246 17157.4449264585 11447.8256626872 4240.8835945468 28.3464588768 4.7172548633
92 0.576944 0.477321 0.000000 29434.6670961560 460.4045808035 14403.7163143876 9985.0757375934 4472.7024015030 90.4169171932 22.3511446688
93 0.910308 0.720565 0.000000 35245.2341833464 443.4869593254 18514.6512964117 11901.5457675694 4297.6288645753 66.9863053066 20.9349902198
94 0.683907 0.551657 0.000000 24436.6297779506 115.9201788114 13186.3265676030 8031.3771543483 3088.2090927077 13.6999570088 1.0968277294
95 0.635100 0.447536 0.000000 14926.0087816590 21.0300394715 8715.7370836234 4878.6216781484 1307.7103940544 2.7032858221 0.2063006599
96 0.757412 0.603234 0.000000 38866.2063717270 398.6322246564 19990.0140943207 12887.5762663596 5493.1389948571 77.3425723163 19.5022194648
97 0.959503 0.723508 0.000000 42638.7892734704 782.3253173430 21664.5697725117 13525.9745393909 6505.2909121400 131.0785776097 29.5501546835
98 0.870642 0.628782 0.000000 36876.7284229520 252.1541540072 19728.7435174990 12717.4341590504 4091.5665605070 63.6959486099 23.1340838135
99 0.628945 0.592468 0.000000 25134.5217672928 184.7183066016 13047.4767358933 8758.1519352146 3131.2024160639 11.1416393747 1.8307342817
100 0.474636 0.515167 0.000000 18426.9154593493 35.1421164587 9635.6577563207 6418.1904846728 2329.1132328139 8.2985971653 0.5132720357
101 0.827671 0.655317 0.000000 32480.1426613102 62.2444043526 17554.3440072953 11279.0816248626 3561.9624175923 19.5373496589 2.9728576701
102 0.610996 0.511256 0.000000 22068.3438278051 189.9163933419 11493.5405891016 7467.2815991898 2896.2501254827 19.4896452012 1.8654755541
103 0.559029 0.458815 0.000000 18808.3471474852 38.3019812972 10242.7622708957 6586.1488043358 1920.6463335945 17.0059181629 3.4818393671
104 0.789756 0.590581 0.000000 26006.8515163612 29.5337339011 14619.5938241297 9020.5375686727 2324.1397803141 10.8065197477 2.2400898926
105 0.538399 0.526395 0.000000 22812.2911298928 0.2283511054 13019.0759791385 7930.3831091462 1858.4102514013 3.9495930871 0.2438463086
106 0.697777 0.554768 0.000000 23572.5424830933 1.4696763755 14005.0260023680 7943.3695472470 1617.9428028146 4.1889248551 0.5455297563
107 0.616379 0.557911 0.000000 31539.9180821153 13.5954246180 17668.5144144996 11010.5921850056 2825.1582692477 18.6663344777 3.3914543863
108 0.801688 0.652426 0.000000 23754.6620528383 75.6572269122 13904.4597545909 8116.3522050254 1655.7730181315 2.1742282978 0.2456201052
109 0.770416 0.693908 0.000000 19508.4685688056 0.4195668359 11977.6799944456 6555.0467912737 973.9852797596 1.2012647895 0.1356719618
110 0.787350 0.723139 0.000000 31525.6537895220 46.7933047408 18557.9831344766 10587.8118208795 2304.5614404711 20.2361293502 8.2679599412
111 0.691698 0.685217 0.000000 21226.2403946203 0.4631929244 13262.4443946759 6968.5089838730 992.5749322517 2.0308036947 0.2180875203
112 0.535823 0.527279 0.000000 18523.6053536323 3.9791446141 10616.4645027002 6338.5156954903 1557.8850796905 5.4874134810 1.2735177922
113 0.631239 0.576747 0.000000 18530.4045081683 3.7583233488 11213.4820073840 6131.7097702305 1173.4891593187 6.5218611246 1.4433869719
114 0.792046 0.597787 0.000000 22811.1005628696 7.3286102448 13651.3841668254 7102.8984308024 2033.4332956425 13.3608220373 2.6952375596
115 0.589544 0.512789 0.000000 18939.2033467876 243.1735959227 10878.8130051615 5754.8154891456 2022.7186415016 32.6137450097 7.0688702904
116 0.634809 0.535376 0.000000 15833.4509078688 306.1613139676 9019.7814545589 4703.4245455599 1754.7983519443 41.8102125245 7.4750293819
117 0.641473 0.550143 0.000000 15172.4033180542 34.6977136174 9163.3265387356 4846.6773603938 1124.0065785482 3.2883163789 0.4068105826
118 0.528073 0.476715 0.000000 19001.3214249261 206.6213687077 10448.2733020267 6552.9773581164 1785.2438514579 7.7467234897 0.4588213490
119 0.876185 0.776959 0.000000 36401.5553854308 75.4847870122 20810.5203709413 12310.1736703872 3199.6323992124 5.1136081834 0.6305502779
120 0.929046 0.734983 0.000000 33794.8862597757 589.2109022871 18375.5635366436 10976.0382809826 3798.0303175982 48.7142120521 7.3290102681
121 0.783987 0.720392 0.000000 36232.3622648700 956.3406457569 17735.1527265455 11867.0895761618 5478.9554516430 160.4165860632 34.4072789286
122 0.556258 0.565104 0.000000 34664.0510228512 819.5410547542 16767.9818604924 11284.5315568548 5524.9943083904 202.8735651228 64.1286773251
123 0.647967 0.625009 0.000000 24584.2459404290 748.2538004797 13191.1575165903 8007.7670470001 2550.2501735982 66.3222169400 20.4951859122
124 0.576872 0.491421 0.000000 23774.3405984870 533.7514040899 11722.9029614988 7631.3420320071 3859.8231303483 25.0799434412 1.4411271940
125 0.490842 0.443607 0.000000 23589.2776331037 213.0725483614 12350.0223898755 8388.8517814719 2607.7071361041 24.8020843697 4.8216930900
126 0.715930 0.693358 0.000000 32952.7489731504 410.0585793283 15981.7120757235 11294.1298918845 5224.8184277570 39.1667820261 2.8632166089
127 0.748408 0.660146 0.000000 30891.3124702181 84.3415254944 16921.3142139632 10957.1343567168 2917.9949546006 9.4344727229 1.0929472541
128 0.526610 0.471024 0.000000 13733.0676544389 9.2805778147 7905.9216273796 4841.9412379645 975.4311856276 0.4721046034 0.0209212288
129 0.521815 0.500392 0.000000 19200.0470114959 0.0549325824 10287.2367213981 6916.9967802227 1993.8475470684 1.7620416499 0.1489888054
130 0.825793 0.711575 0.000000 29438.5656267343 144.0533383079 15838.3653373779 10264.1957320603 3185.5607836155 5.9929439061 0.3974915739
131 0.593812 0.525083 0.000000 24337.2506706316 0.2885276871 13559.3547335995 8526.2542043375 2244.6111872581 6.2365891985 0.5054287475
132 0.612154 0.533222 0.000000 22434.6323034985 0.0518856510 12690.9115946605 7901.9169679936 1836.6394576877 4.7632359255 0.3491618431
133 0.622716 0.544618 0.000000 12511.9585011035 0.1537904992 7655.3333684498 4307.4514007972 548.7262571835 0.2778757418 0.0158087977
134 0.727521 0.604506 0.000000 20183.2877320517 3.6921251553 12255.4680773216 6809.5398996192 1114.0921867427 0.4605322145 0.0349113505
135 0.678436 0.505910 0.000000 17804.4875497583 1.1687428629 11003.1803560467 5986.8632872183 812.9119610533 0.3359997523 0.0272030590
136 0.700690 0.560039 0.000000 20696.0248786243 5.2042378415 12364.2766323866 7104.1565480834 1219.4514651314 2.6032189790 0.3327764776
137 0.521356 0.483018 0.000000 19608.4271726528 1.4264577927 11203.2244882383 6813.3731714817 1585.2494898560 4.2806604353 0.8729052681
138 0.650408 0.604803 0.000000 21995.7621370731 5.9185846055 12696.3451383800 7855.5660549518 1432.8879323084 3.9391326358 1.1052944664
139 0.557257 0.524178 0.000000 21273.7548233041 8.7914947628 12053.6027446972 7456.5896302669 1751.3458899468 2.9292561425 0.4958075655
140 0.586801 0.514577 0.000000 20198.1907064348 0.2774199187 11688.9444129440 7116.7689436665 1390.7425463662 1.3659899334 0.0913937423
141 0.674173 0.556564 0.000000 27782.3176148152 6.6835560690 15699.0714821507 9541.4614269005 2523.2802383528 10.7359441988 1.0849674991
142 0.398175 0.384675 0.000000 9864.4323505462 2.6337759407 6058.1590071415 3324.8990171376 478.2689512394 0.4315381197 0.0400612110
143 0.640963 0.614692 0.000000 23497.8356754771 32.9823830376 13280.9192596132 8198.5241829959 1960.4043608640 17.7699951811 7.2354940954
144 0.621290 0.597138 0.000000 20387.3994698170 45.6494617336 11832.2941323226 6891.5502025852 1595.5192039807 16.8495142778 5.5369553396
145 0.541296 0.505142 0.000000 17355.1287931741 43.3532745564 9996.9058251708 5857.4780336882 1449.5246652813 7.0034313462 0.8635633406
146 0.494142 0.482417 0.000000 10298.7007789128 31.2472244341 6179.1363144732 3452.9809234097 634.3504977727 0.9169146342 0.0689043095
147 0.683703 0.664155 0.000000 27453.5854009027 148.5063068652 14622.3630209424 9273.4438916042 3391.9225557945 15.7064483645 1.6431774386
148 0.706674 0.612724 0.000000 28281.2496917973 404.2650622227 14501.6864400801 9427.8716711128 3905.1340148050 36.6970627206 5.5954410080
149 0.612008 0.511567 0.000000 22717.1640477577 156.8391049485 11840.7187414341 7991.3977305827 2722.6813201369 5.0492417337 0.4779090651
150 0.809895 0.677036 0.000000 36623.5215211505 205.9968287240 19239.5932161240 12376.1646074098 4781.0864288195 18.5722094466 2.1082308751
151 0.691010 0.632783 0.000000 26099.6083345785 133.9728136115 13658.3332379936 8866.3857927208 3425.7614547477 14.6402311684 0.5148044794
152 0.643015 0.565693 0.000000 25352.1663949015 59.0610585224 13565.9490173530 8777.8323596180 2935.6063048130 12.6106377971 1.1070168755
153 0.658395 0.507614 0.000000 17064.2197064181 0.0835262705 10428.8144422648 5427.1725962675 1206.6182202363 1.4348028812 0.0961188295
154 0.467721 0.410883 0.000000 10192.1035436429 0.9299070103 6094.0945680022 3437.1985468300 659.6919516733 0.1829202255 0.0056500917
155 0.633536 0.601514 0.000000 23682.7070463090 49.7404875056 13087.0191900455 7934.6425362757 2608.5078863887 2.7144236103 0.0825225992
156 0.817687 0.649768 0.000000 20459.0258446921 161.8634882482 11843.4456484371 6356.3631972660 2089.9432940312 6.9680984065 0.4421184522
157 0.451414 0.465387 0.000000 15777.3288319512 93.0740110076 8630.7825558262 5199.6958615075 1842.0541140448 10.9581551347 0.7641345887
158 0.538782 0.509440 0.000000 20626.9494578066 91.5398400384 11251.5375750642 7083.2049028205 2169.4101665208 28.3654632867 2.8915101850
159 0.615088 0.545676 0.000000 15523.1217128281 12.5577111982 8852.9733743922 5248.9252525800 1401.8064237465 6.2303354860 0.6286156058
160 0.697541 0.579494 0.000000 24840.5072159819 13.2551764011 14051.4140400240 8515.7641999874 2248.8252352678 9.9621988842 1.2863657798
161 0.469442 0.392377 0.000000 17030.5225058361 2.1438253958 9668.3653821244 5867.5296588001 1487.0265007446 4.8805976425 0.5765413014
162 0.734231 0.573079 0.000000 24056.4354033005 1.0254848158 13999.7875728700 8445.5256729773 1608.3189525771 1.6996698053 0.0780505739
163 0.640259 0.571396 0.000000 21870.4001423882 3.9487030741 12545.0498250090 7624.3736410969 1694.5409504885 2.3442569912 0.1427659896
164 0.664009 0.451721 0.000000 13706.3170624138 0.0989740126 8783.3316460052 4494.1703036059 428.5672096845 0.1401277000 0.0088016576
165 0.665698 0.519427 0.000000 18389.6075386342 0.7537738913 11011.9337034914 6464.6191309442 910.6515623754 1.4650136247 0.1843546182
166 0.695544 0.583809 0.000000 20496.2524425183 0.3625406521 12359.7753685445 7073.3455056338 1062.1143397942 0.6116920056 0.0429961274
167 0.758058 0.655413 0.000000 34090.0137373110 285.8484182620 18902.2708715106 11815.1028186578 3072.7817414622 11.4531645824 2.5567230304
168 0.767208 0.579958 0.000000 26150.1776464820 40.3193187005 14889.2318620986 9176.1221547678 2037.0260280699 6.2731967014 1.2050863191
169 0.686533 0.593872 0.000000 19400.2156329749 0.2676096046 11809.3518220189 6489.9615165407 1099.0012661653 1.5280431770 0.1053757318
170 0.819673 0.699729 0.000000 21463.0125850347 0.0587512234 13117.6419444450 7253.8831085081 1090.8298333318 0.5800215011 0.0189262898
171 0.574936 0.521782 0.000000 15849.8752335546 0.0499336351 9598.9986813369 5435.9624608672 814.2462217099 0.5858653504 0.0320708280
172 0.667264 0.549418 0.000000 16023.4171959218 3.9481552985 10098.5060378415 5304.9601054377 615.2526630765 0.6832751118 0.0669593700
173 0.593187 0.519976 0.000000 17383.8354413957 47.2789485945 10270.2905776956 5868.7656629382 1183.3315171507 10.2652746555 3.9034607313
174 0.622179 0.516045 0.000000 10570.2321914286 11.1272058132 6460.9601836913 3532.9448957259 564.5378657114 0.6039383645 0.0581025708
175 0.676320 0.624903 0.000000 14583.2168013179 40.0930374260 8886.3649190763 4703.6318429848 947.0758625540 5.1473225805 0.9038173023
176 0.730638 0.587704 0.000000 19704.9561807535 102.8257112407 11710.3779708977 6588.0201332546 1295.5530665676 7.0359822566 1.1433168276
177 0.750766 0.556492 0.000000 14256.9403081338 39.5519067081 8803.4182318177 4691.1568834734 722.2160080882 0.5411480816 0.0561301606
178 0.740324 0.618362 0.000000 25115.5206737453 59.1545300729 14405.4455094926 8534.5336905878 2107.8810139169 7.4037349754 1.1021949942
179 0.699696 0.612098 0.000000 20851.6527703222 71.4924574912 12251.7146756333 7131.9588413358 1386.1079223148 8.2792386864 2.0996353660
180 0.584136 0.570911 0.000000 24432.0992694958 246.5265658921 12858.6410590344 8502.7988214677 2794.4276524088 22.8038431098 6.9013278421
181 0.809447 0.610129 0.000000 27222.5875361793 262.7725998523 14851.4200370968 9441.2227725218 2655.8610678548 9.7472237223 1.5638355912
182 0.695790 0.549955 0.000000 26361.2647531944 300.4494832504 13761.2822284428 9169.3050638214 3124.0797154109 5.5134300602 0.6348324631
183 0.724769 0.572251 0.000000 28507.4078634877 271.7263917904 15030.4796506672 9850.1998183980 3339.1334411375 14.4851986710 1.3833632880
184 0.671964 0.534658 0.000000 34602.2641510222 370.9938866976 17128.6645691776 12160.4397939413 4895.2661134014 38.2847206418 8.6150674929
185 0.778490 0.671018 0.000000 31682.9234787278 357.3904862303 16164.3958914625 10938.7164950754 4158.0563970034 55.4298714911 8.9343380561
186 0.743572 0.618272 0.000000 33966.6967985422 163.0210343967 17725.5907368368 11476.7530979477 4559.1265817030 37.2437893268 4.9615588754
187 0.779863 0.587438 0.000000 31795.4971752656 110.3180432947 16988.1613084619 10926.5528249138 3741.7994665132 24.7928078754 3.8727246156
188 1.044814 0.798087 0.000000 46912.1886944978 27.4713319835 25842.4388329665 16110.5036952102 4898.5773289640 28.6549350369 4.5425712864
189 0.700300 0.541936 0.000000 16573.1544921274 1.1373406340 9723.7423374354 5806.2228342172 1041.7652430669 0.2706995820 0.0160377754
190 0.651020 0.606463 0.000000 32378.6814303115 18.3248520608 17407.3902592519 11236.4397051215 3703.6257682529 10.9410564106 1.9597894890
191 0.908396 0.693800 0.000000 24104.0948156184 10.0861099482 14246.1410046900 8091.7432042224 1743.5807464580 8.7283652836 3.8153859705
192 0.348787 0.348463 0.000000 5169.8958391940 0.0092510705 3440.1131519472 1632.2834179379 97.4174883258 0.0666391370 0.0058914342
193 0.459561 0.399792 0.000000 15520.3727003778 0.0198229982 9672.5885001166 5205.8034385743 641.4080085314 0.5138370876 0.0390937753
194 0.677665 0.572258 0.000000 15749.6466673971 0.1382078883 10081.4294722883 5204.2595907055 463.6144574418 0.1886873997 0.0162520134
195 0.834305 0.694765 0.000000 34953.9294838895 21.7940696646 19755.2640110179 12267.0227631090 2902.1236702755 6.5908065353 1.1341636622
196 0.448389 0.426017 0.000000 15208.5976077042 62.4814416746 8492.5266616375 5177.6873408353 1471.8286333130 3.5487846434 0.5247458693
197 0.547842 0.493701 0.000000 16861.9322813298 129.0586978192 9581.1263655412 5692.3577070787 1453.6086292725 4.9409006381 0.8399812135
198 0.714955 0.610399 0.000000 23508.5369756150 279.7334023736 12922.5282242078 7822.3951306232 2464.5201632264 15.7659862721 3.5940692964
199 0.761247 0.662905 0.000000 26753.2813980426 223.6042122387 15100.7646615018 8946.2745014749 2455.2674973705 21.9967087673 5.3738167142
200 0.572857 0.536583 0.000000 22140.8158511910 438.0022077883 12603.6553869878 7197.8736021474 1878.4116656458 18.5598812440 4.3131075654
201 0.618670 0.490268 0.000000 14035.9110145986 10.4315515066 8601.6666476533 4821.3101300011 602.3091118316 0.1783480744 0.0152256266
202 0.681961 0.561589 0.000000 20093.7739148762 8.7359456882 11550.2113397598 7084.7868829324 1445.7189834803 3.4443310076 0.8764325069
203 0.629352 0.515758 0.000000 16934.5679651164 0.5204304075 10106.4116075392 5761.9474635774 1065.6110452441 0.0753148138 0.0021041931
204 0.610222 0.491979 0.000000 17921.0697671243 9.1547513171 9969.2577041661 6195.2722548620 1745.6676839376 1.6377564864 0.0796168912
205 0.570484 0.531705 0.000000 12913.5742933608 0.1297602676 7845.8536627184 4323.4263144165 743.3662331964 0.7769328051 0.0213906092
206 0.612055 0.508269 0.000000 18813.4531960204 1.3739403132 11392.9890148335 6550.0811667981 867.8649989484 1.0399281036 0.1041474551
207 0.660155 0.484915 0.000000 11663.1889565546 0.4168907890 7304.1699126353 3815.3773683632 542.6371886320 0.4700241840 0.1175726242
208 0.675850 0.613010 0.000000 16500.2369282418 0.0739328242 10381.7255647544 5403.1824421601 714.9336381263 0.2973651532 0.0239858445
209 0.762240 0.611625 0.000000 19028.0763636672 2.6617112022 11676.3302517259 6336.3937356620 1011.8409792179 0.7551062122 0.0945803366
210 0.727592 0.645421 0.000000 19084.2865634783 28.7890685882 11534.9071815125 6418.5901679856 1101.0311964398 0.8512527466 0.1176969383
211 0.575443 0.502325 0.000000 13187.6575172807 43.7190776763 8383.7977021781 4168.9779042303 589.1950236934 1.6802880665 0.2875220903
212 0.600273 0.563897 0.000000 16751.8939354667 169.7480204389 10334.6976870721 5505.1199911743 740.6331343685 1.5316725168 0.1634308073
213 0.550524 0.588687 0.000000 12453.1815943703 0.0462653346 8057.5056331805 4074.3816486500 321.1302460941 0.1112483412 0.0065537301
214 0.597364 0.557555 0.000000 17279.1499198498 0.0842474179 10700.6767724672 5843.7896627877 732.3030453125 2.0069829692 0.2892091437
215 0.638066 0.531643 0.000000 10586.0807565843 0.0547771415 7201.3444492542 3242.2975288709 142.3335812933 0.0467376206 0.0036827904
216 0.652895 0.539022 0.000000 9496.3546463899 0.0844892554 6790.1251015269 2609.3936505667 96.7285919389 0.0211933344 0.0016202033
217 0.704668 0.587171 0.000000 23447.1206022729 207.2052393904 14027.8561354906 7767.5177176489 1420.0568746361 18.6456566360 5.8389786994
218 0.721499 0.582838 0.000000 14510.0994070894 1.7759945877 9196.4840405088 4795.9045938606 515.5525170577 0.3515590010 0.0307023575
219 0.727357 0.590806 0.000000 16544.1351723740 77.7312266376 10669.5512980906 5194.9864003947 599.5119646129 2.0225246738 0.3317584842
220 0.577442 0.544885 0.000000 17742.0892543962 138.7986342224 10757.9736936059 5926.1986275890 914.2885553564 4.1603946246 0.6693493674
221 0.648754 0.594506 0.000000 20149.4794480792 403.7449407337 11657.0690510701 6607.5513154259 1454.3338340828 20.1097016135 6.6706054362
222 0.714013 0.577751 0.000000 16491.1218184086 0.6568661593 10498.3385843641 5455.8238689299 536.0304207114 0.2433889426 0.0286896199
223 0.553439 0.501327 0.000000 19203.2469715284 51.6781667068 10801.4126362452 6652.6972830601 1688.6622532320 6.9924265564 1.8042059719
224 0.631905 0.497165 0.000000 12367.3960885474 27.3043061022 7637.6182087474 4017.3166057270 684.5240663072 0.5826102048 0.0502918802
225 0.514804 0.445432 0.000000 15016.1745246567 5.4592513984 9277.9756026864 4777.0837282612 953.5537526131 1.9059106848 0.1962794907
226 0.911047 0.673250 0.000000 20700.6800189169 0.1484298910 13184.4921495039 6769.4142377091 746.3428133225 0.2688573008 0.0135320801
227 1.055410 0.693187 0.000000 27246.7463055283 1.2984914460 17391.4361770174 8818.1837256202 1035.4716515375 0.3292212971 0.0270401250
228 0.946366 0.653935 0.000000 28532.7835854717 39.0992036741 17322.8915790880 9466.5433822191 1701.7268843071 2.4511756581 0.0713618322
229 0.638538 0.483151 0.000000 11100.1479395810 19.2568510476 7170.3851239640 3438.6545367667 471.8310709068 0.0197928414 0.0005648878
230 0.665274 0.453579 0.000000 16103.8747284697 26.5972214593 9820.9396843340 5107.4005546696 1146.1953416418 2.6519967823 0.0899306716
231 0.709633 0.501715 0.000000 20558.5291296407 72.7891496955 11486.1524919221 7110.0239039567 1870.5123191846 16.8917278911 2.1595377589
232 0.844827 0.659960 0.000000 32025.2352621501 85.3282865914 18056.5768489651 10806.0170281906 3060.8498542609 14.8580472591 1.6051975716
233 0.694110 0.490284 0.000000 19513.9701343951 25.4443313200 11008.6751091832 6640.9969261913 1831.4220294086 6.1231118120 1.3086268179
234 0.613968 0.548111 0.000000 14814.6457818523 4.8247036432 9038.7568379073 4780.1555257906 990.1096331182 0.7593083378 0.0397736461
235 0.592724 0.550330 0.000000 13314.8875022427 72.6023275402 7461.7619997442 4683.3097545529 1094.8425602894 2.1937338038 0.1771267295
236 0.600834 0.501331 0.000000 14005.3846881026 46.0864547169 7772.2701673938 4832.8081101029 1351.8332351404 2.1473625036 0.2393584284
237 0.678255 0.553849 0.000000 26422.7582195327 316.7453450552 12905.2955500618 9039.6186014696 4110.9413115907 39.3417493966 10.8156620371
238 0.704702 0.550246 0.000000 19231.4804765093 237.8925942908 10194.0219835456 6401.8511354362 2382.1458399810 13.3292920886 2.2396318306
239 0.650788 0.519562 0.000000 20964.1972819957 19.3782476712 11519.3232900210 7029.3270112078 2390.0088853730 5.5170934994 0.6427544465
240 0.672429 0.551397 0.000000 16465.2555798464 73.3938725781 9058.7982346972 5614.0321400407 1709.2953163220 7.9188910245 1.8171253531
241 0.718810 0.651653 0.000000 21564.3766492205 9.4969731247 12083.7457011950 7306.7251247951 2153.1719604804 8.7931635540 2.4437265533
242 0.636672 0.568073 0.000000 27177.7595152579 59.3074151606 14562.8398986124 9167.2437994317 3361.9966534263 19.2477651671 7.1239837118
243 0.726760 0.579981 0.000000 20176.6120138946 58.4771253070 11561.1449521217 6818.9045797723 1730.9717535207 5.9399448049 1.1736587772
244 0.644778 0.525300 0.000000 15106.8669830917 22.2095540869 8936.3541251974 5103.7279007317 1043.4953044433 0.9855047384 0.0945942031
245 0.711056 0.608288 0.000000 11933.6424331216 4.2435313655 7329.9711918371 4056.4554940362 542.5748124377 0.3625623402 0.0348416794
246 0.561240 0.562538 0.000000 13970.3110644948 17.5968348132 8748.7473919978 4463.6548550686 732.8400535459 5.4284851308 2.0434439994
247 0.538152 0.542944 0.000000 12443.3662738566 67.9623720469 7769.0507683316 3951.3362749113 650.2151147341 4.2030881173 0.5986559846
248 0.740897 0.597622 0.000000 16034.5723199167 5.6796522583 10460.7219435619 5067.9339340998 499.6762581165 0.5094183429 0.0511140619
249 0.474297 0.452981 0.000000 12491.0271666685 4.4753676014 7670.1999861373 4182.5955708879 631.3493952492 1.7584436693 0.6484035571
250 0.609929 0.497657 0.000000 11731.6108046471 44.2879700869 7634.0297702686 3524.1201088639 526.1084187456 2.2603240768 0.8042130762
251 0.798016 0.646091 0.000000 24060.8258379056 334.1129018642 13733.7136207163 7702.1458828343 2271.5198862136 16.1352243644 3.1983220901
252 0.592078 0.539104 0.000000 25026.5182914787 386.7785918865 13904.6402622371 8100.8960070551 2578.6029522519 44.9049839989 10.6954942473
253 0.798181 0.600222 0.000000 25299.3465035437 206.9252209036 14772.4117027555 8170.3559151702 2138.2425654548 10.2272473307 1.1838523812
254 0.699433 0.614289 0.000000 23315.3884443607 603.4924263365 12840.3941383502 7437.6330844513 2391.6871109104 35.8322059586 6.3494785234
255 0.668233 0.556940 0.000000 15220.6147063275 183.8676199798 8958.0748555257 4728.9907922766 1343.1555986294 5.9600179285 0.5658222708
256 0.674996 0.609650 0.000000 23888.8645444500 685.2465402428 12757.8472911263 7675.8024317531 2732.6052204580 31.9256650126 5.4373962443
257 0.446746 0.417457 0.000000 9471.3896898577 133.3826307351 5534.2553351893 3124.1723269040 677.3268058443 2.0914462700 0.1611452716
258 0.844538 0.738655 0.000000 29835.2941172764 590.8113461010 16120.0618005644 9847.7657018994 3255.4109447843 18.1613692222 3.0829555883
259 0.603199 0.557738 0.000000 17439.8108157646 201.7368718020 9871.9962464133 5801.0869660704 1553.6441759297 10.6964344991 0.6501213596
260 0.607776 0.591820 0.000000 32010.6145201502 440.3774765540 16067.3061530868 10818.8646719325 4605.8478004287 69.9860166906 8.2324017083
261 0.716673 0.599035 0.000000 29178.8929118622 635.1493832989 15080.3037747090 9644.5774023151 3773.3449304809 41.8053162357 3.7121049356
262 0.577411 0.576881 0.000000 19916.8568879279 639.6659654426 10200.5290320412 6517.4610162217 2537.1042849776 21.0150722655 1.0815172318
263 0.494617 0.475722 0.000000 14260.2858419510 183.0516455441 7747.0966219035 4723.4676535749 1604.3326662270 2.2543837006 0.0828714480
264 0.570578 0.510825 0.000000 23967.4740265761 237.9500384460 12354.4334919989 7885.1845345217 3441.6546531605 46.0439399899 2.2073687172
265 0.404090 0.393741 0.000000 13545.2925622688 81.6184978219 7445.3191749591 4515.6176919481 1467.1460566245 31.4309726450 4.1601686056
266 0.612419 0.617426 0.000000 19577.6885504648 176.1312461026 10588.2984309709 6501.9587248012 2299.9448960351 10.2772276069 1.0780251060
267 0.708164 0.598431 0.000000 21692.1085821392 186.7922459990 12183.5033252133 7354.6277300379 1945.3606946816 19.0755096385 2.7490768227
268 0.568990 0.482078 0.000000 13623.3465713496 14.3905516638 7675.1702353428 4640.3561846390 1291.9238551174 1.3715234248 0.1342214922
269 0.800638 0.653393 0.000000 22260.4731092683 1.8799475981 12671.6422105077 7569.7986384757 2012.1444462412 4.6119027787 0.3959640675
270 0.459463 0.466844 0.000000 14344.9962874819 0.1334559880 8253.6411300559 4857.4371719712 1232.7771906690 0.9591007107 0.0482384794
271 0.619315 0.524714 0.000000 23805.9382281109 3.5258176727 12857.5162847427 8310.3006739305 2619.5459560674 13.3926989373 1.6567969938
272 0.772185 0.601824 0.000000 20629.4174760435 0.0220695086 11645.7982235915 7107.2214286322 1874.3105765110 1.9407171343 0.1244612178
273 0.696334 0.584175 0.000000 10846.9060124055 0.0019743639 7155.2949742195 3344.2615286131 347.3177542587 0.0285595288 0.0012222048
274 0.640767 0.611835 0.000000 11551.3333892928 0.0020841405 7663.4681732344 3646.2883128887 241.5351369875 0.0371407904 0.0025419222
275 0.595887 0.566662 0.000000 21762.6312268297 0.0646814487 12827.8768494625 7844.5838800577 1089.6632358820 0.4139273060 0.0286533433
276 0.636928 0.570329 0.000000 15108.3639672584 0.1071762616 9334.4606820278 5301.1246660520 472.6345102345 0.0352433997 0.0016897434
277 0.731437 0.635272 0.000000 21309.1320606146 1.9638894192 12555.3639443801 7368.2172652664 1381.9117087172 1.5096872631 0.1655661048
278 0.756109 0.604838 0.000000 19568.6818236619 0.2867535880 12232.3792888558 6602.9265856044 732.7915623181 0.2860685524 0.0115653368
279 0.891301 0.681453 0.000000 16841.8495418006 2.6307787631 10376.0066269111 5720.5630713391 742.2095377766 0.4176930908 0.0218340264
280 0.705313 0.583471 0.000000 22124.4859808950 36.3994291305 13521.0316688032 7334.7463495514 1229.1827777896 2.9108692307 0.2148869713
281 0.714080 0.611118 0.000000 25679.5944248574 9.1061872295 14858.9484584502 9041.1273516472 1762.7589840818 5.7350728579 1.9183708122
282 0.729869 0.625895 0.000000 20584.5484236832 12.9374744208 12045.4111663519 7178.5065939145 1339.1230913522 6.1234826113 2.4466155557
283 0.705264 0.627743 0.000000 16467.2315013337 2.5413972035 10462.8727499057 5364.6544343750 636.8514103546 0.2836290896 0.0278810462
284 0.993479 0.724833 0.000000 19722.0587176296 6.4465730094 12609.3805309959 6377.9744482816 727.1677938563 0.9882991930 0.1010728761
285 0.802716 0.613253 0.000000 14044.5945247062 25.1053077773 9364.8058410519 4294.9323896927 359.3333171260 0.3825462243 0.0351230936
286 0.727091 0.575813 0.000000 15176.6082606738 24.7857848538 9755.9627998123 4878.7674901366 515.9244664150 1.0304544243 0.1372655335
287 0.705782 0.619900 0.000000 20251.9180885706 17.1344219415 12440.1753746903 6893.3144214560 900.3535137019 0.8651287480 0.0752283882
288 0.835344 0.749984 0.000000 22409.2968827010 20.2479881208 14570.1736230584 7009.7217570025 807.8997161937 1.0970338953 0.1567648359
289 0.681445 0.526632 0.000000 14337.3819236726 12.6367307318 8939.3220142651 4649.5730679773 734.6450777680 1.0596708379 0.1453623465
290 0.498721 0.475835 0.000000 17629.6505968687 96.4337343127 10269.9338326360 5971.8327105411 1274.0709355345 14.1879753889 3.1914087677
291 0.684173 0.566361 0.000000 17575.6813540026 31.6681397551 10681.1476706893 5876.8493363370 981.5068413681 3.7711738020 0.7381922632
292 0.567460 0.506876 0.000000 11951.8953166188 0.1986698532 7153.0557426152 4060.5533938560 737.2114793697 0.7802200352 0.0958110914
293 0.480160 0.477683 0.000000 12417.2706681118 0.0211802793 7636.0296550716 4092.9742881243 687.2825910227 0.8757960312 0.0871580583
294 0.646386 0.567334 0.000000 16388.1031649712 2.4351677120 9957.2846124559 5559.9283641167 868.3427195111 0.1059386024 0.0063630954
295 0.697363 0.632860 0.000000 16910.7527518902 13.1728625032 10504.2584715060 5595.3308949446 797.0364032821 0.8603089305 0.0938111404
296 0.540493 0.442011 0.000000 8647.8851443802 2.3553399625 5532.3204397465 2746.7981074555 366.2578935706 0.1415254747 0.0118386173
297 0.734832 0.629463 0.000000 16995.9731911884 0.4695833631 10537.2858721076 5497.1013544903 960.6609012510 0.4242669436 0.0312135789
298 0.511585 0.473865 0.000000 5930.0610493897 0.0726167391 3858.7605601309 1778.9011113702 292.3140075842 0.0121299406 0.0006241019
299 0.854113 0.662822 0.000000 19358.7610807240 0.0310205067 12336.1726414797 6271.5977601680 750.8917658708 0.0633999403 0.0044937465
300 0.869085 0.699020 0.000000 16143.5740435667 0.0629333845 10593.1209300802 5245.2522273047 305.1018045061 0.0335788902 0.0025701668
