1 0.163292 0.177015 0.000000 5129.7532772655 146.0605295503 2673.3209071054 1628.9673375078 641.0316011079 25.5410313738 14.8318706203
2 0.225778 0.239032 0.000000 10553.3666590831 473.0847412522 5377.9748813448 3290.0844712919 1319.1392722897 57.6724432704 35.4108496340
3 0.183374 0.195129 0.000000 7431.5299216599 85.8055686900 4255.1753438664 2391.3973649943 683.7344460543 12.0850425421 3.3321555134
4 0.178928 0.212325 0.000000 5473.2552570636 59.6404794298 3286.7474066647 1762.0890688656 361.9986011177 2.2726980856 0.5070029007
5 0.188562 0.214762 0.000000 7790.8268010057 90.2802634679 4259.3509592298 2624.1731917868 806.6561635276 8.6929795290 1.6732434654
6 0.256981 0.244323 0.000000 8316.5244849572 95.7105837352 4834.7066146236 2731.2031902902 652.9959963755 1.7653090232 0.1427909106
7 0.332080 0.290723 0.000000 14253.8092557721 156.7906502724 7921.0599203554 4774.8898749920 1382.6827772684 15.0301131908 3.3559196943
8 0.108738 0.136371 0.000000 2595.0618922072 8.9017005771 1630.3936999843 840.3513749357 115.3658069182 0.0458399328 0.0034698625
9 0.291115 0.363365 0.000000 14145.6120702152 93.3607624449 7589.5099247425 4828.7271264261 1603.3076296690 24.5607121512 6.1459147832
10 0.120694 0.192380 0.000000 5898.5152511110 26.4362243324 3068.9416353696 2017.2667230841 772.7464063171 10.8776729827 2.2465890282
11 0.233189 0.231221 0.000000 9238.7295450400 48.6830759163 5139.3917297993 3154.0003116341 891.5604691307 4.5134004553 0.5805581103
12 0.248487 0.234538 0.000000 7504.3883467670 42.9141893053 4345.8753287682 2546.7833435434 566.5154841887 2.1042093754 0.1957915885
13 0.336141 0.307326 0.000000 14236.5140608263 80.0245234200 7683.7981771375 4852.1927697395 1578.6293471123 30.8411805662 11.0280628518
14 0.211464 0.232880 0.000000 8436.0204141172 41.0405731865 4550.5926809250 2903.7130581626 934.2405273044 5.6502487566 0.7833257849
15 0.411983 0.382666 0.000000 16913.5063114653 75.8707597202 9129.4674392978 5817.9548462939 1866.9786882857 19.0918340236 4.1427438458
16 0.238558 0.216875 0.000000 5775.9507598177 13.8320019396 3285.5771674157 1985.0189498935 488.6761882400 2.4718476419 0.3746046991
17 0.173697 0.202852 0.000000 7122.4631726146 22.0668130292 3990.6898208289 2408.9641495574 691.2463137882 7.8811058801 1.6149695421
18 0.204251 0.228048 0.000000 7072.3469123894 27.8174241522 3952.6409266076 2416.5051054081 669.8468146804 4.9432994930 0.5933420476
19 0.118268 0.162881 0.000000 2086.9370461269 0.1815898569 1351.9565432475 675.9927744358 58.7829856100 0.0215960857 0.0015569075
20 0.233940 0.250635 0.000000 7616.7699043418 22.5083884674 4171.0073389248 2594.8059085232 819.2919911533 7.9415589566 1.2147183187
21 0.192271 0.201233 0.000000 5126.3040888588 11.2788465927 3014.5142027159 1769.6035001473 330.3747974070 0.4907387251 0.0420032781
22 0.249564 0.267850 0.000000 9164.6334278576 19.0632267311 5013.6361250495 3176.2464483904 943.7787232962 9.5001824726 2.4087219210
23 0.243199 0.231248 0.000000 7488.5188445925 67.0365490758 4143.5123823921 2491.6606031606 774.4050529791 9.4731493177 2.4311076700
24 0.290703 0.262484 0.000000 8380.5700030450 62.8797154008 4737.3885919094 2860.7497144494 710.0745777364 8.3114788459 1.1659247077
25 0.220892 0.210423 0.000000 5122.3424194315 6.0518591465 3081.0345541973 1728.1285993118 306.6785037871 0.4166834285 0.0322195674
26 0.158783 0.202879 0.000000 6485.9917920074 64.9686938595 3349.1395071256 2248.8891704487 813.1974052881 8.8926799152 0.9043353897
27 0.222676 0.260511 0.000000 8195.1018767240 17.9586625960 4721.8812937913 2779.8717505036 666.0451375020 7.0044533523 2.3405789834
28 0.453852 0.390003 0.000000 12696.4716983654 34.9248280076 7320.5080176643 4362.0330559334 977.7110107931 1.1858359923 0.1089499757
29 0.347973 0.323749 0.000000 17204.2586731849 201.5413376317 8948.0573395397 5799.7221232878 2218.6541870417 29.8486889912 6.4349966996
30 0.219298 0.232639 0.000000 7747.2108869841 14.6749085089 4420.4077435555 2624.1681539184 683.2439451616 3.8786855673 0.8374502769
31 0.210744 0.208425 0.000000 5456.7637703980 7.4775309100 3229.5413431638 1848.9321508139 370.0923608633 0.6414068372 0.0789778159
32 0.313663 0.308057 0.000000 14247.0457793229 86.7553179525 7876.9918187367 4950.4279589843 1311.3095090009 16.5395664337 5.0216082260
33 0.313363 0.277583 0.000000 13961.3056338694 97.6227804451 7489.5372630024 4851.8528214263 1514.4909538913 7.0717405018 0.7300746023
34 0.109384 0.173736 0.000000 5982.3090679334 18.4837692886 2982.1456862051 2134.8142575199 834.1767310950 10.9271556171 1.7614682250
35 0.290035 0.306458 0.000000 14764.6003741672 46.9956695659 8100.7114391830 5027.9420729219 1560.5019959790 22.8659065672 5.5832899749
36 0.227377 0.213882 0.000000 5614.1015223354 5.8733820601 3438.1547710126 1874.7060151639 294.5142500432 0.7702687020 0.0828353623
37 0.167755 0.224167 0.000000 6782.5668138651 5.0904933539 3760.3912712495 2376.6549099514 637.9460510536 2.2340765875 0.2500116911
38 0.404030 0.342045 0.000000 12494.4899153593 77.7117018182 6837.5436964544 4317.0955457895 1255.0482536021 6.5381781439 0.5525395739
39 0.256445 0.232743 0.000000 8519.4242295029 36.7137832374 4880.5559190518 2964.5697928119 634.5307599376 2.9069847145 0.1469897724
40 0.264078 0.259416 0.000000 9577.6580714847 91.5682730760 4998.1480133539 3315.6334837065 1166.5656512874 5.2924268939 0.4502231732
41 0.198738 0.202345 0.000000 3028.8024217516 21.3045100177 1925.6568968408 969.0132088023 112.8006570420 0.0255328206 0.0016162277
42 0.217638 0.221713 0.000000 7987.1068112464 46.2252401902 4459.8003127727 2781.9716000809 693.6232019540 4.6799147027 0.8065415747
43 0.177627 0.175647 0.000000 3527.6350579852 25.1073262403 2157.3731623011 1180.8229537693 164.2548535290 0.0716523973 0.0051097446
44 0.264285 0.250118 0.000000 7348.6970628411 3.2767244341 4332.7739315631 2466.0332873260 543.8472294752 2.4867054842 0.2791845716
45 0.207635 0.224475 0.000000 6823.3712300907 17.4149550854 3785.0477179149 2332.8517763617 682.6125392495 4.9529417669 0.4912997172
46 0.296336 0.248143 0.000000 8969.5180838647 68.5433868539 4913.2187726496 3086.0467275840 898.3660040226 3.0577856713 0.2854070858
47 0.298456 0.259575 0.000000 6743.1976824404 50.4184555639 4006.7294333905 2223.1028669329 456.0515480500 5.1560340497 1.7393444588
48 0.288555 0.256976 0.000000 6281.3815678963 8.7416522194 3749.8374944180 2176.3918562654 346.1126117516 0.2789846457 0.0189686048
49 0.223660 0.235595 0.000000 7233.1707080412 0.2020641477 4147.0555190283 2600.3400249088 484.6376532034 0.8234993765 0.1119473817
50 0.273878 0.298277 0.000000 12985.2848186995 55.8598930228 6729.5910002483 4560.0186717495 1616.9296206241 18.6831939752 4.2024390920
51 0.281718 0.225076 0.000000 7400.0162820062 24.5514540536 4228.4578471114 2545.3389529229 600.2544884290 1.1968636437 0.2166758421
52 0.251604 0.248891 0.000000 9058.0414327551 124.9159040557 4676.6086032782 3067.2657913867 1179.5968345043 8.8302420502 0.8240575019
53 0.211600 0.203114 0.000000 6270.2682495769 65.3731133488 3410.6006865544 2130.1607264322 662.9958653651 1.0677627610 0.0700951203
54 0.122952 0.153000 0.000000 1057.5469222097 6.1460651496 686.9040199629 334.6537034502 29.8077834983 0.0341027000 0.0012474492
55 0.433577 0.293105 0.000000 9922.5881721695 2.2137235329 6129.4340823293 3378.5070655025 411.8431286372 0.5268925493 0.0632796204
56 0.317875 0.297396 0.000000 10322.5347237863 84.7992983815 5638.5916198920 3522.8186116803 1068.3159977675 6.6979195238 1.3112765435
57 0.303438 0.285069 0.000000 7614.4096886133 9.1332338889 4312.8201721089 2581.7147107108 709.8057128483 0.8754136262 0.0604454361
58 0.137486 0.155141 0.000000 2353.9725376982 16.5545297927 1385.3502301836 763.9892665467 187.0387504177 0.9215260637 0.1182347003
59 0.283347 0.223731 0.000000 11314.5164174362 19.5540314318 5997.6269981930 3903.7112846876 1374.2504967981 15.4092778562 3.9643284846
60 0.210091 0.231499 0.000000 5531.2848284530 12.8068458829 3029.8605044470 1914.5957663356 572.6238933487 1.2762531032 0.1215653603
61 0.133851 0.198850 0.000000 4073.7803529547 36.2974819903 2100.5713130919 1404.0631225762 531.8627796025 0.9425733990 0.0430823070
62 0.194176 0.180028 0.000000 6282.5529121144 146.6704912943 3119.7246413524 2052.0514062293 948.1478546449 13.6695493543 2.2889692373
63 0.228681 0.213390 0.000000 4821.0704940591 57.4666424305 2676.3044485644 1585.1176217715 484.0916012106 15.1307888402 2.9593912479
64 0.090931 0.128850 0.000000 4370.5623063034 40.1781912741 2279.7927515386 1507.8997016960 535.5288824957 5.1759109863 1.9868683151
65 0.298491 0.282691 0.000000 10830.6694281822 23.9912510929 6109.3249249087 3725.6202896292 958.2505024060 11.5477046934 1.9347554589
66 0.222179 0.204065 0.000000 5331.0343664948 0.0229501669 3188.6828971899 1867.9028058692 274.3232775310 0.0982902132 0.0041455249
67 0.270759 0.232962 0.000000 7881.9630189959 25.6129694572 4611.6810045724 2706.4938875332 536.9283678656 1.1511738639 0.0956157192
68 0.290420 0.315533 0.000000 15342.9235753091 28.9110041758 7959.1104124676 5428.0002668077 1906.3897877077 16.9157529015 3.5963512606
69 0.158368 0.175107 0.000000 4329.9936487070 17.9344988776 2500.0275900129 1529.1979886542 281.7521477751 0.8881419839 0.1932814273
70 0.157233 0.218056 0.000000 9675.8720575012 13.2029760637 4954.6174270176 3458.7040281888 1239.6989250629 8.3948515625 1.2538496185
71 0.213782 0.215769 0.000000 7098.3000573780 1.3123888655 3897.6930731663 2582.7647175530 615.8835272963 0.6126875592 0.0336629816
72 0.315167 0.323065 0.000000 16652.2442012270 11.5493695329 8620.0482122411 5919.8738033985 2092.3426755016 7.9535058197 0.4766347447
73 0.178918 0.209921 0.000000 5478.7375048389 0.3525372251 3006.4245348423 1932.8871053281 537.8638658158 1.1155662748 0.0938953799
74 0.103752 0.183932 0.000000 6222.3945002842 3.5506716254 3070.3925047262 2236.3063542106 908.1008928406 3.6688429326 0.3752339493
75 0.225898 0.211548 0.000000 7090.9598999495 0.5731823306 4042.0655473554 2481.9866432779 565.2730834381 0.9936496449 0.0677939090
76 0.212825 0.204661 0.000000 7966.5782205043 9.5348212199 4128.3768207140 2827.7355836217 997.6950626363 2.8948706463 0.3410616708
77 0.178983 0.208031 0.000000 7781.6030110989 30.8680965756 3915.6864208493 2746.6197142133 1081.0044528433 6.8009355809 0.6233910253
78 0.261884 0.246853 0.000000 8543.7819448674 4.7284348061 4354.9125591764 3025.6020896475 1151.6844191951 6.1521288068 0.7023132563
79 0.223218 0.249416 0.000000 10203.9515168542 155.7908714778 4893.6941413573 3462.5671002691 1680.4863597335 10.5550007644 0.8580432944
80 0.230910 0.240180 0.000000 10154.1782326564 39.9387741003 5092.0284206257 3590.1898091225 1424.1704740450 7.2741136803 0.5766410999
81 0.322431 0.284633 0.000000 17585.3033720749 27.5564464352 8599.9902273965 6191.5535532780 2715.5755906995 40.8718909336 9.7556633638
82 0.265789 0.218977 0.000000 11191.0851992693 136.4670637221 5268.2543485505 3896.9847555831 1868.7927571047 18.2122046826 2.3740696724
83 0.359944 0.366083 0.000000 13494.0754622438 117.3793662648 7039.2413231318 4677.5046479717 1643.8091921107 14.2664393711 1.8744934068
84 0.183629 0.192992 0.000000 3264.9707574791 36.4692527066 2110.9062438912 1006.3459918875 111.1620289998 0.0825620360 0.0046779675
85 0.230894 0.233907 0.000000 2988.1868583911 6.0411908205 1964.4310658837 946.6753753516 71.0149618323 0.0226487113 0.0016158167
86 0.436320 0.360381 0.000000 11197.1458426800 85.4762549815 6693.3639953534 3644.3826659764 771.8250837576 1.9016649835 0.1961776424
87 0.293779 0.313119 0.000000 9889.6510242725 6.0127944856 5758.1544860200 3468.7758845909 655.1924932286 1.3394435347 0.1759224326
88 0.233334 0.196353 0.000000 2430.1117855364 0.0566591744 1692.4598874177 715.4461135374 22.1474122822 0.0016142676 0.0000988561
89 0.302646 0.234175 0.000000 6183.0695306491 1.3602344247 3674.7040879958 2206.5797394427 300.1415670359 0.2587928200 0.0251089339
90 0.154315 0.202315 0.000000 1855.7517838381 0.0318181550 1229.8883140516 581.2848446311 44.5384992055 0.0080544491 0.0002533745
91 0.208906 0.222688 0.000000 7228.7286253133 4.5328597632 4085.2042581809 2594.1491520761 544.2837034162 0.5227851145 0.0358667700
92 0.342483 0.291237 0.000000 6759.4030503246 27.6702291418 4169.5754539188 2273.0032008735 288.7394055390 0.3735958677 0.0411650339
93 0.188010 0.186366 0.000000 3025.9885616557 5.7165210124 1901.7506187131 1018.1650701546 100.3309487506 0.0242516038 0.0011514359
94 0.100613 0.156737 0.000000 3079.5023647264 1.9556053498 1764.7911948670 1078.0456431522 234.3300359112 0.3491345060 0.0307509392
95 0.347187 0.329598 0.000000 11927.6853933712 119.7573211611 6567.9072339540 4117.2270796335 1116.1527162664 6.0924138790 0.5486284612
96 0.195982 0.204983 0.000000 3507.4871644184 0.0706005530 2264.7022795205 1148.3230038984 94.3603735410 0.0299694282 0.0009374977
97 0.345820 0.270655 0.000000 7050.5182697816 0.3055350418 4610.8262071189 2317.7158745067 121.6543611490 0.0155043676 0.0007876191
98 0.292616 0.302102 0.000000 8347.8649601633 0.4484298205 4685.4718489949 3011.6135595292 648.2882691206 1.6728073746 0.3700453614
99 0.253732 0.205017 0.000000 5765.3212127711 0.2547925695 3317.6176296877 2014.0334514237 433.1193447410 0.2740724125 0.0219219473
100 0.394960 0.360175 0.000000 13986.0587125595 7.0489858902 7753.4981177180 4902.4472023201 1310.9970321553 9.9239651026 2.1434094115
101 0.224097 0.210360 0.000000 3118.7322660740 0.9885658112 1991.8225881947 1034.0963100831 91.8059524651 0.0176655220 0.0011840002
102 0.160032 0.168152 0.000000 2038.9909148746 3.0524218531 1306.9899949689 682.4035474319 46.5385710156 0.0059617600 0.0004178584
103 0.190936 0.187056 0.000000 4588.7768110582 0.0213755530 2731.4925825851 1594.1058578901 262.1726357818 0.8573099523 0.1270493509
104 0.239966 0.199176 0.000000 6937.3088936328 4.2447550184 3911.4911194720 2481.6515084990 538.6529691630 1.0964222526 0.1721192625
105 0.291532 0.230829 0.000000 7788.5099336757 33.7284629133 4264.3037815756 2804.3880431895 684.0712735809 1.7688720058 0.2495004112
106 0.161812 0.186206 0.000000 4168.0329912958 69.7566505782 2262.9936520702 1422.7150194157 411.5718424516 0.9434391175 0.0523876593
107 0.179106 0.191260 0.000000 2905.0265076004 49.4694577382 1703.4956885348 964.0734916556 187.9079299714 0.0761587717 0.0037809325
108 0.228187 0.200547 0.000000 4862.8853244726 58.8882724456 2840.7775567067 1589.9433685351 372.3104319305 0.8600520188 0.1056428298
109 0.381699 0.307393 0.000000 11003.1774861355 29.9955372098 5974.5453222587 3889.0575187762 1104.4535098285 4.1128865339 1.0127115401
110 0.262112 0.260612 0.000000 4986.6126461945 0.9129982302 3060.1006010848 1661.8369948799 263.6408133843 0.1144690686 0.0067695678
111 0.207721 0.213369 0.000000 5161.8104992001 0.0606030867 3151.8990045849 1712.9613735410 296.7862605752 0.0969345231 0.0063229065
112 0.230650 0.236980 0.000000 4161.1781034968 0.1072721312 2607.2873946203 1350.1874934279 203.3562172892 0.2198529974 0.0198730254
113 0.315577 0.277300 0.000000 10987.1389494397 66.4890340652 5896.8878581898 3626.5785499405 1386.3163434837 9.3429771381 1.5241866468
114 0.169089 0.200569 0.000000 2874.9333317925 60.6798911514 1562.0825118039 921.6919801998 329.5602443950 0.8824707062 0.0362335382
115 0.385377 0.314622 0.000000 13274.2086984182 102.4427207492 6966.3971934047 4461.2978388957 1722.4407658542 17.3979535741 4.2322259679
116 0.154278 0.172164 0.000000 2943.8768709268 46.5142025124 1620.9472626490 980.0360162679 295.7134305707 0.5919127076 0.0740462730
117 0.236899 0.249465 0.000000 10584.7073524933 59.8131697974 5571.5885885924 3703.7570654256 1238.2249384809 9.3820651170 1.9415250971
118 0.193909 0.243104 0.000000 8051.7546655354 16.7389393424 4266.4020492839 2778.0013891066 974.5229483233 13.2458388883 2.8435005865
119 0.176298 0.187634 0.000000 4918.4830711031 34.3468440065 2678.9005689092 1691.3971300958 508.9658535578 4.1706560741 0.7020184614
120 0.338814 0.264409 0.000000 8098.0975983991 59.6649189035 4815.1512236855 2631.5220618752 584.0739547241 6.3663586673 1.3190805584
121 0.232901 0.222768 0.000000 6670.7943432801 27.6072785446 3675.6582022477 2335.7153103093 628.7387774271 2.6947486868 0.3800260691
122 0.301184 0.282793 0.000000 12422.7211522513 20.7109283813 6620.1262450170 4401.3432681344 1373.2995701058 6.5335998320 0.7075407814
123 0.168386 0.188054 0.000000 3117.4416406319 0.1621313982 1804.6300348102 1090.3490868308 222.1594956250 0.1364052870 0.0044867065
124 0.227126 0.228027 0.000000 9039.2176582866 22.5161055628 5026.2458955525 3132.2247554371 854.2712058285 3.3332636252 0.6264323116
125 0.335375 0.267558 0.000000 7548.3440836746 13.0618746410 4701.4853633416 2480.5234789649 351.8113009799 1.2072759146 0.2547898496
126 0.195164 0.191482 0.000000 3494.8546666831 0.0516738429 2252.7540413338 1166.5027522623 75.5399833978 0.0058462663 0.0003695805
127 0.304925 0.283712 0.000000 11666.5280461555 3.8570835732 6555.8803455986 4047.8153408562 1055.7658801998 3.0414621717 0.1679337830
128 0.266579 0.298140 0.000000 10177.9940326153 1.6384153756 5771.1101292670 3591.9415550732 811.5655166652 1.5830112077 0.1554050350
129 0.187173 0.234440 0.000000 4018.0689697745 0.7706375212 2390.5378386800 1368.6735920901 257.9060486082 0.1730226039 0.0078303306
130 0.295428 0.252236 0.000000 6326.9617360538 22.2980272818 3620.6827060386 2142.5880044508 541.0429285662 0.3382433956 0.0118263285
131 0.402564 0.328986 0.000000 10810.9564017441 94.5408147620 6198.5919119965 3551.5079449605 960.8247335389 4.6307647904 0.8602317232
132 0.409331 0.304611 0.000000 11219.6657571767 141.4114317255 5954.1809015928 3758.9080365124 1360.1491066187 4.7508012383 0.2654794939
133 0.195656 0.217372 0.000000 8318.7025949181 74.5510163992 4354.9233946583 2851.7736854381 1022.7918898167 12.8691314923 1.7934771323
134 0.322680 0.279750 0.000000 8140.1927182721 133.9785633869 4473.4120391017 2693.5350917109 835.8758937048 3.2146567420 0.1764736454
135 0.276209 0.277013 0.000000 10928.3008879955 5.8299631289 5985.0068018691 3893.2037421563 1037.6160129367 5.6826123621 0.9617555958
136 0.239970 0.211246 0.000000 7649.4185403675 0.5854121849 4285.8348838382 2751.1534748783 611.0892622115 0.7062444791 0.0492628448
137 0.254630 0.244455 0.000000 5474.9686645188 18.9574298359 3254.3775611120 1888.3859346166 313.1813309255 0.0645244116 0.0018837830
138 0.150788 0.208435 0.000000 4710.6871872629 0.2805769918 2593.8996900409 1713.8191507445 402.2907728435 0.3717840801 0.0252126025
139 0.340490 0.253878 0.000000 6917.1662940574 0.1027483139 4267.5181482259 2332.0814527751 317.4035839736 0.0584762340 0.0018846259
140 0.184701 0.172732 0.000000 3989.3116991000 0.0201504225 2350.0034951817 1445.7795640407 193.4933214118 0.0146599552 0.0005080967
141 0.245380 0.235483 0.000000 11450.2844897735 60.9150603564 6036.4863426385 4037.0351095037 1311.2188618555 4.2472425215 0.3818728948
142 0.098570 0.136445 0.000000 2999.8985232512 8.4620094146 1635.9771080670 1068.8232084105 286.3181664029 0.3077619917 0.0102689568
143 0.246103 0.241191 0.000000 5342.9300594643 0.4281898307 3123.5200468771 1823.7176611613 394.3914382307 0.8157162683 0.0570071240
144 0.260055 0.278424 0.000000 7856.9654376225 2.3301088041 4211.3691431856 2789.8284267598 848.5597067761 4.1577037482 0.7203484018
145 0.199794 0.198937 0.000000 6236.0737439799 0.4560204034 3411.5123412910 2206.6489338152 614.4734511742 2.7081329762 0.2748643555
146 0.324430 0.279091 0.000000 8255.5643013004 0.1435940432 4651.0997578112 2898.8050297504 704.6084964343 0.8461498633 0.0612734413
147 0.372688 0.339278 0.000000 17923.4961083893 3.8119786129 9320.9682576587 6379.1619085364 2210.2633849121 8.5136675376 0.7769112253
148 0.316121 0.297711 0.000000 8999.2987157184 46.9124653264 4673.0924072932 3139.1786806666 1138.0729806803 1.9061014073 0.1360803638
149 0.190155 0.220285 0.000000 9159.9533723409 33.5797704262 4632.8590365263 3205.8689679565 1278.0612175258 8.8363304050 0.7480495312
150 0.433032 0.366950 0.000000 13554.6429346439 13.5178678817 7296.4401528869 4834.9693681317 1402.5006987173 5.6646455798 1.5502015380
151 0.200514 0.229220 0.000000 5367.1630432587 5.3830958759 2922.7848004271 1902.4551715493 534.0063512269 2.1407090233 0.3929151833
152 0.247790 0.238405 0.000000 9043.4007103652 97.6831297739 4657.9616588312 3144.3248892340 1131.0142666219 9.2351892343 3.1815766563
153 0.338556 0.286525 0.000000 7395.5331266060 10.1532231419 4213.7004991359 2607.5849889550 563.6502640692 0.4083213753 0.0358299773
154 0.303425 0.258490 0.000000 8031.8233276618 49.0620036236 4340.8229192174 2851.5223736498 786.1521344083 2.7248026899 1.5390940647
155 0.325613 0.244967 0.000000 6336.7773382475 2.1541176736 3833.6780665689 2158.0942114690 342.6219627400 0.2097555348 0.0192243061
156 0.201891 0.219426 0.000000 7172.4536461107 7.7940358009 3923.0454752343 2503.9761701557 732.3220534505 4.2582710787 1.0576403961
157 0.195440 0.170130 0.000000 2405.6961628031 1.7499640540 1499.8301066569 818.6799247714 85.4136602913 0.0212821599 0.0012248891
158 0.394413 0.298010 0.000000 10430.6148126098 47.1198770512 5962.8201060913 3525.4055565696 891.9534288169 2.8922212068 0.4236228932
159 0.166008 0.166196 0.000000 1890.8729416717 0.1499662334 1275.3230999625 583.1830525716 32.2094361490 0.0068618481 0.0005249147
160 0.245976 0.280752 0.000000 6110.5111071413 1.0244691797 3566.1178897440 2169.4797159750 372.6815917791 1.0253817362 0.1820587716
161 0.329366 0.297686 0.000000 7288.6341110308 13.4560583901 4168.3114640157 2467.8063820635 638.4326006316 0.6064047997 0.0212011729
162 0.183985 0.206321 0.000000 4998.5830818488 4.2190435753 2853.9434792564 1763.5203905473 375.4332145264 1.3866318184 0.0803221902
163 0.188295 0.214469 0.000000 4268.9036201456 0.0620004432 2542.0978888320 1469.7278563017 256.7910624897 0.2151052981 0.0097068155
164 0.260549 0.236265 0.000000 3684.2077805312 1.1769280251 2356.9227505893 1168.6977822046 157.3843142017 0.0253258896 0.0006796315
165 0.333766 0.290104 0.000000 6560.6974299002 0.0633019876 4139.2513146755 2139.9546503023 281.3014325945 0.1194918854 0.0072385402
166 0.249429 0.255472 0.000000 4611.7895338378 0.0048975978 3019.8773581133 1473.2350852508 118.6529420044 0.0183359489 0.0009150222
167 0.152666 0.188479 0.000000 4951.5182538602 0.0122935007 2909.8705117685 1766.5198081020 274.9566274419 0.1489568601 0.0100562557
168 0.321010 0.295606 0.000000 8660.4592944244 5.4768310678 4980.8645058336 3066.6394981350 606.3809386685 0.9887736885 0.1087470210
169 0.242721 0.231507 0.000000 3357.1393592748 2.3701574892 2134.6572538273 1113.4339201918 106.6609735508 0.0158375622 0.0012166637
170 0.242759 0.214820 0.000000 2260.3249852618 0.4877374368 1467.1125224133 751.2419348558 41.4793094145 0.0032159080 0.0002652529
171 0.208913 0.211381 0.000000 2753.4615510150 0.3160658400 1834.3373218658 851.2710370149 67.5273019750 0.0090022942 0.0008220438
172 0.306703 0.241238 0.000000 5515.4430407172 0.2755191267 3530.9024732374 1813.5944286593 170.6044285287 0.0606631084 0.0055280686
173 0.189258 0.185647 0.000000 3360.4183202963 0.3601768929 2045.9276310406 1140.5692301061 173.0227900281 0.4654196032 0.0730726155
174 0.320657 0.230256 0.000000 6253.9656506307 38.6659542938 4042.1303803090 1932.5801448490 239.2173861571 1.1495499913 0.2222350358
175 0.351733 0.243624 0.000000 7820.1247461071 2.9131374056 4959.5628238629 2622.3635946046 234.8484726265 0.3889598813 0.0477577292
176 0.188797 0.221440 0.000000 9914.3586822146 36.9576962116 5314.3710566355 3573.7884610755 985.1503489990 3.6917562978 0.3993630268
177 0.229236 0.237425 0.000000 3009.5474794951 1.4487754287 1883.3937578745 1000.0824304116 124.5515257996 0.0682314586 0.0027585632
178 0.190174 0.188734 0.000000 3336.5055947499 3.4091877281 2103.5801368075 1062.0234843896 167.3170120276 0.1652332996 0.0105405193
179 0.387536 0.299357 0.000000 5433.2094617304 2.4312895707 3550.1478613437 1695.0754866482 185.5078249287 0.0449071313 0.0020921501
180 0.281675 0.254852 0.000000 6121.6143209523 3.3102741291 3661.7073479570 2101.0791593464 354.9732041360 0.4951440389 0.0491913719
181 0.229200 0.219737 0.000000 2719.5845836208 0.4528657796 1783.2053490081 843.8525995048 92.0513686048 0.0214872450 0.0009135722
182 0.238623 0.233492 0.000000 2720.1553699099 0.3390008507 1870.5034289339 792.5047951521 56.8024345777 0.0054428877 0.0002675457
183 0.290549 0.242892 0.000000 5584.4268268295 1.3806196135 3413.3628001601 1921.3420199307 248.2732553354 0.0636164432 0.0045153703
184 0.256797 0.252129 0.000000 5370.7095728755 2.1018664302 3272.5501565073 1780.0746122355 315.2038630920 0.6907292601 0.0883453772
185 0.240452 0.208277 0.000000 5248.8465734753 1.4411834496 3229.1856831359 1741.7704017335 276.0026728535 0.3922878610 0.0543445027
186 0.269769 0.246037 0.000000 6167.1900772939 4.6217834091 3821.9345885113 2051.4784869446 288.7977015435 0.3150930769 0.0424238061
187 0.046006 0.133607 0.000000 517.5280466549 0.0030015831 347.4917290782 158.0247031215 12.0064816899 0.0019604198 0.0001708270
188 0.305844 0.263136 0.000000 5172.3860848141 0.0512039633 3407.6328812767 1628.3539481896 136.2930346841 0.0507190529 0.0042977786
189 0.212407 0.235195 0.000000 2478.1490812786 0.0701289538 1618.5108073210 795.3816600325 64.1731975261 0.0122156887 0.0010717720
190 0.102305 0.117123 0.000000 735.0164060730 0.0058791033 528.4047334027 200.6030912035 6.0025263747 0.0001617862 0.0000142094
191 0.340042 0.281330 0.000000 4802.1682572093 50.2588397898 3067.4483622632 1556.8913971905 127.4959952304 0.0657398743 0.0079228720
192 0.227967 0.206741 0.000000 4407.9711685225 9.8871605159 2777.9586007133 1432.5858909355 187.3843614949 0.1419242451 0.0132306444
193 0.331268 0.339116 0.000000 8287.2589320183 0.0780385680 5113.5152225578 2847.1494732378 326.4265228468 0.0847533723 0.0049215121
194 0.364449 0.342159 0.000000 9438.7120938330 0.2231662565 5360.0063554407 3323.9827638876 753.6056151741 0.8326650409 0.0615280531
195 0.358650 0.299615 0.000000 5423.7351709515 12.6465765552 3352.2381701309 1794.6983323438 264.0890303597 0.0598868242 0.0031747767
196 0.345115 0.273897 0.000000 6366.8248130682 0.1041509794 3824.1297282132 2136.0584517851 405.7731961573 0.7047663737 0.0545195978
197 0.206384 0.249197 0.000000 5648.6429032516 0.0835324959 3231.2783724714 1948.4259931485 467.0593843462 1.6031113396 0.1925094561
198 0.213693 0.234134 0.000000 3760.6128272714 0.1242737373 2309.0913069586 1228.2502760806 222.7680260652 0.3477744570 0.0311700149
199 0.307564 0.276257 0.000000 3800.7089282665 0.0224692431 2571.7521930548 1159.6923839161 69.2021290993 0.0367720160 0.0029809917
200 0.179044 0.212327 0.000000 5678.3223874133 0.2195036594 3405.3018181782 1952.0332519436 320.2055290044 0.5063282977 0.0559563579
201 0.198736 0.207391 0.000000 3655.4458925361 0.0255431086 2160.5956581384 1303.9864291909 190.8021749970 0.0348959332 0.0011912005
202 0.366092 0.279727 0.000000 6478.1491696625 0.0471776751 4099.1329074618 2172.4776102221 206.4702229304 0.0202633181 0.0009880535
203 0.239414 0.207924 0.000000 3638.4312978260 0.1239120489 2392.8966722242 1158.8864407437 86.5169964708 0.0068755056 0.0004008677
204 0.250058 0.243165 0.000000 8690.8798578463 0.0738091103 4934.3560350064 3072.1338934259 682.9426916045 1.2033981992 0.1700305271
205 0.340268 0.266254 0.000000 7911.6189345080 0.0229935957 4677.6365744216 2768.1686039332 465.3746675937 0.3935927820 0.0225022341
206 0.214058 0.186346 0.000000 3420.8651666672 0.0170343354 2175.2439152321 1125.8024668775 119.7391962523 0.0594040417 0.0031499502
207 0.311468 0.257089 0.000000 6533.6666242422 0.0257136385 3852.9137907380 2312.5187670260 368.1516802443 0.0539262242 0.0027464098
208 0.232628 0.235600 0.000000 2780.4424467378 2.0884601727 1679.4538428589 931.5296652446 167.3675402593 0.0027990374 0.0001391817
209 0.123860 0.125213 0.000000 1126.1835553529 2.1209614897 706.3382696546 358.7834226444 58.9398730573 0.0009717985 0.0000567438
210 0.191932 0.178518 0.000000 3568.2640088387 0.5280076658 2097.9258477490 1225.8906227787 243.8545745230 0.0610961274 0.0038600680
211 0.164852 0.183493 0.000000 3250.1596312596 5.1666824017 1961.9323463032 1085.3743977643 197.6473990645 0.0366719308 0.0021338545
212 0.247424 0.236134 0.000000 4074.5743446156 17.9399321755 2325.5840001387 1424.4326958741 306.5589249200 0.0564641744 0.0023273746
213 0.442808 0.376219 0.000000 9781.9136768087 2.4280168657 5586.2641203101 3348.6779069676 844.2416203629 0.2923875631 0.0096247731
214 0.242321 0.239169 0.000000 3574.4450908316 0.9304136269 2130.2902067500 1166.5129458580 276.6328370448 0.0777242949 0.0009632959
215 0.228369 0.240036 0.000000 6772.9063829599 23.4597707500 3854.3669775024 2298.4436489463 595.0349856202 1.5390604023 0.0619397633
216 0.207834 0.200279 0.000000 5609.8633672511 25.6166841697 3039.7145269755 1910.0767812094 627.1413908141 5.9341228021 1.3798613130
217 0.210269 0.235762 0.000000 4599.9877588733 10.7507556314 2666.3915195772 1543.6577479498 377.4717321739 1.5301883333 0.1858152176
218 0.178676 0.201218 0.000000 2712.6997489816 3.9597682202 1607.8818926703 909.4982008659 191.1893897760 0.1535421250 0.0169553190
219 0.293356 0.288982 0.000000 10677.5705330587 0.3920802131 5902.5993378336 3853.4887444954 918.6839821646 2.1505621546 0.2558262621
220 0.306709 0.291563 0.000000 6404.3671155509 0.0443874920 3780.9634382494 2213.9979514374 409.1355471606 0.2111992464 0.0145919904
221 0.269549 0.251915 0.000000 4990.2296223262 3.2689345374 2973.1308989956 1673.2879447768 339.8749254949 0.5994135473 0.0675050210
222 0.199902 0.208377 0.000000 4392.4205964454 11.0317060020 2541.4783146258 1538.1633753454 301.4397712214 0.2811470274 0.0262822485
223 0.300233 0.289168 0.000000 6620.7356416245 17.0687731767 3903.4947356110 2243.8572366519 455.1781664431 0.9972505224 0.1394792816
224 0.199909 0.232576 0.000000 2786.7912564927 0.6214194078 1759.9720951680 938.9546630169 87.2307464942 0.0115586679 0.0007737625
225 0.201837 0.230600 0.000000 2361.9391439615 2.2118260581 1524.3050627664 782.3362113184 53.0600068777 0.0240503400 0.0019865924
226 0.307861 0.267839 0.000000 6866.4595347888 63.5893589160 4138.3385310400 2341.1788628979 322.5827930721 0.6806767749 0.0893120812
227 0.200887 0.230775 0.000000 3986.2924477895 52.4040322950 2440.2443594168 1322.4640653153 170.9984041262 0.1671472776 0.0144394034
228 0.102381 0.156817 0.000000 3409.3201668975 28.3768926114 1925.2833155352 1246.9591997979 207.6703349860 0.9077570316 0.1226669857
229 0.157102 0.188209 0.000000 5230.4248135570 52.2642527480 2959.9212796901 1859.9863740546 357.6379846916 0.5735678366 0.0413545581
230 0.234758 0.240532 0.000000 8471.7891199526 19.5253247058 4484.0590960260 3122.7035113544 842.2799803597 3.0082385894 0.2129689427
231 0.245842 0.245645 0.000000 6177.7906917016 64.1304107658 3342.3424182596 2135.5793351332 631.2427051606 4.1367021424 0.3591202983
232 0.257564 0.243392 0.000000 8896.4052446481 17.1061555150 4863.0982177016 3131.8282322359 880.7209080569 3.2495207093 0.4022104612
233 0.141899 0.210471 0.000000 3483.3299144998 30.3461126904 1721.2506628645 1252.0810477310 478.6277960469 0.9575411811 0.0667540170
234 0.305097 0.301924 0.000000 14914.7258748453 147.1097817423 7484.4410446855 5299.7995338765 1964.1520390138 16.3984550272 2.8250205313
235 0.160435 0.223400 0.000000 8880.6555422548 45.7751214353 4183.9424315395 3176.5708024421 1454.8886343867 17.0594521795 2.4191003029
236 0.247159 0.283436 0.000000 10139.9065585206 5.1233399861 5196.7484067009 3548.5742565911 1377.8707607753 10.2712546264 1.3185399501
237 0.187476 0.229083 0.000000 5456.8162951067 38.0566728709 2780.6337135612 1891.2428197480 743.8020456477 2.8112801943 0.2697631737
238 0.188099 0.208476 0.000000 2503.5129058038 3.1740077670 1503.3418109869 827.4905194347 169.0812497454 0.4007544196 0.0245634798
239 0.336839 0.310929 0.000000 11007.0263620621 28.3090877267 5812.0570313324 3866.9073247270 1296.3421829421 3.0079017779 0.4028335962
240 0.236858 0.226644 0.000000 4970.7551591340 48.3413734521 2602.1087233817 1748.5349442932 569.1440954315 2.4723607837 0.1536618020
241 0.268665 0.228482 0.000000 7878.3720361083 92.5264027018 3943.2027048344 2722.1215316728 1105.0606953541 12.6424073504 2.8182941976
242 0.396306 0.328898 0.000000 10455.1337814353 198.1486499875 5080.9526894626 3589.1739205371 1565.7614185227 19.7578641089 1.3392388177
243 0.167941 0.201911 0.000000 3786.2569332861 16.2414178892 2120.0956618966 1296.3949206279 352.0531255916 1.3909190360 0.0808882505
244 0.221305 0.207764 0.000000 2522.8874006482 15.1318773410 1526.2193059515 850.4263469160 130.8065644764 0.2819337546 0.0213722240
245 0.367520 0.282107 0.000000 8391.1669475706 36.7098711607 4747.6928753683 2880.6252621144 722.9281737323 2.8621804507 0.3485847870
246 0.256751 0.214178 0.000000 5439.9283116067 4.3715709721 3072.6470612932 1924.8435035243 436.4814762686 1.3931312787 0.1915682891
247 0.172558 0.205064 0.000000 3015.4146438586 0.1640368553 1690.7781773046 1070.4712646364 253.1081396737 0.8020837015 0.0909417058
248 0.204399 0.221601 0.000000 4298.0702683676 15.4560899417 2409.5558721342 1481.6488273973 391.0928017829 0.2970439192 0.0196332225
249 0.268156 0.279007 0.000000 5160.3919115630 33.7922567908 2946.1894619038 1702.4366221042 476.2719267395 1.4901936456 0.2114503557
250 0.330435 0.322862 0.000000 7928.5820228009 6.5581734964 4718.4852083923 2761.2430472624 441.5909312783 0.6566130612 0.0480493640
251 0.269455 0.267521 0.000000 6269.6381481589 2.5365966586 3527.9398039692 2200.2745385737 537.1564495383 1.4804275421 0.2503319243
252 0.166920 0.201742 0.000000 3704.1606767093 0.0330970958 2223.9530447393 1267.3622020518 212.6028305079 0.1944690687 0.0150332919
253 0.328546 0.312877 0.000000 9673.3673383416 2.5327663625 5572.3552879746 3341.8416691840 753.9556324676 2.3014661211 0.3805162658
254 0.120888 0.183886 0.000000 4242.4246218106 6.6986135681 2259.9895668501 1553.3570559851 421.8997455641 0.4481613246 0.0314785209
255 0.211348 0.238817 0.000000 4626.5809080356 0.0717004244 2737.0195604770 1607.5078585454 281.8542729345 0.1209642895 0.0065513974
256 0.226097 0.238524 0.000000 3885.8617409205 1.0669316560 2356.5286187286 1326.3408047829 201.8763862398 0.0465526084 0.0024469510
257 0.269965 0.243011 0.000000 9344.2228197186 1.3465576622 5399.5241188256 3292.6476137073 650.2391747169 0.4364872139 0.0288676357
258 0.338859 0.286159 0.000000 8209.9202068744 2.8532941546 4771.1610454920 2836.0868223026 599.4586499822 0.3417013386 0.0186936335
259 0.254325 0.258338 0.000000 11659.3671970056 71.9467035645 6188.3565214789 4096.7810519817 1295.5939917875 6.1393256013 0.5496026136
260 0.237080 0.237843 0.000000 5432.7799420538 4.6136248210 3167.9538731065 1921.1075898720 338.2236356411 0.8216729109 0.0595457631
261 0.218949 0.217681 0.000000 6632.0167063548 0.0530261025 3735.9113404089 2354.0738670261 540.6655971728 1.1713759387 0.1414997689
262 0.352843 0.305730 0.000000 12179.1882151174 1.8521988373 6729.3073502284 4373.9349794688 1072.1191662300 1.7802624722 0.1942579271
263 0.146149 0.209272 0.000000 2835.0822103490 0.1562094378 1661.9382986931 1046.6556677314 126.3037704160 0.0270673488 0.0011967506
264 0.232433 0.241318 0.000000 6523.1436758440 61.8402461255 3734.1957058840 2252.5574419883 473.6609287090 0.8107262389 0.0786269459
265 0.379393 0.321152 0.000000 9030.2186192171 46.6243003003 5038.6079687418 3223.2038299850 720.9365983107 0.7988136044 0.0471082907
266 0.348245 0.308275 0.000000 12408.5280291475 12.6327503609 6572.6408172902 4525.3472235737 1296.1188095127 1.6507892527 0.1376392699
267 0.224280 0.245930 0.000000 11799.9239990243 191.0768041346 5640.2604605483 4061.9844884632 1878.1177215021 22.5135801962 5.9709442001
268 0.180149 0.206675 0.000000 6108.2908428473 22.9930324104 3348.8514960223 2209.0394234330 526.4183156791 0.9381124405 0.0504628904
269 0.292078 0.277341 0.000000 9385.3201780599 103.0906777870 4917.0356597159 3271.2313694298 1089.1157651076 4.5807607132 0.2659454125
270 0.301295 0.278547 0.000000 9645.3148407953 56.7320740005 5080.1170263664 3405.8392163832 1096.8152288572 5.2982188701 0.5130763587
271 0.147777 0.173029 0.000000 3521.1856905181 10.6983984558 1893.6567752994 1266.0361214419 349.0760290530 1.4306877017 0.2876785702
272 0.217025 0.244236 0.000000 9219.9852492258 50.9688273246 4485.7164222813 3342.0925079947 1339.6193242214 1.4788811609 0.1092862556
273 0.297522 0.252021 0.000000 12595.1940441230 20.6393311618 6424.2821487444 4398.8973313235 1735.2370932617 14.0113604984 2.1267791809
274 0.260743 0.281005 0.000000 7246.2957897891 5.6865533583 3940.9515667555 2709.7970409206 589.2333869803 0.5995752266 0.0276666233
275 0.396042 0.373812 0.000000 16503.8937719540 1.2680691157 8583.2650831884 5970.3284701624 1940.7013284255 7.5110177617 0.8198033816
276 0.255942 0.228372 0.000000 5601.9648565061 0.3942583221 3031.7121600834 2046.7613147585 522.3981982952 0.6482110685 0.0507139820
277 0.260594 0.235553 0.000000 5695.0312563976 12.1999799692 2963.5523123701 2083.1974099159 635.2722549101 0.7626380815 0.0466612046
278 0.210637 0.237865 0.000000 3591.4287589552 3.7688080835 1833.0760632569 1336.5807645180 417.1068444966 0.8244253854 0.0718532558
279 0.083558 0.113666 0.000000 2713.6300979802 3.7963967733 1329.1023798828 921.7353991700 457.8586380666 1.0587736112 0.0785104883
280 0.191022 0.214828 0.000000 7995.7115876161 11.5243834069 3953.3511286448 2898.5884677210 1126.4973723487 5.1834364881 0.5667990441
281 0.284358 0.229294 0.000000 9933.0660978414 0.4071103913 4741.9908907930 3695.6976923131 1492.8303642926 2.0303544331 0.1096856408
282 0.183249 0.161233 0.000000 1876.0611705387 0.0149212249 1037.5891276547 690.2915014609 148.1566352389 0.0086973108 0.0002876541
283 0.303724 0.253145 0.000000 7945.0600494825 44.3852936786 4062.5889731077 2831.8209410056 1004.4987999623 1.6562135109 0.1098282625
284 0.149942 0.186606 0.000000 6872.2426039748 28.2217110897 3438.8153549109 2422.1872688812 977.3739656171 4.9789869859 0.6653165080
285 0.279730 0.234639 0.000000 5272.2477891758 0.7430378850 2929.5410538423 1959.2481359935 382.6125655548 0.0997650051 0.0032309361
286 0.335694 0.257703 0.000000 9385.3801992275 1.0773179719 4916.4282905423 3381.1143365775 1084.1140609518 2.4241195966 0.2220735874
287 0.253904 0.244037 0.000000 5044.4573261789 0.0168462815 2702.1368685024 1862.1947948173 479.8421088991 0.2572221108 0.0094856464
288 0.236435 0.245158 0.000000 3960.5908609130 0.0099984247 2221.8032652541 1473.0376123146 265.7077166337 0.0309413736 0.0013269451
289 0.358604 0.385325 0.000000 14155.8878440083 3.1286802366 7191.5833419028 5061.5406703088 1893.9945643681 5.0247358762 0.6158513340
290 0.141003 0.174928 0.000000 3574.2270634311 0.0056757499 1844.0437240250 1267.6921081887 461.5942319702 0.8521672760 0.0391562788
291 0.258901 0.302857 0.000000 10800.6096643569 45.0777025384 5162.3384007080 3846.2728315591 1731.5931741401 13.9358391292 1.3917163048
292 0.248796 0.243553 0.000000 5461.2702618604 20.5630248429 2844.0499410219 1908.7117024350 683.4455523711 4.1425780070 0.3574632201
293 0.238165 0.231928 0.000000 7662.3704891141 15.7696436332 3826.3099623599 2704.8020161411 1102.5826402047 10.7937223559 2.1125044347
294 0.177320 0.253672 0.000000 3848.8169081602 0.7595325764 2096.1536761065 1345.2803599318 406.3056807294 0.2895785410 0.0280803531
295 0.232781 0.218407 0.000000 8356.7651686611 54.0332026380 4148.7941349801 2931.3618393513 1213.7638515116 7.1267283973 1.6854117734
296 0.295124 0.252936 0.000000 7739.0475071643 24.9906382439 4040.7175453492 2752.5505191635 918.0060982053 2.6201077783 0.1625984745
297 0.166718 0.201708 0.000000 2248.8630962923 0.8429957013 1313.4549339526 772.5490231250 161.9902323984 0.0245739916 0.0013371240
298 0.241306 0.217334 0.000000 3735.7185932439 0.0188771355 2093.3534376413 1351.4808203350 290.6901659607 0.1639461963 0.0113459939
299 0.231057 0.225021 0.000000 4035.8587891185 2.1309442729 2194.7763523927 1469.1605648161 369.6746120048 0.1075386842 0.0087769781
300 0.293613 0.283544 0.000000 11575.1470717851 4.2653621881 5968.1970209810 4091.7692610909 1505.8899003549 4.5472550320 0.4782721426
