1 0.648045 0.612826 0.000000 34199.7222217897 1741.3269219963 17126.2278123252 10686.6627263089 4428.8271725039 147.7347952053 68.9427934509
2 0.803255 0.706310 0.000000 48237.1696437745 783.0693236175 25595.6147943867 16040.7367561712 5665.4947212995 110.7996224082 41.4544258947
3 1.061211 0.953001 0.000000 68279.0369285837 548.9855878535 36111.8207276771 23200.8091178051 8221.8193035043 146.2628066117 49.3393851320
4 0.968834 0.913794 0.000000 63198.3128223146 556.7868439117 32695.1057920486 21758.1982909428 8022.5431339526 129.4177981057 36.2609633585
5 0.653121 0.694066 0.000000 44727.4042750631 388.2764161897 23898.2948199065 15244.6940651120 5118.9934709984 63.9414325104 13.2040703595
6 0.910779 0.808503 0.000000 41917.9937988396 444.0345799935 23092.2796526514 14480.5187705640 3840.3601466099 45.9866786803 14.8139703357
7 1.186877 1.062264 0.000000 69585.8456648151 937.6007122729 35921.3591808198 24040.7888137904 8573.2171796294 92.5708377836 20.3089405382
8 0.971777 0.898751 0.000000 46768.7864611363 110.3599525792 26039.4712546658 16182.8867112683 4401.2636777274 30.0356559246 4.7692089866
9 0.858042 0.776062 0.000000 40452.4458503886 212.9594180785 22842.4877804169 13817.8425593455 3547.0906051494 27.5954999435 4.4699874735
10 0.722553 0.601652 0.000000 26623.8547287673 7.9790914942 14860.0275376958 9387.1594262002 2359.3619649830 8.3878978269 0.9388105757
11 0.893891 0.822507 0.000000 39557.6786977418 65.9475290257 21738.4474894246 13894.4385786191 3843.9989772136 13.4421865296 1.4039369546
12 0.711789 0.633739 0.000000 30785.7656968147 4.0634261889 16921.2768483994 10804.3005104981 3039.2632900541 15.0536773833 1.8079443143
13 0.958303 0.811857 0.000000 35670.4067790337 116.8220370834 19727.4228144251 12514.0293979299 3291.5534621481 17.0187152046 3.5603522928
14 0.996220 0.862594 0.000000 46059.3110851144 70.7794998339 24821.3692099489 16415.9761271538 4724.2076166759 23.1918546771 3.7867768737
15 0.856489 0.745202 0.000000 43603.5711320951 15.8880848366 22564.2346673731 15540.8483462042 5443.4848365034 33.9332601131 5.1819370782
16 0.951223 0.749816 0.000000 29898.1122918368 161.1243251756 17441.6380424880 10037.7154956945 2247.4502512372 8.8870732160 1.2971040492
17 0.813679 0.687614 0.000000 35578.4217064052 21.0823115333 18895.9782986686 12585.6202622352 4055.1577559717 18.4115838008 2.1714942316
18 0.852381 0.809240 0.000000 44320.8531692733 761.0628169835 22897.8837367737 15298.7186428477 5298.3399871840 52.7855584147 12.0624270971
19 0.834559 0.743873 0.000000 47644.1357127675 230.6874816391 24280.0140947571 16810.8011393305 6255.3501268039 56.1557965464 11.1270737367
20 1.062180 0.880517 0.000000 40991.5767082119 283.0959734354 22190.8929334491 14228.0462596373 4263.5149065939 21.9562810137 4.0703540990
21 0.986452 0.806934 0.000000 42060.6411222386 24.4763126944 23191.5300180786 14922.3945787500 3909.8309662421 10.7004427685 1.7088037798
22 0.897276 0.780535 0.000000 38370.2909672444 318.6112419980 20541.3528783994 13387.9819737006 4092.3601136485 26.2524738140 3.7322857310
23 0.842576 0.728910 0.000000 39655.6710561104 214.1147430243 21104.6332441841 13948.9829562132 4347.2666321570 34.2760952683 6.3973853207
24 0.815593 0.619264 0.000000 24708.1586359088 4.5086068828 14293.3900611620 8701.6483712922 1705.8507005400 2.5644636244 0.1964324172
25 1.186809 1.013379 0.000000 50276.7002343109 67.8019402243 27617.3488905678 17625.4019707217 4951.4884758276 13.4179864528 1.2409705216
26 0.929105 0.841361 0.000000 49310.6089958442 82.8813237407 24835.4877014709 17604.8583543321 6734.8132849316 45.8335059489 6.7348254888
27 0.958684 0.867621 0.000000 43133.5524072783 15.4462405720 22878.6193648855 15274.7977649890 4921.0254795834 36.8586028176 6.8049545741
28 0.949842 0.824964 0.000000 39085.9781369111 104.2096000900 20573.4874941420 13891.1678906854 4494.5836595944 19.9305667216 2.5989256718
29 1.038694 0.921993 0.000000 50618.1353948104 153.9344462698 25913.5665088312 18012.5588944560 6483.8237408938 46.8005986381 7.4512057673
30 0.907380 0.729803 0.000000 32341.6677377728 19.0216119395 17286.0945856415 11477.7645115866 3535.8471701310 19.9234158501 3.0164427365
31 0.950495 0.832366 0.000000 36000.6519846652 42.4404583992 19756.9766339990 12744.6372753282 3444.8315314622 10.7796129674 0.9864726054
32 0.831273 0.668126 0.000000 21780.4095254202 1.0014824349 13143.9778267915 7359.8161652700 1272.1470760878 3.1312768983 0.3356980207
33 0.802483 0.713924 0.000000 23508.2427197200 2.1270099691 13652.8882492877 8259.0033619974 1592.5407195217 1.5791396545 0.1042393721
34 1.067037 0.855878 0.000000 36688.6394981999 3.9996403031 20722.2348916494 12824.9656508686 3130.1605851388 6.8132218394 0.4655084730
35 0.978985 0.780462 0.000000 31213.4277763275 8.3357992694 17672.6301706970 10839.6701749441 2684.0016848075 7.9740759256 0.8158707985
36 1.102661 0.896682 0.000000 41174.0393697808 45.1657000844 23120.2632528963 14375.5489182057 3614.5451210496 16.4054891827 2.1108884398
37 0.977543 0.771438 0.000000 35357.0844059184 3.3577616625 20084.2612610772 12539.6748657084 2726.7359851652 2.8226281575 0.2319042837
38 0.511895 0.467572 0.000000 15369.4787532341 1.7616941464 8707.9411047204 5479.0630786077 1178.9541505064 1.6085485904 0.1501766989
39 1.056312 0.911590 0.000000 50863.1407160810 12.3594857784 26874.9325495677 18270.0767052618 5673.8510345885 28.0226142660 3.8983267785
40 0.845457 0.778052 0.000000 40630.1349984424 15.1576511383 20932.8390791695 14457.7810284182 5173.8012386708 40.8889285842 9.6670726241
41 0.852619 0.743138 0.000000 47720.2649259881 76.7235108127 24285.2706113206 17070.7752556793 6230.6117790776 48.1524527434 8.7313164364
42 0.836891 0.770218 0.000000 32711.5646310072 26.8447003357 17528.5126315327 11722.9704660608 3418.2642546142 12.8282333583 2.1443451281
43 1.022169 0.972175 0.000000 45242.3945016139 139.8782713366 24245.8495279630 15929.9640484502 4903.5952752510 20.4686955932 2.6386830834
44 0.886055 0.707321 0.000000 19906.0866274716 18.2800061933 11488.1563545585 7057.8498716859 1340.6419948879 1.0952773465 0.0631229054
45 0.653095 0.558643 0.000000 25205.5189790905 24.1288242259 13450.0586536619 9039.4511313521 2679.5654112675 10.9711921893 1.3437665006
46 0.950598 0.867837 0.000000 47998.7475418349 382.0147418608 23586.4069957915 16854.6506619855 7073.0442936384 82.4209660569 20.2098826717
47 1.079156 0.903617 0.000000 45202.8398149625 95.6742447181 23987.2547856264 16027.9672620443 5045.7290066250 38.0145915784 8.1999244677
48 1.042158 0.823079 0.000000 31557.2807611134 139.8276347061 17770.8476888927 10913.0632470496 2725.5021618921 7.4254226312 0.6146059944
49 0.812060 0.632947 0.000000 20110.0611768738 24.3147441509 11606.1365896028 6965.9756701797 1507.2330303267 5.3847809167 1.0163617166
50 1.149775 0.915750 0.000000 40875.4218824836 20.8823868082 22736.0062196852 14561.2019452144 3548.2818118858 8.1599442696 0.8895746899
51 0.785780 0.656650 0.000000 21946.3429416626 38.7327492484 12699.9241964898 7512.9115838256 1691.3997049360 3.1193989093 0.2553083138
52 1.127001 0.922334 0.000000 39223.2700026748 131.4287923479 22306.3831830445 13809.9408944870 2970.8543039823 4.3528541540 0.3099747921
53 0.966108 0.758641 0.000000 21699.4781050481 0.4411505878 12998.5913589472 7529.9984833901 1169.8569817014 0.5490943289 0.0410362095
54 1.010826 0.781316 0.000000 40996.5662184908 66.4677892988 22265.4880165134 14355.8119315399 4284.5902896510 20.3506033642 3.8575881912
55 1.034670 0.876199 0.000000 29400.0146215173 161.0096574767 16439.2258791492 10037.0280107176 2743.6555447026 15.5232495842 3.5722800389
56 1.010799 0.804380 0.000000 30596.4411396034 252.0022538432 17808.0504247409 10299.5732042494 2224.2299499205 10.0764202054 2.5088867743
57 1.008621 0.904655 0.000000 36846.2774751235 70.7817572242 21391.9370731560 12758.2747992435 2618.5666269212 6.1345647405 0.5826540684
58 0.859108 0.740019 0.000000 30954.8416067032 35.5822873444 17231.4636012058 11023.0157740469 2657.9495305321 6.3489680374 0.4814457654
59 0.620567 0.549282 0.000000 19875.8697326333 27.9141296898 11574.2542194088 6836.7043903838 1432.8424344525 3.6227923135 0.5317665441
60 0.984269 0.739257 0.000000 26802.9230618746 50.7610933385 15967.3278248105 9107.0669770906 1674.4432674501 3.0383451906 0.2855541780
61 0.921589 0.796949 0.000000 35915.9656330763 44.3995389541 21017.7682617163 12352.2984376912 2491.6351948476 8.7858355805 1.0783645767
62 1.053792 0.864075 0.000000 39365.8518511860 38.8010118347 22603.2263313878 13807.4305462128 2907.1473591029 8.0906526506 1.1559502036
63 0.810380 0.614532 0.000000 22643.6599482160 39.0492287127 12772.5739185335 7871.7242654098 1955.6784819439 4.3085510309 0.3255027546
64 0.796042 0.662785 0.000000 30114.4742888081 41.1145929142 16069.5154866230 10848.3104195626 3142.5125059656 12.0836235644 0.9376602952
65 0.737708 0.642535 0.000000 29617.6332778241 23.8578193811 15501.9683342757 10724.0262148800 3360.7537819044 6.5520772668 0.4750503834
66 0.966480 0.881527 0.000000 49969.6482223349 35.4205081011 24876.9002704033 17894.0408152568 7120.9499843719 37.2867074637 5.0499370158
67 1.004585 0.830448 0.000000 36660.0435928294 2.9205628022 19689.8196798294 13037.4900239539 3915.2022135275 12.9228760816 1.6882367662
68 0.866470 0.665941 0.000000 28704.8869797334 4.7589329204 15223.0304110416 10136.4292213616 3324.5401457009 14.3541224687 1.7741464145
69 0.941985 0.850469 0.000000 36842.2664390204 58.5170754240 19254.4229834461 13176.0131100099 4323.4262555409 25.9562120802 3.9308024944
70 0.859891 0.647257 0.000000 29792.7327775588 75.7366438214 15997.2191697234 10601.2749107036 3106.1435929709 10.6855457275 1.6729146661
71 0.975426 0.879544 0.000000 60703.3125600848 42.7700538399 31151.6220178114 21674.6415493408 7781.4754995326 45.1800989311 7.6233407751
72 0.898121 0.729327 0.000000 32454.9781512511 16.6762590873 17803.5545223686 11450.0425232805 3176.1634883140 7.3336285407 1.2077298902
73 0.735629 0.709134 0.000000 27009.7128717241 28.4768017254 14982.9939078523 9503.3929347270 2485.7848374257 7.5439149245 1.5204753439
74 0.650213 0.571956 0.000000 25815.8864503487 59.9237875873 13490.6582364691 9142.6453442232 3103.4456795783 16.1282542094 3.0851483660
75 0.919833 0.762472 0.000000 28473.4028355291 5.9818313312 16594.5102435217 9943.1044577704 1925.4088655162 3.9634544623 0.4339831892
76 1.020287 0.878547 0.000000 32554.4022976184 24.0687829463 18729.8293075131 11213.3184677156 2581.5069206939 5.2614184752 0.4174005762
77 0.881517 0.822525 0.000000 34131.9914313145 64.9504116541 18930.3523715861 11870.4612837239 3252.7132405607 12.1093392395 1.4047847347
78 0.871489 0.759909 0.000000 19090.9607931644 0.0732381018 12181.4904387681 6311.7289266403 597.3988710350 0.2571440416 0.0121750474
79 0.935800 0.840353 0.000000 37174.0921501136 212.8900718722 20432.8316649458 12734.0150586995 3781.9295522684 11.5647771526 0.8610255176
80 0.805113 0.666641 0.000000 23426.4556152876 22.4488324745 13495.6683136007 7913.4797129984 1989.8043364305 4.7657344450 0.2886856099
81 1.055044 0.833014 0.000000 30409.2029454926 9.0952363779 17604.8467871073 10559.6774845783 2233.2680153842 2.1456041012 0.1698181368
82 0.835218 0.759480 0.000000 23963.4848854104 7.5151778739 13545.7248920009 8448.0805400304 1959.4910997735 2.4643327302 0.2088430466
83 0.999472 0.888243 0.000000 31485.1059670991 56.1903081825 17221.3845449899 11157.9981087975 3040.4043156720 8.2456141848 0.8830754437
84 0.902481 0.750761 0.000000 28405.6024677958 0.3433911781 15876.4524796939 9987.3717305801 2535.5681636072 5.4992058272 0.3674971164
85 0.591270 0.567143 0.000000 25209.4222758678 37.8537128509 13073.8861455916 9055.4206925484 3027.7957820922 13.5210529857 0.9448899518
86 0.864694 0.799358 0.000000 34568.9080659557 24.2823795991 18299.0789509040 12109.4333223531 4112.1557330174 21.7705297189 2.1871506008
87 0.777298 0.610400 0.000000 17038.9484593871 98.7754313469 8948.7938119874 5837.3694818984 2143.5023955102 9.6203711607 0.8869676630
88 0.869151 0.777261 0.000000 35746.4213397752 237.5682309336 17938.7561354870 12542.9442497525 4957.4992437250 59.7184960507 9.9349839383
89 1.084385 0.811894 0.000000 38163.1689843069 49.3804806774 20619.2427637857 13375.2638912021 4092.7412382509 21.6130132341 4.9275972606
90 0.774222 0.593154 0.000000 17062.0561372129 0.6848399844 10135.7518345032 5756.9125604270 1167.5881954560 1.0335935929 0.0851133267
91 0.680411 0.536607 0.000000 12972.4228299500 1.2233225993 7884.9711855281 4378.2666191808 707.3278494233 0.5770156534 0.0568375944
92 1.054323 0.857997 0.000000 29409.1213261056 72.9536167225 17208.6380534083 10158.1431491116 1965.6059762149 3.2486724092 0.5318584094
93 0.919232 0.758379 0.000000 26486.7237395413 360.2382562840 15125.3917668286 8873.1513811461 2115.4485794483 10.7362551964 1.7575007876
94 1.045882 0.812478 0.000000 37372.4419605591 352.0785767076 21346.4417253739 12655.3196662533 3000.2794858862 15.8590133813 2.4634929741
95 1.084642 0.891355 0.000000 29778.2895879601 2.2733517395 17538.8252869559 10270.4753516714 1964.9372984862 1.6407334926 0.1375659880
96 1.055998 0.806552 0.000000 23072.2863538535 4.6179396419 14368.7032806112 7637.6247843057 1060.8411676401 0.4618215035 0.0373602146
97 1.046857 0.830465 0.000000 32999.3673425523 229.6322246449 18857.1221337644 11144.4179040873 2737.5092171501 24.7680652449 5.9177977586
98 0.932667 0.813521 0.000000 36180.4805157748 120.0672745834 20033.7781536862 12570.7396623685 3437.0949582373 15.8604949327 2.9399721218
99 0.717745 0.597852 0.000000 13260.5328224964 78.5487513302 8168.3844412102 4320.8533223627 691.6978449333 0.9555332779 0.0929295024
100 0.856029 0.775488 0.000000 27956.2668363664 43.0707403331 15990.9287319675 9779.8083229436 2136.1454911614 5.6768621951 0.6366879807
101 0.986642 0.789592 0.000000 27490.5201315105 26.0944900394 15918.2759174157 9643.5366260365 1899.1082548880 3.1600134323 0.3448297278
102 0.880999 0.716102 0.000000 20912.4448608123 1.6644594303 12471.8307615128 7154.5994715135 1282.5940522979 1.6211976211 0.1349185926
103 1.018807 0.812925 0.000000 21843.3644488456 41.1639785606 13074.7019924658 7472.3226242227 1252.2704190962 2.5009982123 0.4044362984
104 0.923990 0.677365 0.000000 18112.3608543582 21.7145907872 10696.0639181415 6276.4975577677 1116.7594892014 1.2443588178 0.0809397392
105 0.934452 0.773652 0.000000 29178.7577872992 73.1253850891 16532.2661473498 10171.5378018901 2384.0248203740 14.0914803040 3.7121524323
106 1.102987 0.913795 0.000000 46209.5420633141 179.7771430404 25392.1233184917 16284.7094622480 4314.9956318171 29.7460346809 8.1904731029
107 1.126521 0.948584 0.000000 39477.7760279143 420.1420103867 21724.0089394449 13876.9713940072 3440.3057066885 14.8345653237 1.5134122269
108 0.892113 0.824326 0.000000 39755.8179370601 421.0041318852 21027.1573700534 14039.5210516167 4220.0650499541 40.4245271886 7.6458064538
109 0.734752 0.672000 0.000000 27910.7363624938 126.8896331357 14639.9042335062 9926.3458648056 3198.7124399380 17.1210445599 1.7631465235
110 0.892192 0.812201 0.000000 45732.7608306071 337.1179199176 22664.3011478242 16195.2609609923 6435.6039445635 83.5012758583 16.9755816266
111 0.912640 0.833916 0.000000 33738.1228533479 228.3314737084 17201.5294826248 11912.9201234475 4329.5861435086 50.4938034242 15.2618267302
112 0.701724 0.629256 0.000000 42156.2898109091 84.2418311480 20428.5354905697 15334.4353290667 6279.2005795896 26.7586917857 3.1178889081
113 0.875500 0.892684 0.000000 36487.7537526011 12.7648620838 18421.7881260567 13221.7851302565 4813.1214570876 16.9112250281 1.3829524585
114 0.958692 0.879560 0.000000 40086.2897752013 11.4055264738 20780.8048729403 14526.3414335950 4747.0990411793 18.4890756796 2.1498254985
115 0.892100 0.776921 0.000000 27566.9368119756 0.5918537165 15589.1538198309 10045.8263756925 1929.0575397655 2.1589383848 0.1482847724
116 1.194716 0.946497 0.000000 34992.6641162496 0.2779612153 19932.7116551569 12617.2844473099 2440.6243192954 1.6495874919 0.1161460676
117 1.115261 0.893635 0.000000 30328.5788111289 29.5469412861 17507.5691438469 10681.2979910520 2107.2613049645 2.5931847369 0.3102453987
118 0.883436 0.725225 0.000000 23453.6858380124 18.9229786658 13658.4287616622 8203.4529826540 1570.9220715333 1.7838418488 0.1752018433
119 0.646359 0.686671 0.000000 15178.1705505523 7.5067377287 8991.3335874765 5378.2688026362 800.6988005430 0.3402972151 0.0223251918
120 1.052356 0.940711 0.000000 36710.0509981735 27.0341556112 20667.1258884688 12828.6179277582 3176.9960495206 9.1647702114 1.1122068262
121 0.939335 0.775030 0.000000 26081.6705816998 3.3515634591 15040.6242503204 9080.4687403074 1953.1613084543 3.6578061691 0.4069132524
122 0.644395 0.573938 0.000000 18914.8104593868 6.4613843969 10919.8722313355 6460.5662492064 1522.6209245608 4.7424771025 0.5471929164
123 0.877230 0.684228 0.000000 22054.1623507318 6.5443914151 12760.1524104379 7575.6406612450 1705.0509942329 5.6057712431 1.1681222976
124 0.952620 0.725915 0.000000 20583.5076058068 26.2506161117 11999.2240996918 7007.5705827799 1546.9356138366 2.9610833533 0.5656101114
125 1.022974 0.808890 0.000000 22385.0895719622 66.2634941684 12991.5191164813 7573.8128268278 1746.3569655823 6.2479726210 0.8891964074
126 0.995844 0.826089 0.000000 29655.5542660564 31.2297540065 17011.5263875141 10119.5118523425 2481.5940924480 10.1255433282 1.5666367446
127 0.915267 0.733246 0.000000 22295.4630353910 35.0485160817 13122.4863073867 7673.3104812505 1461.8676775494 2.4898945816 0.2601587969
128 0.903880 0.729136 0.000000 26869.7627609827 87.6952483429 15148.0398175455 9306.7606473752 2319.4313623960 6.9667427765 0.8689428661
129 0.910097 0.733526 0.000000 25659.7369574604 58.6800863922 14467.8853230439 9002.3692091127 2128.1669650286 2.5137128288 0.1216614148
130 1.028703 0.833514 0.000000 35016.0536216695 481.9413170460 18766.5590545391 12200.2212250828 3527.8658952627 31.6672946747 7.7988350988
131 0.939285 0.782722 0.000000 37377.1414642273 424.4005308755 19964.2744833885 12908.4466200531 4004.6274435320 58.2290564843 17.1633300969
132 0.811994 0.655867 0.000000 28585.9801011254 159.7095707427 14891.8997538360 10197.3950755120 3312.1543704907 20.6750327568 4.1462978860
133 0.600262 0.541822 0.000000 22917.8762243939 146.5680226796 12156.3444796340 8131.6730346166 2455.2316078755 22.0141608549 6.0449191541
134 0.769084 0.712719 0.000000 16791.5581506958 4.4615644071 9742.8438752974 6043.8586480370 999.4031384298 0.9432455014 0.0476794158
135 0.746075 0.675831 0.000000 39883.8616638762 10.4371608543 20071.3192870953 14399.5774930023 5378.9859852992 21.5333673345 2.0083705578
136 1.047562 0.877422 0.000000 40091.0579538519 2.3757195223 21414.8848258995 14637.2418873829 4024.8941251663 10.7260114243 0.9353848797
137 0.917410 0.716158 0.000000 21089.1672144180 0.1424127908 12005.8788663326 7488.1061571096 1594.5458370057 0.4698399315 0.0241020379
138 0.951174 0.767518 0.000000 30815.4333495716 34.6697248115 16759.6328772449 11024.5399319139 2992.5946391760 3.7127949506 0.2833818204
139 1.030722 0.803104 0.000000 36065.2789419382 111.5287429925 19170.9159642628 12769.8483138723 3986.2633741480 22.2301933298 4.4923534430
140 1.142572 0.945618 0.000000 45274.0152481915 183.3344419835 23782.8230220225 16259.2242070462 5021.9138612172 23.2757328584 3.4439835699
141 1.092579 0.884663 0.000000 42795.6988428436 253.8112041921 22478.3274039681 15091.6821572378 4928.4705383997 36.4765248094 6.9310143869
142 0.952552 0.805243 0.000000 38950.1415020651 264.2306115169 19982.3754551880 13901.2731559277 4769.0577944349 28.8566969330 4.3477881829
143 0.832957 0.715886 0.000000 34089.8473922077 145.9519873683 17442.7946471147 12182.7323098638 4289.7850060973 24.1290263693 4.4544158291
144 1.083239 0.869897 0.000000 35477.3671300349 62.6202267983 18288.9462594526 12813.9132425145 4304.2193323313 7.4515501870 0.2165192187
145 1.115262 0.849027 0.000000 37180.1286334696 77.8702333000 19523.7958524562 13450.4679393230 4114.8170760305 12.3934031670 0.7841295424
146 0.890072 0.738247 0.000000 42634.5897484156 151.0703155182 21108.0485082437 14942.2512759585 6369.2919472545 56.8964013776 7.0313003708
147 0.941497 0.720072 0.000000 31797.7004606644 47.7327929360 16635.0727190728 11323.3671823742 3761.9281151569 26.1632469155 3.4364045562
148 0.965819 0.779249 0.000000 42960.4791954841 96.9726651443 21920.8919288692 15425.6869626681 5454.1302947838 51.3915479574 11.4057965319
149 0.766485 0.635755 0.000000 24631.2799374463 67.6267614637 13031.0236999821 8937.5641088423 2577.5607840111 14.4460809248 3.0585026550
150 0.964391 0.713689 0.000000 20942.4668130391 0.0863381179 11863.4122242417 7539.5187724230 1538.3907404632 1.0175260248 0.0412123154
151 0.897516 0.746653 0.000000 25694.4034607723 0.3501962029 14171.6347596516 9234.4992717039 2286.1145936672 1.6989322702 0.1057079311
152 0.949946 0.731843 0.000000 25677.3623574909 5.5977329922 13979.8980094093 9269.6870697017 2419.5400812526 2.4506237839 0.1888406839
153 0.957521 0.830870 0.000000 38937.4539341043 38.7749194362 20700.8229370583 13932.6965379096 4253.5758278856 10.4924255594 1.0912867429
154 0.945481 0.697125 0.000000 24561.2467354487 30.4963228934 14164.6756225409 8501.7215873314 1855.7797439883 7.3144674012 1.2589918371
155 1.049596 0.871776 0.000000 39097.7719127730 403.5483930270 21202.3879924105 13474.6569454881 3976.2718001675 33.4808715901 7.4259103060
156 0.906048 0.717577 0.000000 19177.1499031078 20.4813080120 11839.5826985613 6379.6188252495 936.7412988933 0.6680912997 0.0576816742
157 0.923457 0.750531 0.000000 24104.0045737840 60.5884584943 14339.2296830169 8243.3332175755 1457.7174088975 2.7186011439 0.4172049771
158 0.909888 0.777811 0.000000 26074.9295715267 281.7462478329 15176.2922070995 8947.0896626339 1660.4353493120 8.0647065161 1.3013987082
159 0.933120 0.902593 0.000000 31931.6522174737 287.1045485399 18112.9355819916 11008.9477428258 2511.6260766404 9.7311201566 1.3071482057
160 0.998999 0.828939 0.000000 35038.9384772125 32.1323931590 19792.3141262652 12361.4540094638 2846.1870274263 6.2023963855 0.6485251065
161 0.967549 0.834252 0.000000 33551.5641451684 2.3528841879 19500.4737551228 11744.0299525065 2302.6181745680 1.9450401056 0.1443396424
162 0.722238 0.645853 0.000000 18074.1140172201 2.4444877459 10571.8178678260 6323.3413107706 1174.9337814436 1.4242672550 0.1523028053
163 1.074551 0.897705 0.000000 36093.6427200877 196.9097424732 20525.0173331758 12441.7032041108 2910.7084217655 14.1771761390 5.1268430733
164 1.090027 0.912204 0.000000 38557.3737346791 16.2514376738 20997.4832838557 13716.3085604930 3820.4736162094 6.3136015439 0.5432353741
165 0.588255 0.541349 0.000000 22404.1313159019 0.2984849738 12214.8931660873 7793.8300563619 2390.4036822503 4.4890356507 0.2168910281
166 0.811082 0.723183 0.000000 23348.4225620509 2.2211655199 13093.2073702881 8087.3728001453 2160.2112889142 5.0735373506 0.3364001066
167 0.814211 0.667773 0.000000 27983.9606659169 3.9432744895 15392.5467866195 9813.8805629766 2765.4568731836 7.4392380288 0.6939308784
168 0.995597 0.819367 0.000000 29038.6267757196 37.3395701222 15868.2578106599 10128.4662911067 2989.6613693351 13.3318702998 1.5698642876
169 1.019161 0.832706 0.000000 23788.3158725315 30.2804456662 13562.3810141268 8128.1387916107 2061.8248839767 5.2646994048 0.4260380357
170 1.088726 0.892029 0.000000 34351.0753770442 26.8256276143 19043.1254234330 11827.1086194231 3439.4827400837 12.4693598647 2.0636070594
171 1.042610 0.870316 0.000000 29898.7021490410 60.5642656550 16932.6147540488 10216.5594741280 2671.1751202892 15.2233795142 2.5651555046
172 0.948845 0.754490 0.000000 31587.6102479301 59.1670424191 17879.8202808231 10675.5654737905 2950.4214355899 19.0546960567 3.5813194226
173 0.938164 0.779859 0.000000 28972.6991520008 107.2635769908 16967.9838009459 9540.8012052501 2342.7007301662 12.1989096067 1.7509291395
174 0.896555 0.644068 0.000000 16886.6365784941 28.6767672445 10166.0461041812 5665.7950103065 1023.9308158769 1.9354956597 0.2523851646
175 1.275569 0.994136 0.000000 37651.5389199803 65.6690796460 21697.8752402048 12986.8319211837 2884.3817329190 13.9235087677 2.8574371377
176 1.170810 0.868228 0.000000 29661.6268089236 71.0419725411 17158.8788004803 10213.7707419779 2198.9662094418 14.5948591318 4.3742257266
177 0.949942 0.679266 0.000000 18557.9491807500 42.6731689854 11026.5897534277 6484.3741912849 1002.2633244519 1.7748817617 0.2738610895
178 1.069608 0.821520 0.000000 31455.5056497965 39.5329395021 17615.1803111337 11179.1908677504 2603.3349442302 15.0294540370 3.2371334956
179 0.849477 0.746647 0.000000 31097.7648498159 11.9955674962 17610.4500757479 10836.7242959191 2625.4731287981 10.9070159567 2.2147662846
180 0.669278 0.604895 0.000000 19006.5486660822 2.1396328769 10658.7253574804 6856.5669689091 1484.9421689940 3.7929760452 0.3815622345
181 0.737321 0.593427 0.000000 12089.0473091013 0.3110960169 7144.3794754584 4174.8287504262 768.7574835637 0.6979169489 0.0725870788
182 0.858008 0.626165 0.000000 15971.8560447094 2.1525957127 9303.0105124214 5422.5834355082 1241.5215180627 2.3015547141 0.2864290458
183 1.055909 0.868193 0.000000 34256.8663569334 4.5577266755 19129.6605626558 12237.3174870511 2880.5126236722 4.4001469225 0.4178109021
184 0.891505 0.732317 0.000000 17614.6142455735 0.1641111876 10543.9062295469 6134.2019237888 936.0455176506 0.2839469108 0.0125173015
185 1.018876 0.780591 0.000000 26030.0688482275 0.2998876692 15014.3327822272 9351.2859512388 1662.8943446660 1.1738851158 0.0819977821
186 1.091056 0.850935 0.000000 24304.4402786113 0.3189075998 14605.7769541925 8457.0220693574 1240.5487825811 0.7190702315 0.0544952840
187 1.022180 0.814264 0.000000 24387.0952802899 2.6378001675 13784.4643634854 8734.5651935735 1861.6590276585 3.4104429668 0.3584526794
188 0.973852 0.806441 0.000000 22379.4447073516 0.2220226043 13054.3699966442 7934.4933931887 1389.2564399907 1.0281773495 0.0746779659
189 1.098076 0.853350 0.000000 29856.2654774016 147.5351775371 16559.7090987697 10664.6678566172 2480.5205257902 3.3657879148 0.4670311760
190 0.792992 0.636675 0.000000 24480.1514601069 40.6446297944 13505.7532617782 8717.2586571905 2208.7104398439 6.7878048484 0.9966669793
191 0.715457 0.575637 0.000000 15073.0080912822 42.5086288652 8969.2825396714 5092.0479030584 961.7465815182 6.0359153279 1.3865230347
192 1.185298 0.936792 0.000000 28260.0388768316 108.0644689675 16673.3529393083 9772.6357960535 1700.3650389725 5.0863765655 0.5342572697
193 1.097603 0.985685 0.000000 35319.5841561290 91.7386711408 19011.7603208647 12677.4036844446 3514.9668645454 19.4069858508 4.3076292825
194 0.873827 0.714392 0.000000 22581.7148705091 144.8807090421 12735.1191997691 7900.4128347966 1789.5334633819 9.9111639728 1.8574996450
195 1.093932 0.902116 0.000000 38138.1765134651 176.0107909349 20769.6247889828 13666.4934476684 3507.5765549251 15.5496056411 2.9213257899
196 0.917339 0.756201 0.000000 33989.9843951460 24.2071955199 17771.5308985719 12353.3008816855 3830.7743210262 9.2519624653 0.9191361648
197 0.937841 0.746649 0.000000 22690.5167014956 0.0449663296 12772.6066413143 8179.2586518651 1737.3808526208 1.1566864844 0.0689031535
198 0.934182 0.772041 0.000000 35534.4609944070 15.8404108337 18091.5835590806 12701.1657427688 4711.9445761821 13.1382695094 0.7884365037
199 0.878331 0.753067 0.000000 30268.4082136942 213.8945987774 14761.4455759886 10619.8963940232 4626.4240434218 42.2341556165 4.5134462939
200 0.828053 0.726141 0.000000 31243.2434301506 42.0420675162 15470.7598653357 11075.6444558203 4599.4620730973 49.1830107419 6.1519579063
201 1.018589 0.924924 0.000000 49329.5064485871 354.0881570769 23243.3186213531 17289.5749520654 8250.7427834059 158.3552393521 33.4266960867
202 0.975780 0.828710 0.000000 38298.0692726322 375.5484245104 18204.0674165435 13395.2729837005 6142.2045931534 144.5273867246 36.4484687788
203 0.872033 0.756899 0.000000 34716.0909948770 27.9668797079 16785.9670557275 12360.0583944631 5433.6048452652 77.1600107398 31.3338093326
204 0.753163 0.681180 0.000000 26281.5401312108 1.8505817274 13476.2703390380 9556.5198754322 3211.7294511799 26.5157145651 8.6541695798
205 0.787120 0.628346 0.000000 19420.8424301576 0.2257425988 10125.5228363401 7058.4411566020 2224.8266275369 9.8933150796 1.9327521888
206 0.769857 0.701727 0.000000 27843.0368392238 21.8598077028 14018.4605426781 10175.6994228890 3606.8315783265 16.5468719860 3.6386160042
207 1.156839 0.868803 0.000000 23847.1236503205 9.0567466510 13249.2895991077 8472.7507408932 2110.5741795035 4.9837534871 0.4686306823
208 1.009158 0.849020 0.000000 38325.1071588708 24.4121542796 20271.6971566422 14009.4204942545 4002.6391804614 14.8968517889 2.0413221098
209 1.227820 0.955311 0.000000 47559.0762322918 55.6738540074 25102.9168594268 17309.1504427602 5069.7950887110 18.4026340283 3.1373535908
210 1.185269 0.954134 0.000000 34727.0879569029 63.9839326429 18784.3846889691 12415.8147197019 3446.3530920965 13.5283542325 3.0231695057
211 1.069497 0.783045 0.000000 18784.2491749821 39.8109735747 10908.3007197921 6548.5475065595 1286.4628242195 1.0414388099 0.0857123505
212 0.789504 0.717378 0.000000 21079.5949300678 21.8818398545 11879.5573716941 7488.5534349771 1684.8100958245 4.2668787587 0.5253093212
213 1.083089 0.869915 0.000000 27286.0465885303 23.4550495677 16044.2224270544 9466.9021730336 1748.8937419662 2.3486837443 0.2245138238
214 0.989693 0.765444 0.000000 19941.5930491402 35.0422721992 11790.3932791748 6872.7725757548 1239.6725088255 3.1882434966 0.5241699215
215 1.074217 0.846991 0.000000 27092.7708325206 35.4867248117 16415.0363107346 9214.3181875961 1425.0502382418 2.6016049740 0.2777661803
216 0.676077 0.602060 0.000000 15813.5633416897 18.0403104830 9284.3722118603 5558.0969600849 951.3975650255 1.5013682593 0.1549259225
217 1.010889 0.782188 0.000000 23316.9701105943 7.4530852186 13746.0987114154 8142.9494155883 1417.6079403390 2.4442633455 0.4166950766
218 1.044187 0.816453 0.000000 22541.1379464954 12.5710687083 12888.4592491572 7860.8337917463 1772.9064386100 5.4625366034 0.9048619707
219 1.078322 0.824689 0.000000 22675.5659653348 21.1704309765 13096.4781446971 7823.6938190746 1725.6814682125 7.2178063307 1.3242961428
220 1.090063 0.874063 0.000000 27819.7675029279 272.5077488577 15889.4115248895 9506.4372095564 2128.7457963350 18.1460095760 4.5192139214
221 0.963732 0.718908 0.000000 22733.4102594933 64.6415380658 13341.5084374221 7743.2144433473 1577.6820197594 5.3045638680 1.0592572343
222 0.724287 0.635874 0.000000 18725.8784339369 22.2008081170 10899.4295928814 6411.3990200870 1391.0223956468 1.7027983266 0.1238189986
223 1.303619 1.045645 0.000000 41957.6623839046 8.1400205938 23505.3624572082 14909.2021675480 3528.9108646915 5.4935531156 0.5533211908
224 0.807487 0.699183 0.000000 30781.8807296925 1.1767233080 17102.6994761426 10911.2102835948 2763.3626477594 3.2841932837 0.1474059722
225 0.712945 0.626029 0.000000 23635.9028963808 1.4828600265 13150.1426334653 8373.9406328087 2107.9728277200 2.2628236735 0.1011192136
226 1.194995 0.943526 0.000000 31087.1356542520 15.7243301836 17884.9659938742 10598.2267357108 2583.3184125755 4.3620355560 0.5381469591
227 0.798055 0.676162 0.000000 19651.2659325608 3.9044114509 11778.9547480369 6559.6512381789 1306.1979341893 2.3763965154 0.1812045892
228 1.123966 0.863759 0.000000 30968.4590483638 55.6304786331 17454.5064229533 10827.2138639494 2610.8175862896 16.7007832652 3.5899134906
229 0.922205 0.761244 0.000000 24049.4473552596 13.6616590027 14205.9236328825 8281.0534773308 1541.8787504502 6.0462607326 0.8835748826
230 1.048976 0.844390 0.000000 20816.1162587085 29.7264242933 12437.0357903540 7235.3473157011 1110.9968725992 2.7103151485 0.2995409926
231 0.809522 0.697640 0.000000 15344.3823031156 8.6853125931 9277.9153113702 5229.5838306516 825.9118584700 2.0072802941 0.2787098157
232 0.743155 0.606128 0.000000 13876.2611950957 2.6624021069 8455.1159070724 4774.3518863091 643.1095449158 0.9300565066 0.0913984770
233 1.263402 1.050217 0.000000 41749.3730568482 47.7846514557 24335.1299690525 14612.1896694523 2741.2938074590 11.2804251783 1.6945345239
234 0.896060 0.757446 0.000000 32222.1750997825 151.9903655127 18337.1252572612 11053.4963716292 2646.5406498430 27.0779598261 5.9444958781
235 1.002854 0.872272 0.000000 32481.7820945776 261.4453737231 17915.8758843769 11175.1729238872 3101.0603194227 23.7240645973 4.5035289319
236 0.796248 0.659546 0.000000 25645.3094178874 117.3842808313 14269.9709543148 9067.9728258532 2157.5520120520 23.0030875021 9.4262572055
237 0.726402 0.689632 0.000000 17958.7227745492 114.8991125221 10169.3305052077 6256.6881147996 1414.0236401911 3.3566421100 0.4247600652
238 0.745090 0.694819 0.000000 17565.4099805307 57.9049408566 9771.5852546902 6321.3241552657 1410.8461658954 3.2588746360 0.4905894407
239 0.943779 0.811066 0.000000 37747.9402063404 349.4167020941 19681.9309531069 13466.2600421490 4217.8681345446 29.6617222404 2.8026526261
240 0.980108 0.801785 0.000000 30378.4557966474 99.0533039774 15772.8344372866 10965.5152207235 3518.1227833892 20.2117358969 2.7183158189
241 0.681709 0.676828 0.000000 20580.4716008053 2.4123456764 11313.8293847407 7379.5729385729 1879.5711633736 4.4966069601 0.5891618001
242 1.158070 0.861318 0.000000 24625.5475951496 4.6824969867 13480.8355218771 8953.9572512611 2182.6532944350 3.1397591815 0.2792717813
243 0.995472 0.779595 0.000000 22876.4306314495 10.3602545679 12548.8533195212 8359.5626162156 1953.4918333826 3.7217755745 0.4408324977
244 0.974655 0.784459 0.000000 28232.3637162030 10.2948063838 15648.7309350672 10160.7168903163 2410.8350834436 1.6591461449 0.1268554028
245 1.046392 0.828985 0.000000 30826.3950739181 13.6497274041 17252.5252510570 10884.9394229039 2671.7423527125 3.2628908132 0.2754292147
246 0.992951 0.753866 0.000000 19939.4298737987 14.7626079853 11740.8551673306 6966.4435184779 1216.7402504463 0.6000421666 0.0282879341
247 0.904608 0.835703 0.000000 26754.3170274362 4.7343375385 14669.8551345448 9740.7367080403 2335.2364315069 3.3522232012 0.4021932208
248 1.133312 0.858608 0.000000 29721.2324379304 0.2244925487 17410.6599963473 10620.6147971201 1689.0837212028 0.6097461050 0.0396851705
249 0.915306 0.772260 0.000000 19388.5495096607 0.7754555857 11820.7815104964 6708.8431291702 857.8282341188 0.3013864881 0.0197946352
250 1.162165 0.901189 0.000000 29227.3259815629 88.8877956621 16957.3498154350 10152.3869767515 2014.6852612500 11.6058579937 2.4102747831
251 0.961066 0.757702 0.000000 18571.1707503063 114.6854676473 11385.7505670610 6062.8205862733 1006.5037563966 1.2979927855 0.1123803687
252 1.009641 0.782838 0.000000 25948.9984324199 361.1701954719 14499.3225778467 8954.5461746137 2128.8036043611 4.6814600838 0.4744206595
253 1.151581 0.967642 0.000000 45753.3792660916 80.7789446878 23481.6034406061 15977.3639337795 6181.5831982018 29.8330684602 2.2166806353
254 1.082953 0.883373 0.000000 35936.9662586725 214.2479664660 19428.3870367895 12507.4001356413 3767.0360519966 16.8651465547 3.0299213792
255 0.934415 0.761074 0.000000 23552.2026298749 125.5003882815 12746.0873995244 8158.9974663075 2510.3303630168 9.3874966304 1.8995162056
256 0.862640 0.739188 0.000000 28702.3598001975 134.8992872159 15467.0744530401 10255.4288498907 2810.5472260952 24.4064542636 10.0035298977
257 0.727814 0.624834 0.000000 26080.9136617127 226.1218091834 13689.2004207489 9103.8711969498 3001.3881307119 39.3472805935 20.9848235629
258 0.807965 0.652816 0.000000 21582.9674879914 1.5096227616 12003.3887178988 7706.5001098344 1867.6154436800 3.6092025262 0.3443917213
259 1.180110 0.979562 0.000000 37823.4041568782 62.6770733281 21387.7444530695 13354.3412659657 3000.7801306534 13.9359434023 3.9252907976
260 1.130474 0.870618 0.000000 30304.4984675532 5.5175283343 17042.2174314618 10817.9121208979 2433.5197565268 4.8184886942 0.5131419701
261 1.124523 0.848293 0.000000 30122.0882015187 2.8614587264 17104.0029453552 10800.7232067304 2211.4535974105 2.7916052640 0.2553887148
262 0.819195 0.654535 0.000000 16516.2647739129 2.5268482562 9574.2733884323 5766.7482814334 1170.3934323401 2.1026049403 0.2202187977
263 1.004389 0.753262 0.000000 24624.7004137593 82.9454015492 14603.5050043749 8419.5288374589 1513.7973490446 4.3084669919 0.6153547819
264 0.907454 0.690236 0.000000 15885.0994820451 37.4378280268 9763.6509340889 5244.9009636605 837.2106128037 1.7648571006 0.1342867138
265 1.171621 0.828889 0.000000 24669.0765674000 125.2119947183 14498.5411207851 8210.8965248090 1823.7235345284 8.8958297888 1.8075630180
266 0.762691 0.662049 0.000000 13080.7780915530 91.9532701904 8472.7292866151 3974.2881895126 538.1759397206 3.0040641057 0.6273415921
267 0.785605 0.619476 0.000000 15223.4941165014 168.3111451114 9343.1237832408 4839.0900014784 870.5752119195 2.1569059796 0.2370688960
268 0.852825 0.684738 0.000000 18698.3315928639 311.4912653639 10985.5122902141 6178.3546543537 1216.9685831114 5.3914042919 0.6133958374
269 1.036867 0.943178 0.000000 33320.5290668221 243.0670662445 18376.8033870169 11515.8211454564 3161.7234755555 19.3077230702 3.8062698111
270 0.908092 0.752884 0.000000 22329.2598731403 84.8256602717 13618.1516864465 7461.9067609019 1158.6327123809 4.8999911796 0.8430622960
271 0.947996 0.802305 0.000000 21878.3240842719 54.4285245203 13350.8794209876 7435.8248915230 1035.7080064957 1.3612019004 0.1220390092
272 0.960253 0.840527 0.000000 25468.4082462750 112.3120079323 15264.8712954195 8406.5563397878 1679.0953553897 4.9626917057 0.6105562871
273 0.964622 0.789247 0.000000 27666.1268862039 152.1801480818 15630.6220997800 9466.8338572370 2397.4920011739 15.5713224919 3.4274574720
274 1.051146 0.844918 0.000000 22048.3453233003 72.2928477433 13101.5895035995 7335.2393069911 1533.1362459713 5.2680472643 0.8193719798
275 0.973913 0.822933 0.000000 25048.3852453212 227.2568579443 14253.4731440452 8439.5194599803 2104.0177757307 18.8112484224 5.3067597916
276 0.816340 0.655092 0.000000 17046.4823295934 181.6048048886 9954.6187953459 5685.9161622958 1211.8277281584 10.5599884536 1.9548504549
277 1.057307 0.836760 0.000000 27397.3036291082 582.0434679844 15180.6452015573 9224.0131331180 2385.9546134600 20.9060904545 3.7411227732
278 0.876652 0.729101 0.000000 32785.6859425618 311.7964440702 17274.8071694499 11692.5939724714 3448.8966927843 44.4694446542 13.1222194269
279 0.832716 0.630059 0.000000 10554.1912899771 0.0629614992 6615.4655806930 3658.4028703139 280.2235485054 0.0338196778 0.0025102733
280 1.186058 0.964192 0.000000 34901.6905038206 106.9085605945 18957.2678029100 12362.3769116897 3462.0002361927 10.8813327692 2.2556604936
281 1.053502 0.796813 0.000000 27161.0676599210 482.9983918657 14719.9540622426 9378.8825133024 2557.1406211030 18.3792809548 3.7127913948
282 1.225889 1.030184 0.000000 50320.8125526986 408.7066142325 27306.0626379617 17705.1518388567 4841.6162281683 45.3982531485 13.8769804301
283 0.807065 0.708901 0.000000 24571.2121688820 115.1605730309 12985.9990805183 8675.9808509655 2777.0682289102 14.1435072194 2.8599289969
284 0.793152 0.723570 0.000000 30414.4276248002 91.6618768951 15917.7094467069 10861.6603243551 3505.2471998774 29.0557250645 9.0930520815
285 0.717774 0.604455 0.000000 23991.8782270800 227.8060344432 12758.5416502782 8665.5883416465 2314.6757468224 19.1857775608 6.0806765412
286 0.848524 0.640425 0.000000 19443.4240489924 7.9391397772 10881.3197006144 7269.0751505972 1284.7621678023 0.3146800568 0.0132109405
287 0.773752 0.675766 0.000000 20387.3418779283 0.1339174075 11223.9684329931 7500.4446567594 1662.2385289931 0.5364434078 0.0198994590
288 0.898064 0.736663 0.000000 33390.7315613309 2.2213695530 17058.6210893782 12366.8546874063 3959.9991644302 2.8735794468 0.1616722210
289 0.964274 0.866321 0.000000 42825.3678653399 34.0719166980 20937.2772251149 15579.8731199207 6245.5249961886 26.1259202158 2.4946884737
290 1.123656 0.872290 0.000000 40535.7641084144 1.1473348048 21404.3593046888 14708.5194425553 4408.9388767733 11.5906766704 1.2084739484
291 0.853245 0.768385 0.000000 22786.9960170632 0.0275820250 12238.0542055763 8487.4453621365 2059.1779602427 2.1673520160 0.1235559039
292 0.933402 0.752124 0.000000 29190.4887998115 11.6479532964 14969.4696346001 10813.4903111223 3389.3735395701 5.9356635091 0.5716985539
293 1.040748 0.899040 0.000000 31146.2499687527 2.9783438271 16659.9641904961 11412.8949407528 3066.7966265922 3.4173414732 0.1985262618
294 0.993988 0.830335 0.000000 39384.3622940934 38.7219426187 20636.7261854223 14236.6556364157 4450.7022904498 18.5854314859 2.9708081813
295 1.112375 0.949113 0.000000 31501.6002123254 69.1511501690 17267.8439599070 11458.9993292364 2697.5274245882 7.0985005202 0.9798485401
296 0.981670 0.785247 0.000000 27162.7066671795 233.0354938024 15192.4098524917 9575.0759065779 2143.2666204773 14.9470304562 3.9717637504
297 0.982868 0.901241 0.000000 42862.9514978075 107.5956292487 22230.8463140224 15361.4532364709 5134.4265669808 24.7937380752 3.8360136519
298 1.178927 0.957758 0.000000 34552.3640895350 183.6239364701 19180.2174015049 12296.3091910015 2864.5400772976 23.6804942406 3.9929899251
299 0.737009 0.597890 0.000000 17199.1511347867 0.8453510191 9819.1606531987 6330.2621051685 1048.5943884806 0.2752548865 0.0133829152
300 1.073981 0.840661 0.000000 42390.3580108720 23.2547889320 22621.0593455264 15505.9962483285 4233.2394796204 5.9384106508 0.8697385795
