1 0.649109 0.607059 0.000000 30506.4220726867 984.9222407519 15413.7513720340 9836.1417324945 4115.5444340051 108.5185691017 47.5437243001
2 0.804959 0.721669 0.000000 48416.2582205065 671.6905874252 25658.2184918995 16121.0819254474 5802.3081874485 120.2517934680 42.7072348243
3 1.011659 0.937015 0.000000 59266.6221295908 373.2909347592 32478.3265973285 20308.1978467335 6022.9559452450 66.7325956646 17.1182098697
4 0.971764 0.892340 0.000000 50088.5954331823 255.9658246744 27437.8985612239 17085.3486960061 5240.2834153325 57.3017072192 11.7972287316
5 0.872438 0.694988 0.000000 40244.3328373141 174.4959625136 21563.2784313981 13933.7605286139 4514.2251687076 48.0800627691 10.4926833257
6 0.937923 0.824560 0.000000 46709.6790114011 337.5547707880 24355.1064089515 16077.9376076439 5836.8902316451 80.8459954647 21.3439969260
7 1.176774 1.058358 0.000000 67071.8441544683 166.1673024983 35197.8027469429 23405.8585758147 8186.6550843574 94.4959652813 20.8644796217
8 1.019001 0.873960 0.000000 45484.1619770494 204.0117564595 25071.4593766586 15607.9628889213 4532.0962596503 53.9435635264 14.6881318404
9 0.916448 0.771491 0.000000 41735.0162837769 145.1902427190 22672.7323949896 14465.9670034520 4400.7470395127 41.4859042517 8.8936988638
10 0.601892 0.619793 0.000000 29323.8574921094 274.5506978310 14611.7738296421 10230.1924558957 4110.6988239075 75.5704779407 21.0712069108
11 0.950934 0.824662 0.000000 44222.3819926127 344.0514871054 22050.0592082881 15263.6313065102 6443.7424724190 99.3139437211 21.5835745919
12 0.728409 0.631778 0.000000 25132.6428479882 32.8209676707 13720.0775621813 8849.3627550230 2513.3399129432 14.3004508609 2.7411993343
13 0.995087 0.819814 0.000000 39082.6000025792 32.7842562988 21821.4664431998 13564.4547979424 3629.1863061952 28.0042760888 6.7039228778
14 0.996835 0.839560 0.000000 34604.0398991038 82.0805336428 18845.1834940617 12189.8570543969 3469.7509706928 14.6339806986 2.5338656426
15 0.782317 0.726027 0.000000 28591.5501272062 8.2214932033 16208.1541395090 10195.4073667703 2174.6306728625 4.5553231551 0.5811317351
16 0.853971 0.739709 0.000000 28504.0558142652 67.8559623740 16057.3595182758 9944.3339702092 2413.9039549300 17.1661873557 3.4362211286
17 0.826106 0.703835 0.000000 25555.0746738303 9.5503841467 14434.9498403499 8938.1560510210 2163.1924601398 7.7003891437 1.5255490546
18 0.987432 0.781927 0.000000 30748.8885195499 158.8701022375 17054.1075562303 10722.7764997106 2799.5007812302 11.7303599171 1.9032202449
19 0.940547 0.750801 0.000000 30601.0589009505 50.9229141044 17078.0545844705 10715.6425660770 2743.6684004475 11.4336657105 1.3367701611
20 1.049101 0.866162 0.000000 45486.4558270154 451.9692816587 23432.6198167322 16047.8975002500 5525.9953751133 25.3834384510 2.5904148852
21 0.885247 0.784071 0.000000 41345.3045339899 276.5421338383 21058.9086405773 14626.3887334463 5328.2437779284 47.7926354061 7.4286127976
22 0.932071 0.777376 0.000000 40031.8686321696 27.6295978607 21051.3388367082 14417.3774645240 4517.9435892321 15.9759289376 1.6032149347
23 0.886935 0.721358 0.000000 26241.9144344575 9.4085087573 15202.9995508054 9343.1438684567 1684.2638428210 1.8637877184 0.2348759124
24 0.667929 0.626572 0.000000 21081.8719279797 42.1579239513 12497.9945458707 7231.1699437107 1307.4345709911 2.8485435889 0.2663998837
25 1.244034 1.001935 0.000000 40428.4192929031 1.5882391786 22949.3286258776 14268.2731610046 3202.8114459784 5.8500302072 0.5677906630
26 1.117014 0.837491 0.000000 37903.8488650922 18.9831324527 21025.9130643331 13234.0806808590 3604.7428875196 16.9117475536 3.2173524293
27 1.016214 0.856086 0.000000 35046.0576391497 17.9600538434 19101.9030823451 12285.2291587653 3628.6976389575 11.0831277156 1.1845775759
28 1.062921 0.817803 0.000000 27502.1242786420 24.5080523909 16785.8198497488 9046.8528285194 1641.9235211153 2.3647214497 0.6553054779
29 1.067688 0.927325 0.000000 50951.1943363771 36.2207004227 27088.1610469731 18353.0323496091 5448.4712660854 22.3302380528 2.9787352375
30 0.904314 0.724425 0.000000 30239.8978808425 15.4891780188 16338.8710378672 10759.1752584632 3115.0555754504 10.2214538916 1.0853771862
31 1.090240 0.828033 0.000000 43446.8738930029 70.3763772842 22830.6280404729 15329.9730287053 5180.9932737215 30.6685679860 4.2346049470
32 0.820304 0.676469 0.000000 27579.8595298883 88.8571386358 15207.8601259828 9514.8683061086 2751.0211244319 15.1924830620 2.0603517467
33 0.897579 0.699681 0.000000 29086.8863047647 50.9407425187 16810.0725260609 9913.2181064665 2293.5234357504 15.2225720131 3.9089220580
34 1.042443 0.853896 0.000000 30472.5784911994 28.7193781139 17873.1331776255 10527.7170116853 2038.4591287804 4.1140525372 0.4357425804
35 0.995926 0.765246 0.000000 30578.6893093675 155.2367400395 17432.8949988052 10700.3522305253 2285.5408540715 3.9615916838 0.7028943267
36 0.994401 0.880562 0.000000 36318.1137879214 8.1528383809 20348.4346968721 12846.8812774434 3105.7655421407 7.5823072499 1.2971258747
37 0.926661 0.777130 0.000000 26940.8999802579 20.1126868866 15660.4703667814 9376.0023232363 1879.4265750059 3.9936634832 0.8943649813
38 0.536283 0.460536 0.000000 15962.0750609341 1.5436020435 9023.0323466925 5664.8350322305 1268.0007983393 4.1101544052 0.5531272673
39 1.071024 0.890075 0.000000 45392.2323777424 72.5641112731 24560.2638290270 16035.6725689444 4707.4323151969 14.4955757388 1.8039776815
40 1.024481 0.766319 0.000000 30313.0560494161 125.2709183351 17741.0968600894 10215.2450270836 2220.1550195665 8.8388191215 2.4494053106
41 1.020346 0.760727 0.000000 35266.7096607798 179.5493931766 19238.0305813111 12308.6654145132 3512.4992948826 24.5932168262 3.3717601301
42 0.968929 0.729420 0.000000 28094.0953944591 16.6671551780 15845.9242431871 9920.6881794544 2306.5205865370 4.0015487834 0.2936814277
43 1.149267 0.979630 0.000000 47857.6473708245 112.5204374326 25405.6921825525 17000.0621105412 5316.4449736761 20.5313286679 2.3963380339
44 0.881363 0.691890 0.000000 22061.3943308877 4.0096980476 13253.0371118865 7573.0756725911 1229.7814672190 1.3722864825 0.1180947432
45 0.721618 0.559496 0.000000 17074.5988190535 34.4537896366 10338.5164360862 5651.3422991016 1044.6552219788 4.4769259538 1.1541463073
46 1.105320 0.862102 0.000000 42010.5815047472 51.2564283658 23987.4319506056 14528.0296479831 3427.6740286739 13.2103703139 2.9790789096
47 1.033242 0.897435 0.000000 44615.8308030611 85.2744240361 24154.0850784852 15763.4542119040 4592.2611426203 17.2632914228 3.4926546879
48 0.972919 0.795369 0.000000 35511.7579228935 51.6835148400 20181.9099093389 12457.1280747307 2812.7449223982 7.4574160168 0.8340856227
49 0.923432 0.642477 0.000000 22166.7465676166 373.5112742029 12716.1642409504 7101.2137598832 1960.7619361457 12.1749092561 2.9204472297
50 1.202064 0.871423 0.000000 51410.9160385656 602.3979179897 27086.4654357139 17437.0617172545 6213.8066715188 60.7137209646 10.4705752137
51 0.904913 0.661135 0.000000 24856.2897681079 299.4113582880 14131.7193157295 8356.6590953054 2053.3629038399 13.5857666266 1.5513283685
52 1.163129 0.904555 0.000000 43211.6404634974 495.6445887120 23323.9976950136 15151.7695870792 4201.1924616841 34.6316675898 4.4044634754
53 0.922433 0.754392 0.000000 31447.7913759907 499.9397628996 17222.3938188749 10600.1407035194 3069.7608838201 48.1232642397 7.4329426728
54 0.910525 0.783760 0.000000 31209.5102873475 6.0993208860 17493.9302650794 11048.6928883291 2653.3162955383 6.8848485966 0.5866690375
55 1.087895 0.816175 0.000000 31668.7527438793 31.6761601647 17792.9173951236 11152.3053179008 2684.4478897919 6.8040522823 0.6019286639
56 0.964143 0.803258 0.000000 30812.7795205023 12.9788463914 16623.9532529101 10973.5028761874 3191.3455018793 9.7486885607 1.2503546233
57 1.130299 0.893524 0.000000 37944.6609913037 40.2107971369 21093.2766438140 13505.9775261717 3298.4163731405 6.1139374752 0.6657136013
58 1.000270 0.726962 0.000000 34030.1065524725 11.7406754792 19192.0233468437 12071.2167631235 2751.1664507442 3.7767211998 0.1825952155
59 0.713508 0.534177 0.000000 18781.0742545979 20.1233214629 10604.6831967995 6735.8405890622 1417.9693245696 2.2662848292 0.1915379819
60 0.855322 0.743021 0.000000 39833.8648993717 51.1602197438 19978.7325753778 14336.2251931911 5445.1220450744 20.4246660120 2.2002002493
61 0.892120 0.790492 0.000000 33064.7275330118 28.5619857812 17165.1789201262 11853.7821524000 3987.9859833584 24.5745177028 4.6439741478
62 1.036919 0.843492 0.000000 36051.3396321410 7.0210104514 19372.8170219428 12912.9970870135 3745.5246062801 11.6846347264 1.2952719106
63 0.710460 0.599768 0.000000 15021.0574325439 0.8353809004 8581.2488444503 5360.3679706118 1076.7437562772 1.6702479095 0.1912325144
64 0.821298 0.682920 0.000000 27511.4133503830 160.1790370035 14880.8523598824 9571.9692381709 2890.1785594608 7.3078778935 0.9262780476
65 0.806195 0.632403 0.000000 20864.9583912853 5.9868045943 11479.1481555434 7374.4639928099 2000.1197545372 4.8234349600 0.4162490155
66 1.055786 0.881570 0.000000 34243.4370252885 42.4643063216 18843.6041256452 11927.7016755882 3410.5385694190 15.9442630330 3.1840854655
67 0.945990 0.805232 0.000000 23445.5970869461 107.0972416378 13391.7874210220 7874.6417628906 2068.1245752298 3.7392386266 0.2068476441
68 0.816854 0.644035 0.000000 18785.1323931003 50.0922927324 10764.8941192364 6419.6199115425 1548.1792655923 2.2086965451 0.1381075420
69 1.042103 0.804336 0.000000 29622.9165147907 212.8440893444 16889.7913795411 10192.8320102808 2315.5359154256 10.7877007251 1.1254197611
70 0.798938 0.641517 0.000000 21309.8927182379 206.7041480772 12230.9636588423 7295.5608411422 1571.0028370914 4.8899513691 0.7712819238
71 1.071046 0.869384 0.000000 34843.3150730266 18.2355790795 19941.9329900864 12284.9249191668 2586.6669104705 10.1573686427 1.3973059160
72 0.915100 0.707001 0.000000 25583.1110047063 194.2845770908 14764.1000364112 8847.2027001103 1772.9174219176 4.3198804256 0.2863888684
73 0.781926 0.686495 0.000000 25765.5731051233 143.9126102362 14579.7945970378 8977.2958819658 2060.0625356266 4.1378370440 0.3696432585
74 0.659752 0.566369 0.000000 13231.1894396344 39.0690336972 7933.1480789753 4427.5976345903 829.8593230103 1.4157290444 0.0996404946
75 0.958159 0.753102 0.000000 19665.6615633269 0.4924972306 12053.8834813813 6616.6762833769 994.2597269286 0.3335018503 0.0160730245
76 1.084899 0.872433 0.000000 23201.8686662442 9.3662309524 14113.6375383321 7865.4540327340 1212.5034130129 0.8551477197 0.0523036674
77 0.966730 0.807086 0.000000 27941.9814910365 51.4417730648 16214.6754511974 9705.7181890134 1967.4284723749 2.5103485032 0.2072570805
78 0.820515 0.728592 0.000000 24429.0818749722 9.7571515382 13980.7956277237 8479.7688364588 1957.2511884592 1.4390370042 0.0700341472
79 1.007083 0.846060 0.000000 24584.1595499783 0.1144244589 15220.5674415731 8243.7630525650 1119.1786960494 0.5032858068 0.0326499746
80 0.830652 0.659762 0.000000 13862.8655980067 0.1129397078 8756.4428082361 4588.1076294893 517.8667790439 0.3131179375 0.0223237301
81 1.056656 0.817708 0.000000 22824.7165220791 0.9460259919 13797.5732025788 7807.3598212916 1217.7654289543 0.9784669055 0.0935765392
82 0.834769 0.731928 0.000000 17895.1849081286 2.8945323836 10873.9417105589 6022.6084586251 993.5662719945 1.9404429352 0.2334917787
83 1.059633 0.841352 0.000000 29436.4486610502 5.8392301008 17484.7169461147 10120.9197843471 1821.5422673814 2.9366539396 0.4937794298
84 0.981185 0.739044 0.000000 20305.7654762185 0.2782706589 12397.1931160859 7008.6893480889 899.2306750159 0.3566251933 0.0174414840
85 0.697064 0.568165 0.000000 12723.1674834186 0.4876855115 7912.4275890216 4227.4723809992 582.2613016660 0.4749525379 0.0435738237
86 1.118933 0.838178 0.000000 20426.2401962046 20.7769030930 12571.5636409964 6914.1025114748 919.2488831421 0.4763900119 0.0718677631
87 0.739303 0.568725 0.000000 19191.3380319835 260.5570723350 10212.2370413546 6621.3408420025 2092.6578548490 4.1918171711 0.3534044410
88 0.922488 0.742993 0.000000 26784.1328508876 322.4440415269 14295.5639449947 9120.4436397285 3033.7909699889 10.7791793998 1.1110753807
89 1.006851 0.798056 0.000000 33666.9200757376 203.7177445181 17880.4600779903 11700.4330804759 3857.7052882022 21.2184987160 3.3853861072
90 0.704564 0.615030 0.000000 24593.3962866725 76.9748405166 12619.0757569247 8658.6241333719 3217.1423452856 19.2288216388 2.3503890288
91 0.641265 0.520306 0.000000 16147.6141818120 57.7815925666 8481.4680547242 5563.3977091667 2039.0892791715 5.5133282136 0.3642181245
92 1.004936 0.829227 0.000000 37352.5594180566 119.4895936072 19376.1424782559 12830.9874857130 4999.0784531217 23.1369003462 3.7245072777
93 0.936443 0.769426 0.000000 28494.7333546824 96.7502106922 15032.3524459883 9785.4028009322 3567.4923208217 11.5350184279 1.2005579456
94 0.929521 0.835941 0.000000 40927.8109196871 144.6147561789 21626.2163386126 14165.3875037585 4941.8128896361 44.7528877111 5.0265440023
95 1.050070 0.886756 0.000000 42178.4439432642 245.3349946264 22931.3188074438 14517.7754212427 4453.2735810383 26.3093605647 4.4317784298
96 0.993531 0.790125 0.000000 24227.1212032203 12.9984681977 13892.5761184873 8506.9545866415 1811.9270314795 2.5022407897 0.1627578506
97 1.028494 0.826937 0.000000 31657.8413623169 9.2106390970 17720.7303084511 11273.0474791989 2650.0957775257 4.0831705860 0.6739877980
98 1.036732 0.793664 0.000000 28440.6414916993 1.3916332380 16232.4471465497 10213.4656401456 1991.4507173793 1.7816066941 0.1047480476
99 0.719563 0.609326 0.000000 16420.2753498702 0.8838095168 9456.4077043717 5744.8895800824 1216.6736760584 1.2997953000 0.1207846740
100 0.926843 0.736437 0.000000 20197.9815903470 0.1677434927 12047.6738213266 7040.0010233987 1109.8300417855 0.2965853685 0.0123751952
101 0.914773 0.794842 0.000000 31394.8119981101 0.1580377842 17245.5268492692 11188.0203189643 2955.7819976095 5.0715417771 0.2532531581
102 0.896201 0.742350 0.000000 30417.4822257406 9.7498650133 16553.3400791820 10779.6243270538 3062.0227002795 11.3129456435 1.4323087025
103 1.080703 0.815174 0.000000 36348.0899279527 127.7012150303 19326.0856989787 12704.5955902346 4169.8904424502 17.3340935036 2.4828877407
104 0.855438 0.674015 0.000000 28602.8997387923 46.7101792103 15166.6647378657 10217.6632966011 3158.0893525770 12.4165413544 1.3556312636
105 0.917679 0.730410 0.000000 24321.8781898670 11.9272896348 13282.8428845668 8683.0205241196 2337.9260255077 5.5031186468 0.6583475857
106 1.174565 0.915708 0.000000 41027.4413970535 11.7742171373 22288.1605989487 14688.2971965362 4022.4616764232 13.8294129553 2.9182951064
107 1.205088 0.938764 0.000000 47994.2797271260 63.0368878651 24867.5493440086 17435.9774934702 5613.8840162939 12.1940208437 1.6379648866
108 1.008038 0.829168 0.000000 27666.7466360652 10.0027386074 15670.9198179200 9744.1138390521 2236.1486951494 4.6861419113 0.8754036506
109 0.700137 0.645245 0.000000 16145.6563681203 11.9222304829 9325.3505011846 5441.0843740914 1358.7157894643 6.5245014452 2.0589716503
110 0.978236 0.819162 0.000000 24329.8702854783 3.9101403754 14586.4691327859 8250.7245158479 1486.8644310503 1.7358172150 0.1662485514
111 0.978682 0.811893 0.000000 23204.4375510327 3.0399228206 14074.6539290898 7854.5351953210 1270.4040178368 1.6340668499 0.1704194905
112 0.705666 0.609453 0.000000 12686.1451173991 0.0289172699 7999.5749303291 4268.2984503746 418.1282023114 0.1034671268 0.0111503593
113 1.085392 0.884645 0.000000 26782.7535784709 13.0354767645 16380.6658966877 8971.3020860201 1412.9052746253 4.0106749220 0.8341697849
114 0.928915 0.876916 0.000000 31316.0894995081 2.7112108259 18161.0300116077 11182.2654865363 1968.4320774186 1.5251901307 0.1255232103
115 1.020330 0.783325 0.000000 27838.3922509825 23.6427542978 16055.5570205401 9656.0545900085 2100.7506254631 2.2811955645 0.1060651679
116 1.111706 0.927146 0.000000 34769.7895551106 246.0202620701 18929.4977930562 12423.8475667096 3152.6478382081 14.6307675709 3.1453275763
117 1.167594 0.884399 0.000000 30351.8675691097 71.3759765327 16720.8877326772 10803.7826192175 2746.4556047804 8.1917128537 1.1739232083
118 0.888157 0.720451 0.000000 22134.5024916516 181.6128440916 12094.3417503997 7914.3921911769 1938.3647470839 5.3052527092 0.4857062010
119 0.646994 0.642301 0.000000 28740.3921629029 185.1213167459 14594.2079602451 10268.7619607121 3659.9217639007 27.4628763342 4.9162850702
120 1.062838 0.915556 0.000000 51996.6340232354 21.7853461398 26466.5618580699 18963.9941822989 6518.2737040756 23.4326301837 2.5863028385
121 0.979006 0.771494 0.000000 26371.3267205606 0.0973813291 14032.1185629535 9501.5885517539 2834.9232210206 2.4762641473 0.1227395929
122 0.705756 0.560199 0.000000 15201.5902393777 0.5149205564 8368.7170790569 5558.7198392984 1272.2401239675 1.3272101404 0.0710664962
123 0.908741 0.681022 0.000000 21195.2859097979 0.0920181239 11672.5026785715 7755.2484342588 1766.3552285556 1.0391675012 0.0483830655
124 0.925558 0.724431 0.000000 19036.9748922435 1.0657153255 10726.2137997723 6765.6232791249 1542.6099970958 1.3189532966 0.1431479648
125 0.939952 0.782164 0.000000 26422.9043614577 41.0354863262 14588.5679607133 9374.5718728232 2416.7353483929 1.8655922340 0.1281010780
126 1.024266 0.803766 0.000000 22411.7716397633 122.2934194708 13124.4655960386 7582.9621419898 1579.8657224389 2.0267370457 0.1580229595
127 0.870050 0.739173 0.000000 20421.1163648303 212.3733814909 11886.8206390865 6682.6272600495 1632.5053152674 6.1425895643 0.6471793597
128 0.887300 0.718407 0.000000 15054.0823443611 193.7861956083 9199.7372969583 4754.2085605149 904.1088640356 2.1070151011 0.1344122174
129 0.867110 0.714091 0.000000 15532.8005461292 159.3052375216 9447.9477134613 4950.7312604948 972.2682963454 2.3717612405 0.1762773338
130 1.056318 0.822267 0.000000 22372.9096032909 139.9639689962 13511.2976385791 7336.3809645770 1381.7129320658 3.2232821352 0.3308171289
131 1.002073 0.808213 0.000000 17493.2495999549 0.5752777189 11164.7939964611 5605.3222656445 721.8581138904 0.6297917084 0.0701547467
132 0.855427 0.657597 0.000000 15301.6526181363 0.0246513572 9777.3743414356 5016.5082635467 507.5545478749 0.1790574415 0.0117568350
133 0.725770 0.527607 0.000000 7354.1948757512 0.1580185600 4862.3294274111 2258.7371077638 232.7801259391 0.1754912934 0.0147049496
134 0.861174 0.686367 0.000000 11905.1203369205 0.0551028429 8149.0034368827 3547.3345149553 208.6825048201 0.0419296102 0.0028479697
135 0.757141 0.667626 0.000000 21408.4139014653 3.1434718108 12782.9943589431 7475.0149832400 1145.6038411375 1.4755692612 0.1816772320
136 1.162089 0.867203 0.000000 27832.1718075720 15.3550019339 16813.2316685153 9330.2045388066 1671.7734585715 1.4847947969 0.1223452332
137 0.879654 0.701689 0.000000 17501.0674625190 0.0771307294 11098.0947939289 5774.1602138168 628.5644277125 0.1620367509 0.0088598310
138 0.974564 0.770656 0.000000 24423.4037347188 0.6245754917 14854.2963957240 8370.1733729715 1197.1719360979 1.0448567645 0.0925979581
139 0.901641 0.776544 0.000000 20492.8457449982 1.1685895923 12725.7710047287 6881.4369344851 883.3777517448 1.0074666217 0.0839980608
140 1.144158 0.939701 0.000000 26238.2123046026 5.4648633297 16123.8215718863 8912.5154767244 1193.8629316193 2.2583478655 0.2891134305
141 1.100509 0.896795 0.000000 25332.4380081369 10.3455678662 15257.4172760185 8515.8781890836 1541.3469725932 5.6772077585 1.7727949906
142 1.072773 0.804663 0.000000 23355.6651962970 13.8466640909 14072.3111110526 7783.9337201732 1479.4969663236 4.8073465486 1.2693881365
143 0.927636 0.707283 0.000000 11390.6790859809 1.4259515345 7728.8015065762 3362.1291102155 298.1674135328 0.1364181490 0.0186860959
144 1.007805 0.869718 0.000000 32388.3497633651 80.4973442439 18984.3282978160 11109.2324501552 2203.3931511551 9.3764175742 1.5221024281
145 1.166757 0.842018 0.000000 20209.5690378514 21.6538030349 12703.2147594948 6398.1337318179 1083.9146800451 2.3579940850 0.2940695419
146 0.963488 0.752936 0.000000 21132.4016370950 20.4225197885 12819.2957805114 7072.5534198290 1217.3605290211 2.4560453532 0.3133431484
147 0.779656 0.693835 0.000000 14642.1879580680 30.9980984792 8925.4624547306 4860.1770569032 820.4213429187 4.0334289145 1.0955762703
148 1.007964 0.797370 0.000000 25829.6660704055 42.6055207984 15058.8937781932 8930.3810672459 1790.6639691294 6.1059898314 1.0157454034
149 0.769305 0.642609 0.000000 21671.6565743296 169.5847797543 12105.8142615970 7575.4376935498 1807.0413395324 11.5215344699 2.2569655856
150 0.767102 0.700320 0.000000 18820.2490526179 127.6006814600 10696.2669082868 6465.6414829342 1525.7681045404 4.5541703249 0.4177054649
151 0.930861 0.743037 0.000000 23115.6071987366 106.7207994595 12853.0009255112 8047.0869682175 2104.2542124652 4.1215537241 0.4227398125
152 0.886203 0.725166 0.000000 21756.1860821210 80.1870520398 12664.8439641069 7650.7076889910 1356.0226764704 3.5885086674 0.8361922900
153 0.941210 0.794939 0.000000 27667.9166312151 2.5454236490 15072.7835981858 9952.8558248532 2638.1316667620 1.5212594159 0.0788588100
154 0.928469 0.696289 0.000000 19453.1504083390 19.6333106046 11213.9783327138 6745.6947414334 1472.0258476940 1.6725854303 0.1455906626
155 1.153160 0.863773 0.000000 39542.3822968981 82.3758701980 21070.4600584148 13840.7660523439 4535.5849707029 11.8371403216 1.3582052068
156 0.889347 0.726867 0.000000 20137.4384752163 5.0715373561 10832.5372404928 7112.8955437657 2182.4884723215 4.0192301300 0.4264517602
157 0.894338 0.721119 0.000000 20686.2115925006 20.9142638923 11412.1890789477 7198.2416053766 2048.9065788088 5.5437299609 0.4163358242
158 0.939513 0.785102 0.000000 27263.4675385711 97.6817481577 15235.2314938881 9472.0965538783 2453.2908169751 4.8938060167 0.2731199362
159 1.105845 0.921536 0.000000 40784.6383548011 103.3572100434 21573.0274315462 14434.1641317918 4650.1290950861 21.0889048382 2.8715820895
160 1.107902 0.827105 0.000000 29925.4566222025 86.5719072760 16171.4475247658 10737.5224879493 2927.2973157579 2.5409328868 0.0764542189
161 1.102005 0.816631 0.000000 26646.3797566307 14.0612228409 14953.5933038996 9776.9270367449 1895.5734709282 5.7567681082 0.4679548258
162 0.722365 0.629845 0.000000 21241.6532143973 0.4980121787 11620.4435951319 7829.4124672357 1790.0563323415 1.1516803657 0.0911276252
163 1.167306 0.900759 0.000000 37143.1437392504 101.4294262062 19794.0556308712 13610.9336386605 3628.3646417355 7.2770094047 1.0833927626
164 1.141065 0.914256 0.000000 39497.6005939787 68.4606443711 20856.0683374340 14166.1752718467 4401.5761658140 5.1013812825 0.2187942034
165 0.770090 0.528699 0.000000 10172.7253025163 0.2885225933 5870.4096436651 3747.5025085827 553.7960284251 0.6950376956 0.0335615845
166 0.885072 0.705919 0.000000 23139.6322322202 0.9424062150 12423.8142720974 8538.1978102431 2174.6380375016 1.9252369628 0.1144696124
167 0.780021 0.663693 0.000000 23168.7292774007 8.6343834745 12191.4204889351 8567.8823997736 2398.2257237206 2.3317368852 0.2345450270
168 1.050625 0.794883 0.000000 21334.5705129831 0.5458085908 11723.4066747930 7763.5717509576 1845.5294545335 1.3837683509 0.1330563054
169 1.057405 0.834552 0.000000 27436.8075698741 1.0528169305 15219.8849144472 9955.4010006390 2259.6664715459 0.7450833759 0.0572834562
170 1.093514 0.892673 0.000000 37886.2299259807 8.4233232623 20023.6154752052 13746.3233485529 4102.1475985955 5.1699896824 0.5501913249
171 0.996446 0.854544 0.000000 32185.0614055218 1.9707315430 17403.3655872358 11622.5063150531 3152.4466932798 4.5391974677 0.2328812916
172 0.962895 0.766759 0.000000 25237.6212231908 4.1071804126 14420.7285980289 9137.5445080166 1673.0547233572 2.0057304043 0.1804831098
173 1.002989 0.805542 0.000000 28249.7519930406 91.6091489010 15721.9591485220 10254.8174859425 2179.8099965495 1.4354758029 0.1207377611
174 0.802607 0.614903 0.000000 13509.2160531885 31.0458999287 8249.8601460175 4682.6211781752 545.5781796882 0.1060419150 0.0046077015
175 1.306023 1.000617 0.000000 31406.3323112909 0.2926874675 18717.9695401333 11110.5292278164 1577.0370744800 0.4690290918 0.0347531443
176 1.216565 0.873439 0.000000 28610.2868653002 57.0135462418 16135.7553765544 10127.0793639555 2289.3631541422 1.0149317971 0.0604928149
177 0.887862 0.674138 0.000000 18481.1563800578 57.9534235071 10195.1148859229 6435.8973734197 1788.8062791186 3.0111313193 0.3732871298
178 1.132113 0.822333 0.000000 21283.3836834832 132.3652182174 12468.9710202252 7240.3987311691 1439.3753357014 1.9663595193 0.3070191147
179 0.975452 0.744216 0.000000 19620.7672944460 15.7203367295 11188.8613981231 6753.8219826208 1659.4272152125 2.6872855456 0.2490766283
180 0.651049 0.609735 0.000000 11676.7267968227 20.1462532110 6918.1230373325 3983.7122922848 753.4461942338 1.2084664074 0.0905534910
181 0.712236 0.584240 0.000000 11968.6821246873 73.8902192083 6988.2031782414 4144.6097305000 759.4888918535 2.1589572392 0.3311479377
182 0.789768 0.618268 0.000000 15694.3743597483 77.7848532711 9452.8801754785 5251.7876266157 909.4318856838 2.2488983292 0.2409206248
183 1.085422 0.863727 0.000000 22834.5640574086 2.8517106171 13875.3917657933 7815.0710943705 1140.9877481122 0.2494520541 0.0122871288
184 0.881582 0.686844 0.000000 13941.2257950049 223.3690861088 7986.0667149080 4569.5954368866 1158.5219075230 3.3347371464 0.3379127614
185 0.958220 0.783991 0.000000 19914.6523856345 65.0405137990 11641.6986760550 6874.1490777410 1320.6275208746 10.5413361834 2.5952618487
186 1.117500 0.848329 0.000000 23298.1335513742 10.8031114913 13572.0000692426 7999.2532665416 1713.5568752991 2.3439036811 0.1763257001
187 1.083869 0.808359 0.000000 18425.8187451082 0.6941888664 11459.5162260206 6141.9072853936 823.0605442286 0.6078987709 0.0326023589
188 1.032420 0.837429 0.000000 30160.1152020608 5.6773101200 16461.9685168795 10660.6922144403 3026.0748040777 5.2015286936 0.5008278093
189 1.139263 0.830459 0.000000 18634.8019085577 11.0320233307 11073.3880379616 6260.9025463866 1288.3169978596 1.1164105830 0.0458931667
190 0.747758 0.647982 0.000000 14247.2346790064 0.0806546310 8747.5969973658 4876.9809017579 622.1984005575 0.3578826808 0.0198426883
191 0.672696 0.577575 0.000000 10832.5206224723 0.0137774744 7214.4453481929 3391.2253235721 226.7961208121 0.0379836669 0.0020694198
192 1.192429 0.935939 0.000000 25161.4071063253 1.0933692601 15226.7508468102 8793.9296592713 1138.6166030189 0.9370763832 0.0795522863
193 1.185687 0.927777 0.000000 26549.7246923459 9.1761756352 16028.4044627898 9101.9767970396 1407.2415129737 2.5423078278 0.3834365410
194 0.886873 0.674802 0.000000 15857.3335769703 2.5636177216 9970.0545832134 5295.3704389265 588.7456113466 0.5466292554 0.0526968777
195 1.105444 0.909874 0.000000 25503.9491486077 6.7833440908 16177.0541711230 8354.0298935544 964.0861974895 1.7769651259 0.2185778193
196 0.923118 0.739389 0.000000 21916.9008173890 22.6700179886 13296.6580531909 7374.9224397985 1218.0607874292 4.0693647650 0.5201544163
197 1.043968 0.734381 0.000000 20431.1708572173 14.7720849268 12569.8313136102 6799.7539074335 1045.2072529580 1.4640976106 0.1422007727
198 1.008116 0.766568 0.000000 16102.0069447001 27.3081864170 9949.5620826848 5303.3900000543 819.5964140865 1.8910573127 0.2592041082
199 1.044554 0.744317 0.000000 18649.6478608565 11.5811387972 11269.0699823467 6513.6919187226 853.0861343794 1.9683066267 0.2503801855
200 0.936039 0.710614 0.000000 19687.7398959025 0.1915888628 11493.2205366251 6975.9333007490 1217.6447687246 0.6963477327 0.0533538554
201 1.246079 0.921243 0.000000 26478.4084845102 3.1744926421 15134.8318622629 9340.1995131690 1997.6124032002 2.3572545576 0.2329593940
202 1.125533 0.836194 0.000000 24757.5517987685 93.3933848594 14310.2733937838 8219.6236385886 2104.7997762105 24.1884748602 5.2731308430
203 0.885585 0.724131 0.000000 19140.0685652181 17.5259329113 11222.2590477792 6508.5353607703 1376.3730460094 11.9655300606 3.4096482316
204 0.815529 0.674148 0.000000 15970.5717332615 5.2073013921 9185.3874807594 5544.5147091099 1234.0672825252 1.2747758892 0.1201840909
205 0.759655 0.611334 0.000000 15788.8882433872 6.2906823058 8959.3435961393 5608.0565139595 1209.1622390553 5.3681329809 0.6670791990
206 0.873019 0.685596 0.000000 17833.7861690295 0.4533039759 10344.1367022151 6205.0475633887 1282.9281510408 1.1168434088 0.1036051634
207 1.058599 0.861760 0.000000 26113.4847332261 4.5680041498 14822.2412401219 9201.0598998175 2081.9410361040 3.2362662453 0.4382871423
208 1.135190 0.845097 0.000000 24084.5764363484 2.0232525578 13853.6484845484 8445.2947869280 1782.2512008938 1.2091147123 0.1495971129
209 1.253590 0.926381 0.000000 28375.4166236572 13.1675207001 16419.7584059755 9765.6339383745 2173.1331222815 3.2693241424 0.4543126311
210 1.250378 0.959207 0.000000 29260.7522118621 26.0892170693 17086.9116024827 10177.1123543495 1963.0924711064 6.3373060444 1.2092611801
211 1.055453 0.768435 0.000000 18632.4972120707 10.8014169593 11183.5918369411 6347.4641303354 1086.5021223206 3.4683777185 0.6693282956
212 0.898650 0.732355 0.000000 25175.9259205312 5.0838170861 14429.7223757426 8984.3053716522 1754.2780513612 2.2950875859 0.2412171307
213 1.134573 0.846327 0.000000 24446.3964086119 4.6317366398 14642.9705926604 8579.9656734850 1217.7518655527 0.9726720410 0.1038685233
214 0.990440 0.756784 0.000000 20442.6080861181 0.0284157269 12462.5982840140 7057.4066782959 922.2785528023 0.2824214407 0.0137346152
215 1.177340 0.858590 0.000000 20831.1410364271 0.0376803985 12943.6488002410 7149.7155686720 737.4496169820 0.2746169584 0.0147537789
216 0.728160 0.614142 0.000000 12238.5900460682 0.0604263128 7518.8486063942 4221.3580426378 498.0606976365 0.2433869924 0.0188866209
217 1.040985 0.774997 0.000000 16884.5772334338 0.1625766736 10722.0309797342 5665.8907496629 496.2510605422 0.2231348604 0.0187323112
218 1.065937 0.803513 0.000000 14980.1467239847 0.2765813562 9710.1567820796 4820.7740102032 448.7296786447 0.1935633114 0.0161087998
219 1.102080 0.843146 0.000000 23888.3346201169 3.5304613127 14730.0273307424 7996.6725339183 1155.9873119885 1.8971604357 0.2198224448
220 1.049505 0.846446 0.000000 24983.9604031886 0.1428299068 15235.0878735989 8723.3533087487 1025.0525061091 0.3058930509 0.0179924026
221 0.889902 0.718899 0.000000 15291.3350557054 0.0149266740 9606.9777770834 5196.9894732078 487.2528070931 0.0941168423 0.0059553199
222 0.816768 0.626448 0.000000 10567.0923831376 0.0150260742 7003.1022702662 3353.3482960763 210.5854050466 0.0385113362 0.0028747814
223 1.304553 1.020860 0.000000 24559.6905478235 92.1905668232 15696.6048651612 7868.3683905292 899.4166071617 2.7457595427 0.3643591616
224 0.848425 0.709354 0.000000 16882.6892576445 0.0346565206 10799.1666412341 5576.3631485832 506.8043054306 0.2964870898 0.0240193443
225 0.676297 0.627847 0.000000 9618.9192514119 0.0045909553 6456.6741148924 2955.0545499164 207.1347430161 0.0472405641 0.0040130265
226 1.221235 0.916235 0.000000 19579.8606061054 1.6650978337 13063.3223493533 5825.6214830647 688.6055103159 0.5774828947 0.0686831410
227 0.779350 0.660299 0.000000 14390.8048118172 1.1543591714 9393.4992375966 4479.5672527758 515.7385988917 0.7515449644 0.0938186235
228 1.097644 0.850578 0.000000 18958.6547697826 5.4100860493 12358.7832986437 5948.9971546597 644.8621247392 0.5537537709 0.0483522404
229 0.900376 0.740330 0.000000 13030.5538862582 3.0763437998 8293.4288195491 4110.9052739844 622.3715427285 0.6968731636 0.0750330871
230 1.070343 0.847040 0.000000 18756.3911458910 48.9590079673 11890.6805583190 5822.1142345751 991.4922033310 2.7668466015 0.3782948557
231 0.975796 0.713707 0.000000 19620.0534708485 23.1997601323 12266.5814786713 6515.4278376644 814.1150935277 0.6648054702 0.0644959007
232 0.654669 0.577584 0.000000 15523.6872514302 25.7681567077 9175.1670671470 5199.7225989721 1117.8837622796 3.6700372910 1.4756293300
233 1.357474 1.039139 0.000000 28284.6785818486 20.9863687135 17768.4580488103 9318.0317591995 1176.5182159112 0.6341708531 0.0500189900
234 0.939266 0.765467 0.000000 19655.5808470530 33.0478415233 12300.5370017029 6395.7243601576 924.5277350301 1.5819698404 0.1619390939
235 1.137003 0.885196 0.000000 22931.7413246885 0.0479119362 13706.6229687211 8095.7793862580 1129.0992140599 0.1777704448 0.0140751445
236 0.814183 0.649193 0.000000 11487.4581103994 0.0431539682 6990.9457604853 3901.5289904918 594.8683798444 0.0671187092 0.0047079254
237 0.889141 0.685145 0.000000 14643.6236436612 0.0454555606 9121.1409092620 5018.4885369157 503.9255799690 0.0218562109 0.0013070620
238 0.870201 0.681822 0.000000 11893.3656980991 0.0851343544 8074.5835770000 3619.0184550966 199.6594535684 0.0177167758 0.0013624164
239 1.036832 0.819428 0.000000 19453.7447551282 1.2747587733 12547.2083873614 6090.6811610698 813.6278541096 0.8688101814 0.0837846865
240 1.046710 0.776352 0.000000 15234.5699035551 0.1203548720 9952.6034126893 4987.5630534590 294.2444492370 0.0358393796 0.0027946151
241 0.750680 0.648763 0.000000 10650.6028894714 0.1289702018 7068.9446340960 3320.5960693038 260.8262043274 0.0983353192 0.0086768954
242 0.991900 0.859132 0.000000 17122.9693711592 1.3484569085 11501.6055550459 5157.6793507161 461.8554840942 0.4403457999 0.0401791329
243 1.070651 0.772799 0.000000 16083.2802702539 0.1933204435 10473.6267613340 5059.4523322100 548.8476989526 1.0141734123 0.1459845248
244 1.012929 0.776961 0.000000 22345.7931376069 62.2839727788 12964.1600479904 8070.3428793243 1243.3793114788 4.6309985722 0.9959280939
245 1.071473 0.852463 0.000000 21697.0540206528 114.2385121212 12771.7366300803 7466.0637411229 1340.3145099889 4.1216360319 0.5789916680
246 0.916981 0.745964 0.000000 13088.9409334422 28.8582103809 8230.8700884380 4213.9764198340 613.3071927421 1.6919441986 0.2370778760
247 1.036401 0.805537 0.000000 20778.9130763403 1.8182078449 12545.3432292074 7065.6167221710 1165.4349772632 0.6323914418 0.0675488886
248 1.174534 0.863400 0.000000 22140.8335952729 0.0391950507 12913.8627528771 7827.6743474998 1398.7515417898 0.4723426157 0.0334161859
249 0.994808 0.760225 0.000000 19703.5688421319 2.7647636758 11685.1713838158 6805.3623378485 1209.1501624058 1.0103758306 0.1098191091
250 1.093863 0.882982 0.000000 25407.0335428326 1.7935400675 15186.2675549443 8694.5790406022 1522.6928795273 1.5629012500 0.1376271820
251 1.041967 0.737118 0.000000 16987.4882832488 0.3243768541 10458.5277428565 5593.4970782694 934.4053585789 0.6771708682 0.0565561594
252 1.093758 0.783530 0.000000 18559.5993721793 4.6671423300 11535.7411704050 6165.0852088915 853.4209482399 0.6381319948 0.0467702665
253 1.179407 0.963876 0.000000 32477.0122201658 10.8528068217 18488.6557830130 11377.4661141026 2593.8487072748 5.4970751618 0.6917338971
254 1.120662 0.869272 0.000000 22241.2071338045 0.1355540003 13458.1391139902 7538.6968551628 1243.6307590470 0.5706224291 0.0342298054
255 0.994994 0.764042 0.000000 15622.5244597454 0.1232871869 9828.2162752926 5180.6227552559 612.8420397556 0.6690356338 0.0510670033
256 0.905246 0.726683 0.000000 12847.7570418992 0.0600115694 8033.8860098023 4472.5280606428 341.2149622243 0.0646782077 0.0033199152
257 0.830086 0.619480 0.000000 9894.7731842844 0.0598017710 6555.9357154217 3146.6144273604 192.1192321911 0.0419777150 0.0020304243
258 0.756989 0.656064 0.000000 11823.4941055973 0.0260402208 7753.9466198999 3761.7071513935 307.6700531460 0.1339964566 0.0102451955
259 1.146732 0.974150 0.000000 34793.3751090058 0.0497698105 20128.6556734559 12622.8731173799 2041.0094970256 0.7337544531 0.0532976326
260 1.034861 0.849565 0.000000 20144.7268198845 0.0440627469 12552.7575640116 6788.8579624888 802.9151455000 0.1470723558 0.0050138961
261 1.062702 0.832042 0.000000 21264.8980092686 0.7086762506 13249.6279469726 7074.6083001505 939.3544511561 0.5529032206 0.0457321083
262 0.747819 0.625945 0.000000 10699.8810835829 0.8373187515 6580.8383781573 3539.2576710438 578.3573007720 0.5340793770 0.0563362267
263 0.905356 0.756828 0.000000 21374.8864400082 4.0905578465 12594.5082404355 7459.9541068830 1314.8214335450 1.3733020279 0.1388002368
264 0.859406 0.682084 0.000000 17904.4679784545 0.4014968973 10930.8844509282 6207.2056689351 765.5553434004 0.3947029976 0.0263156962
265 1.020156 0.812182 0.000000 22831.8468560818 2.3986347905 13386.8458964352 8213.7991491790 1227.5291191030 1.1533452456 0.1207118968
266 0.833518 0.652628 0.000000 15252.8801217328 1.3291684473 9100.7736525486 5334.4664105534 815.5893712414 0.6545961276 0.0669231740
267 0.805725 0.635082 0.000000 15235.9298267815 0.0235966483 9528.9382108210 5179.5352243051 527.3707090863 0.0576989347 0.0043874618
268 0.933352 0.689998 0.000000 15823.6513816988 0.0688547742 9908.1500837406 5262.6392939446 652.6809165338 0.1037978990 0.0084352373
269 1.168970 0.912189 0.000000 23651.5988158215 1.1782923511 14759.4901263311 7994.8169809042 895.4572538052 0.5929458549 0.0632168334
270 1.005568 0.749778 0.000000 20148.4008665208 0.6986188856 12751.3941112201 6803.7933606734 592.2687947367 0.2260688642 0.0199124776
271 0.995508 0.799476 0.000000 19378.1358669648 1.5273810657 11770.7326511064 6829.7722374441 775.7384884624 0.3355464339 0.0295630417
272 1.071257 0.831515 0.000000 18554.1761357049 0.2910311932 11714.9160557601 6226.1683619803 612.6111743831 0.1751637518 0.0143490244
273 0.935902 0.772768 0.000000 18848.9707859419 4.0193435180 11785.0014935459 6323.5041021630 735.5625302871 0.7967479527 0.0865686252
274 1.079239 0.822950 0.000000 23637.0072849589 7.0227598674 14323.4715902839 8094.2823595611 1209.7588854857 2.2119184901 0.2597715219
275 1.088837 0.822954 0.000000 17564.8082262731 25.2621142788 10671.6774714419 5909.4139752662 954.8945951220 3.0993924687 0.4606780646
276 0.845860 0.637741 0.000000 15270.4060379623 83.2837878677 9283.7146574177 5008.4012043634 891.1218786035 3.5096835541 0.3748264281
277 1.124792 0.829814 0.000000 18313.7365258074 278.9585164250 11230.9731741532 5734.7285923841 1066.2639921667 2.4899993977 0.3222513281
278 0.936207 0.726933 0.000000 15861.8074474474 348.0992280921 9481.3089207892 4987.1385482715 1041.3000615750 3.5609836480 0.3997052389
279 0.685715 0.619249 0.000000 15926.9869824057 221.1768847082 9023.3791699651 5241.5524622155 1416.3057136113 20.7462255348 3.8265263810
280 1.180991 0.960744 0.000000 27510.3212693615 490.8008088782 15848.8641579248 8936.1942278930 2187.7393517618 37.8814453708 8.8412776358
281 1.040200 0.783798 0.000000 16483.9899832827 39.8435609669 10209.3185376154 5533.4890434659 700.8368875941 0.4705522672 0.0314016903
282 1.301500 1.031174 0.000000 25811.0165274332 43.2590136387 15732.6505731699 8419.1884207949 1615.1205313230 0.7348917011 0.0630972962
283 0.896805 0.701163 0.000000 17041.3745171839 0.1671265355 10368.8865518485 5748.5169095580 922.8924797820 0.8356825117 0.0757672841
284 0.953202 0.703242 0.000000 17147.1010984121 25.3817145516 10201.5714317749 5920.2188336849 999.7688928787 0.1504221888 0.0098036226
285 0.718761 0.592703 0.000000 12426.1802891206 14.3748098722 7384.6305872933 4251.2452377692 775.4369771919 0.4452803452 0.0473968677
286 0.833881 0.648343 0.000000 13113.1563827318 0.1581447804 8115.0786605858 4481.3730479182 516.5114371482 0.0334056140 0.0016868272
287 0.888875 0.651120 0.000000 16937.4547203768 0.5865456916 10236.3934727298 6004.4110705010 695.9747750302 0.0834043447 0.0054524451
288 0.917798 0.697991 0.000000 17238.2906022170 2.6492570081 10180.5691279468 6168.7020195325 886.2661087546 0.1004438663 0.0036457573
289 1.143759 0.836573 0.000000 27215.4118032121 2.1808296013 16493.8827391091 9551.0620334957 1167.0642811549 1.1027220232 0.1191984946
290 1.035113 0.845015 0.000000 22779.0332157420 0.3848519804 13454.3907641132 8194.2440946591 1129.9030141551 0.1061458418 0.0043467985
291 0.895737 0.759399 0.000000 20003.6554693895 0.2460556575 12418.0099164774 6870.2649455410 714.8570743246 0.2580979437 0.0193802016
292 0.871522 0.740204 0.000000 14025.1049531234 0.0824118735 8911.4779380258 4632.3614084922 480.8564379723 0.2991677253 0.0275896182
293 1.150612 0.881360 0.000000 29903.6079584579 6.5606560969 17828.7130913634 10622.9902788144 1440.6228663325 3.8478540639 0.8732123846
294 1.081575 0.819258 0.000000 13414.0857462456 0.6052897447 8781.0262406550 4441.3466154049 191.0723354610 0.0320849210 0.0031805689
295 1.169885 0.920862 0.000000 23942.1715086822 0.0417478552 14331.4477196922 8654.5087338254 955.8904751891 0.2622287713 0.0206042644
296 0.997817 0.792164 0.000000 17993.4312988041 4.7807538502 10739.9929302488 6318.5743143969 929.0750660411 0.9038649478 0.1043697445
297 1.142634 0.893573 0.000000 20365.6944736573 4.6950297396 12332.7343259087 6691.3576010908 1335.8310272773 0.9952832219 0.0812070761
298 1.196375 0.970224 0.000000 30434.8356820134 35.0687300624 17978.4945230280 10648.7527460570 1771.4144890659 1.0269848669 0.0782093984
299 0.705797 0.578261 0.000000 9120.0129731683 0.0154021922 5997.3426053493 2985.1528135451 137.4942893703 0.0072868245 0.0005762974
300 1.057040 0.857397 0.000000 29712.0288315648 208.5182983706 17209.5471813695 10593.2127910500 1694.6862317907 5.0626368300 1.0016928392
