1 0.589374 0.576250 0.000000 16097.3895477774 340.5686574622 9353.2407430047 5053.4578386328 1341.0221364846 8.1644639519 0.9357082414
2 0.672556 0.638503 0.000000 25322.6034076725 248.3088151095 14678.1923357001 8279.7208981206 2092.8851112144 19.5578654594 3.9383820705
3 0.590176 0.592123 0.000000 19010.7134033192 105.8155925794 11235.9751468828 6346.8768450724 1318.0442576441 3.5983731759 0.4031879655
4 0.514171 0.548944 0.000000 16235.6908030396 178.0805533620 9404.2499238019 5366.3438985174 1283.3457537994 3.3275452766 0.3431282817
5 0.637181 0.617775 0.000000 21099.2872964589 130.5603653231 12377.7480701152 7008.3699810092 1579.6906271111 2.6536871348 0.2645657668
6 0.495593 0.524785 0.000000 14386.0493301603 85.5376949921 8364.7385410700 4848.8558166983 1086.0688987776 0.7774728283 0.0709057960
7 0.587251 0.614156 0.000000 17222.8248820387 82.7024164197 10049.0178502142 5862.2332603878 1227.8386176195 0.9536854612 0.0790519403
8 0.598260 0.590286 0.000000 22647.1227160726 226.1085438664 12033.6944775155 7743.0029823206 2629.4796558991 12.8376938255 1.9993626451
9 0.541599 0.592242 0.000000 15565.4642646665 66.1004571489 8807.6883080133 5301.9197859221 1384.1721352334 4.9463920738 0.6371862796
10 0.458090 0.492093 0.000000 12304.0936859554 62.6071163900 6966.0641083996 4243.3227117161 1030.2746482755 1.6570182280 0.1680829511
11 0.628325 0.577678 0.000000 16067.0696646864 77.5868212899 9561.2301828681 5391.7636617604 1031.8137671853 3.9216321086 0.7535994824
12 0.520985 0.510094 0.000000 11269.2169990057 14.6505819975 6840.2842202506 3794.7881554275 619.1317339743 0.3393573260 0.0229500336
13 0.640164 0.587079 0.000000 15861.1322946957 9.2459296082 9643.6216640053 5389.8184681449 818.1585671542 0.2668579344 0.0208078543
14 0.414553 0.428991 0.000000 9635.1085639859 46.8902529791 5582.6174780793 3309.5091714265 695.5921858839 0.4702601560 0.0292154680
15 0.559805 0.558657 0.000000 13449.4727855711 6.0980704026 8066.7135401614 4602.9861156041 773.3619447127 0.2893119566 0.0238027383
16 0.347833 0.444134 0.000000 8783.0487616083 1.5506829090 5361.2840437010 2949.8179851492 469.6178367756 0.7094673270 0.0687457492
17 0.600767 0.581019 0.000000 13356.8444782949 10.2558432807 8171.2344544913 4511.6700886105 663.2988929263 0.3582920993 0.0269068967
18 0.690233 0.641276 0.000000 15601.5140900913 36.8361811030 9245.0642985898 5286.3973019942 1033.0834202310 0.1229622320 0.0099259576
19 0.635710 0.625933 0.000000 19260.8249851270 88.0144697689 11106.0706410986 6636.3041037568 1429.4623556044 0.8777200852 0.0956948173
20 0.469924 0.495975 0.000000 11082.3054155630 69.7056682655 6265.2652936697 3728.1156702115 1016.1729023396 2.7977862809 0.2480948063
21 0.625676 0.586496 0.000000 16918.1188207049 68.4053876448 10177.6101014248 5709.6178850257 961.2185437444 1.1800321416 0.0868707392
22 0.677838 0.651852 0.000000 16998.8477628484 176.0243515787 9761.3648486795 5631.9506501950 1416.0635138433 11.6647703412 1.7796282190
23 0.887930 0.797633 0.000000 25423.4894280376 138.7420734155 15066.3781169567 8748.8010653272 1467.3392196223 2.0299702405 0.1989824821
24 0.534286 0.561834 0.000000 19375.3246288204 63.4619269748 10323.7844793636 6893.3226929738 2090.6458009074 3.7700017227 0.3397268883
25 0.583290 0.623494 0.000000 16899.2845685985 157.7669972866 8984.1437594574 5775.8548747148 1969.0139906259 10.9744824329 1.5304640892
26 0.550228 0.558367 0.000000 13038.2526568097 135.1246481888 7193.2843025810 4364.1379396264 1341.7383867916 3.6644678380 0.3029117922
27 0.502287 0.482408 0.000000 12638.6054427194 119.1508937191 6801.3811146708 4202.3537309332 1506.8362627208 7.8324822103 1.0509584672
28 0.576304 0.554907 0.000000 10489.7499055906 5.7357469224 7053.4596716582 3151.5181529323 278.3103668283 0.6359844569 0.0899827994
29 0.509197 0.508597 0.000000 10106.0205355937 0.0920077881 6830.2447115502 3113.9271759455 161.7242910724 0.0298061483 0.0025431178
30 0.561727 0.604139 0.000000 11615.6067965562 0.1620594329 7443.1700539401 3846.5311229814 325.5529687637 0.1729780609 0.0176133896
31 0.524079 0.577808 0.000000 13807.5951424516 7.3948034035 8153.9464372989 4742.5627287235 902.4192517172 1.1119769466 0.1599443744
32 0.532407 0.511432 0.000000 13321.3525295972 43.6560738981 7460.9301867462 4665.4172447208 1150.7230625189 0.5799087145 0.0460530062
33 0.665670 0.666361 0.000000 16849.5809035763 43.4045080799 9758.2351248746 5820.4293293174 1226.4364403870 0.9634057380 0.1120951920
34 0.637793 0.592914 0.000000 14509.0959486538 57.5970616845 8633.8736352349 4886.1254338520 930.6015718061 0.7986059187 0.0996401636
35 0.508931 0.509220 0.000000 12418.8566930726 141.3912871512 6941.7935951912 4122.6989139146 1196.6970246653 10.6065755257 5.6692966358
36 0.544078 0.496150 0.000000 11056.3614705601 40.4347716557 6605.2990410541 3658.7815589660 741.4789535004 7.1465465643 3.2205988468
37 0.596652 0.522564 0.000000 12752.3433905125 62.1938598034 7482.8181743899 4280.8835220993 924.8655703980 1.2294241098 0.3528397398
38 0.623234 0.595027 0.000000 12219.5835205053 7.4887456420 7694.9929422791 4004.2372192250 512.8027491641 0.0580644136 0.0037998000
39 0.723482 0.678280 0.000000 18808.5171200934 26.5624611654 11184.2850663768 6480.1867559466 1116.5102620935 0.8658642645 0.1067102525
40 0.742099 0.672542 0.000000 15905.1922840933 93.5019395508 9608.9393116291 5380.2627967121 821.8563807822 0.5713215439 0.0605338741
41 0.618203 0.593446 0.000000 11819.7054888393 62.8023872627 7222.7886416160 3721.7632699284 810.1302193024 1.7171761119 0.5037946326
42 0.596300 0.531026 0.000000 9402.4228466698 8.0625516521 6122.5891410831 2907.1929015372 364.2747836868 0.2626462476 0.0408224893
43 0.420504 0.461429 0.000000 7011.1150174582 0.0549136101 4652.0708603210 2203.0573367281 155.9095162784 0.0209647970 0.0014257605
44 0.528084 0.552026 0.000000 12106.2941679948 9.7448212998 7249.1578823811 4186.0161834557 661.2682394657 0.1012484999 0.0057929147
45 0.557994 0.585330 0.000000 15071.0108931335 23.8303943552 8577.1111599729 5419.7644751177 1049.9411167742 0.3448485823 0.0188983633
46 0.503931 0.554960 0.000000 9470.0227266765 2.7190428396 5806.6141613926 3198.3034877509 462.3478061221 0.0356552291 0.0025733573
47 0.656856 0.621692 0.000000 17567.6788000153 63.2270783250 10229.4466458200 6072.8194934044 1201.4345156738 0.6998517716 0.0512150483
48 0.498932 0.549236 0.000000 10813.6297047132 0.0409737408 6812.0387037488 3592.1325763353 409.3708398905 0.0441762626 0.0024347552
49 0.458606 0.522373 0.000000 7684.3616827042 0.1358153019 5197.7461560654 2345.8227185780 140.6039605707 0.0488868891 0.0041453552
50 0.429189 0.464166 0.000000 8453.8927118918 0.3919446159 5416.4287176474 2825.7398542966 211.3199925590 0.0113353707 0.0008674465
51 0.613003 0.606308 0.000000 12137.5638961047 0.1733473742 7646.7029142947 4099.4008090784 391.2096277818 0.0714644806 0.0057331240
52 0.476584 0.511030 0.000000 5961.8240958553 0.0479803042 3967.1329487569 1893.7839539463 100.8517036731 0.0069336009 0.0005756093
53 0.467250 0.501491 0.000000 7476.0794046178 0.0204908040 4710.8388367052 2466.2424519613 298.7551200673 0.2002582844 0.0222468521
54 0.584320 0.554085 0.000000 11825.6634924518 0.5557811009 7206.7866444218 3986.8314699017 631.3743428446 0.1067467976 0.0085073841
55 0.398595 0.423905 0.000000 5339.8059623344 0.1419399887 3459.4434441093 1718.7163874445 161.4934519010 0.0100649265 0.0006739855
56 0.596160 0.520518 0.000000 10173.6577839797 0.3294379651 6443.4555373346 3343.2723675639 386.5646319495 0.0331856125 0.0026235643
57 0.410177 0.468611 0.000000 7591.7114940890 2.1433378022 4565.5583420251 2536.2594053659 487.6292209581 0.1120363666 0.0091516040
58 0.671091 0.569589 0.000000 14021.1856579774 1.9790500898 8882.1710989947 4519.4233251926 616.9236458543 0.5900717411 0.0984661305
59 0.632813 0.590857 0.000000 12269.9887606110 27.1414482569 7902.4094986582 4010.2546495050 330.1168843582 0.0606969080 0.0055829456
60 0.769591 0.656401 0.000000 18248.7148866287 60.1517955979 10919.7977826772 6357.3563531006 910.2878343718 0.9411498017 0.1799711088
61 0.649791 0.629694 0.000000 15478.1123743463 32.4017804431 8957.8194272557 5319.0636302735 1167.3677633198 1.3437396545 0.1160334247
62 0.527758 0.552996 0.000000 9817.9280476953 4.7043377630 5873.3173902108 3373.1348699248 566.5486136302 0.2089445757 0.0138916129
63 0.554334 0.533122 0.000000 8954.8566142315 22.8681109283 5809.4461355851 2850.4755018274 271.9467702814 0.1101732077 0.0099224330
64 0.654949 0.683205 0.000000 15927.5910479124 211.7387554125 8819.1702625975 5242.3961607445 1637.9076459496 11.6679058753 4.7103173289
65 0.562990 0.515629 0.000000 12059.1030024879 291.1050315988 6588.3349810767 3809.0437840571 1349.8606875700 15.6168958434 5.1416223247
66 0.485878 0.500374 0.000000 9395.5788763103 135.6929381759 5660.7238864373 2910.9299718080 680.3086825010 5.8997591690 2.0236382440
67 0.624665 0.585636 0.000000 12467.3041466172 1.1856817292 7775.5180248715 4199.0461989075 491.3782825314 0.1602667006 0.0156919002
68 0.442208 0.456347 0.000000 5798.1509586108 4.5470487185 3804.4836179479 1799.9707826379 189.1420018921 0.0072301961 0.0002772396
69 0.623526 0.582933 0.000000 13202.6468159774 0.7323102405 8011.0554056233 4677.0691425260 513.7428214283 0.0442381233 0.0028980631
70 0.518984 0.492754 0.000000 7175.2585720516 0.1162430371 4599.7482081538 2357.4975755753 217.8590156302 0.0351903729 0.0023393166
71 0.607903 0.555288 0.000000 11773.0565934694 0.7976775823 7442.3677909452 4016.3581768578 313.5114039888 0.0200257801 0.0015183569
72 0.753859 0.638420 0.000000 17119.4236420885 63.5762090006 10065.2647961640 5986.0176062241 1003.0104136316 1.3635919561 0.1910251290
73 0.466247 0.501862 0.000000 7000.5080650101 4.1897533983 4454.8401747908 2377.0418188556 164.4154581850 0.0193062626 0.0015535452
74 0.721889 0.619706 0.000000 12649.0478376258 13.7096370083 7658.0971486660 4497.6569651600 479.5096409525 0.0688322199 0.0056136546
75 0.583407 0.543609 0.000000 7997.3299655498 0.5242815469 5201.1345873501 2593.3618800103 202.2693477608 0.0368246286 0.0030442541
76 0.490003 0.521852 0.000000 6434.3483516477 0.2604035564 4115.1091393820 2152.1070033619 166.8653054144 0.0060101906 0.0004897679
77 0.530384 0.546914 0.000000 7266.4920710994 0.0117251134 4743.1550577504 2294.6817592269 228.6205164499 0.0213661372 0.0016464663
78 0.657802 0.586739 0.000000 10490.9453196755 2.8882282914 6362.3261738357 3529.8888242999 595.1944428257 0.5922463508 0.0554040836
79 0.678482 0.518399 0.000000 8408.5043408562 0.1018771650 5735.1710499437 2560.7089913188 112.4972742325 0.0235759519 0.0015722742
80 0.532331 0.480988 0.000000 6338.9513736261 0.0697693876 4303.0664735741 1953.0231028171 82.7874095751 0.0042925780 0.0003257032
81 0.822035 0.634625 0.000000 17542.7383892199 20.0920875607 10647.4522350296 5667.0398015304 1206.4989317715 1.5119706020 0.1433627832
82 0.655456 0.580925 0.000000 13918.3560683542 0.1152638822 8658.0061641950 4782.4333156197 477.7561194808 0.0423848901 0.0028203615
83 0.726621 0.672927 0.000000 13700.4715141808 0.1207767759 8242.4967899486 4866.6717979001 591.1429221707 0.0362578525 0.0029696106
84 0.384274 0.444750 0.000000 6265.3699825713 3.3411778089 3796.8402501575 2162.9302482294 302.2417231108 0.0152435626 0.0013397044
85 0.500045 0.561853 0.000000 12494.2196536347 55.8750084831 7003.2748631837 4324.5936493411 1109.3890028760 1.0273609699 0.0597688517
86 0.416490 0.487981 0.000000 7562.0104949835 43.8848405013 4105.6869942780 2655.2118500678 755.1392285573 1.9573829795 0.1301986091
87 0.495477 0.511111 0.000000 7849.4246934230 49.5018055398 4492.6929080928 2722.1824894927 584.5443451958 0.4729262188 0.0302188980
88 0.608186 0.616641 0.000000 9679.9236743356 11.3700057972 5615.1430056095 3308.9776579080 743.7385908535 0.6430763373 0.0513379144
89 0.591468 0.568873 0.000000 8400.2803518479 1.0189829954 5166.0903424699 2899.5448591710 333.5199607897 0.0978486433 0.0083578189
90 0.504023 0.542171 0.000000 5367.1887053011 0.3106551844 3489.8380146660 1769.3178498618 107.7095996391 0.0115878259 0.0009981454
91 0.728512 0.647336 0.000000 14331.7713377166 0.2397443181 8861.6596697260 4901.6319038870 568.1794958161 0.0584732926 0.0020507646
92 0.593348 0.494870 0.000000 8912.7049296266 0.3093741117 5554.6521838556 3102.0879202752 255.5498220561 0.0978007066 0.0078286726
93 0.768896 0.701887 0.000000 12468.3035193565 0.1784377935 7828.5803524783 4258.5290449539 380.9496469094 0.0605889177 0.0054483806
94 0.496630 0.557917 0.000000 4847.1233617224 0.1530067787 3524.2833772412 1290.2767050038 32.4052432085 0.0046077424 0.0004218237
95 0.405791 0.438917 0.000000 3521.9822223687 0.0109028819 2543.1160254634 940.8979988104 37.9520146800 0.0048532189 0.0004274028
96 0.646635 0.596289 0.000000 10550.2640171131 0.0714180552 7073.0474339817 3294.5382890860 182.5813306636 0.0234215274 0.0021239065
97 0.781348 0.723872 0.000000 17091.7466687759 0.7269408404 10088.1241926013 6070.5663665010 931.2934297794 0.9162989776 0.1194401679
98 0.721625 0.638319 0.000000 18329.0758963604 70.9420071189 9960.2102828317 6538.5291697373 1756.3649038193 2.4670098629 0.5625230232
99 0.533970 0.595833 0.000000 12878.8326345790 56.0369030203 6739.8718989654 4615.5875872454 1464.9995979004 2.1735123566 0.1631351272
100 0.471245 0.507861 0.000000 8915.3606187500 5.3781136120 4993.7321233344 3169.0797934893 746.7344000066 0.4127503212 0.0234380251
101 0.685258 0.657239 0.000000 13477.2890587972 61.8458305890 7333.2996127521 4682.6997107260 1397.4322771344 1.8808417526 0.1307858804
102 0.472788 0.504474 0.000000 9992.1121222164 89.3253311553 5216.1240994456 3494.1432395955 1187.4022266826 4.4544291269 0.6627962649
103 0.377015 0.461040 0.000000 3061.9820039481 19.4763438862 1873.7288472584 956.8758864346 211.8448264246 0.0531646923 0.0029352822
104 0.608353 0.588367 0.000000 12908.5520348173 99.3071951308 7066.8530367988 4366.5541205901 1365.5662839389 9.3904869384 0.8809114941
105 0.625675 0.541482 0.000000 8891.4844785349 5.8234633862 5691.0399199218 2941.0181938222 253.4001119481 0.1884668572 0.0143226834
106 0.498658 0.544450 0.000000 6025.7333767173 0.1496247591 3970.5868762573 1976.7799349522 78.2120463878 0.0045613626 0.0003330644
107 0.617096 0.563618 0.000000 7451.1897468794 0.1685250755 4957.7706012678 2409.0163083324 84.2308086275 0.0032361517 0.0002674663
108 0.751043 0.648865 0.000000 12977.0429223404 1.0463234342 8615.2140685095 4229.9228094150 130.8459891703 0.0126055491 0.0011262951
109 0.664724 0.685135 0.000000 17074.4866381441 6.9535789914 10161.1374644328 6033.1289558057 872.7991093538 0.4261100206 0.0414196076
110 0.826998 0.718945 0.000000 16173.0526270890 48.6071861113 9831.1998452654 5531.4195632575 761.2176900694 0.5383552180 0.0699872151
111 0.737510 0.697258 0.000000 18660.3479075623 255.0744126222 10375.9939070043 6242.3014350023 1783.6999923672 3.0197913602 0.2583691920
112 0.506169 0.526976 0.000000 7683.8748831193 13.0491589036 4424.7286805435 2646.4616591083 599.4799871139 0.1440318738 0.0113656077
113 0.641440 0.588554 0.000000 10395.2827842298 67.7020269096 6213.6754873465 3322.2266588145 790.5405828852 0.9429813969 0.1950469447
114 0.527000 0.579117 0.000000 12000.0039064612 45.6264717611 6953.0617762591 3996.7798033194 997.0197471956 6.5087569171 1.0073510323
115 0.516805 0.504146 0.000000 10166.2476177862 61.7981712073 6247.3237713332 3181.6402838267 673.8381609552 1.3340158656 0.3132146706
116 0.537154 0.533312 0.000000 13098.0730736806 220.8368155227 7474.4439034941 4125.0245980239 1257.8372435095 14.8224212946 5.1080918292
117 0.486293 0.548164 0.000000 16793.8776477745 98.3240304839 9105.7569149477 5839.8175189335 1707.0995267078 31.6860926426 11.1935641362
118 0.418338 0.483311 0.000000 5460.9563247845 29.8948415185 3446.4674745193 1671.4805796119 310.8230794115 1.9324804216 0.3578693553
119 0.832119 0.764972 0.000000 19571.9580898235 129.6279278178 11633.9594623540 6529.6744592918 1274.9389509623 3.4495913693 0.3076980908
120 0.901996 0.739392 0.000000 19392.4238051787 234.0385241653 11014.1330794553 6216.5104038390 1906.6648477228 16.1030756522 4.9738743747
121 0.726832 0.718588 0.000000 20374.2653703506 236.1799046018 11461.4581483699 6703.4838751502 1960.1435799294 9.7073430130 3.2925193567
122 0.581310 0.572666 0.000000 12345.8700414852 0.7634333338 7778.5446789276 4191.3978377273 375.1273123754 0.0350171342 0.0017620367
123 0.587838 0.628530 0.000000 14577.6979280877 3.5718731043 8382.8395964915 5177.8097839433 1010.8121605225 2.2675230889 0.3969910331
124 0.450200 0.488460 0.000000 7532.5586131654 1.1617354847 4474.2993950733 2569.5950466169 487.1062459210 0.3739848140 0.0222053627
125 0.327779 0.427221 0.000000 3712.9938323329 0.0107899826 2487.7395545910 1113.5579355516 111.6685633402 0.0157991812 0.0011897680
126 0.696014 0.691535 0.000000 11648.7668842561 4.3776911734 7618.0557097083 3716.2987469279 309.8625016024 0.1581386845 0.0140962557
127 0.725019 0.650931 0.000000 12205.7130168373 0.0809995787 8272.1672782822 3797.6566279570 135.7892977643 0.0172360854 0.0015773049
128 0.427041 0.482070 0.000000 4458.9489396634 0.8613481019 3031.5303615279 1377.7303655467 48.8198684597 0.0063991545 0.0005969228
129 0.455676 0.499087 0.000000 5637.2747179526 0.2635304565 3742.6832005405 1802.4408404729 91.8782449069 0.0081499604 0.0007517107
130 0.796891 0.708663 0.000000 13568.3061641377 0.9220334277 8798.9328356197 4474.5477084906 293.8842322283 0.0177560503 0.0015984148
131 0.518876 0.519519 0.000000 7799.1759934193 16.2501321052 4821.6976309378 2669.6371209187 291.4418881665 0.1369849073 0.0122364492
132 0.510536 0.537705 0.000000 7260.5450985968 13.2272473372 4569.7670772204 2393.1433625638 284.3356562299 0.0657584909 0.0059967365
133 0.487218 0.540181 0.000000 9907.7646530077 96.1964874266 5253.3494048203 3548.6258079013 1009.4736360178 0.1141460430 0.0051708500
134 0.631292 0.603931 0.000000 11755.9384887635 47.6697751226 6856.1969217069 4219.6223731069 631.4224260630 0.9147861458 0.1122066357
135 0.523093 0.504663 0.000000 6261.8474748558 28.8246280925 3858.6888760817 2139.9240002895 234.3526986881 0.0450801476 0.0121915670
136 0.414257 0.551830 0.000000 8759.3762208137 40.7926628347 4699.2749865793 3088.2797511840 927.3203494477 3.1441018509 0.5643689286
137 0.433179 0.473586 0.000000 5947.2467098097 14.4028019639 3644.3298641411 1973.9243620515 314.4202703519 0.1561686806 0.0132426400
138 0.664685 0.614705 0.000000 11671.0317277146 56.3862257268 6757.1710176540 3999.7354740538 856.8770544374 0.7954955195 0.0664604124
139 0.481507 0.526943 0.000000 7136.1900565201 34.3530805166 4305.9502236562 2371.3179348248 424.2481028753 0.2936846179 0.0270300473
140 0.525109 0.517129 0.000000 8092.3626587829 2.2682644105 4875.2692238344 2899.1464731606 315.6437201521 0.0325093933 0.0024678915
141 0.482046 0.544462 0.000000 6424.0761784060 0.4092267493 3922.2064078813 2213.1586690236 288.2748187576 0.0252867261 0.0017693400
142 0.229448 0.388616 0.000000 3156.4814107249 0.7695403265 1983.8318498441 1063.4101295808 108.4417256601 0.0267899945 0.0013753511
143 0.611372 0.617746 0.000000 10319.2732072144 1.1605113251 6392.8012971409 3623.5333644312 301.7530023039 0.0236360197 0.0013960686
144 0.601621 0.588902 0.000000 8694.4992610788 20.1137397481 5349.2663641084 2903.4203210869 421.4215309417 0.2551559114 0.0221493892
145 0.514516 0.509277 0.000000 5639.6027392243 0.0683249548 3721.6012842261 1806.2939861231 111.6020317980 0.0350215649 0.0020905870
146 0.453713 0.485748 0.000000 6309.9746514119 0.1918951083 4000.1425229561 2221.1709484971 88.4583642378 0.0101906249 0.0007300484
147 0.658361 0.645496 0.000000 14784.4343629801 0.1234122191 8748.9188507548 5398.0939662983 637.0854957430 0.1946479099 0.0179901113
148 0.727167 0.604155 0.000000 8054.4163993935 0.1911967062 5344.3766733326 2581.0921945565 128.7493748078 0.0066256580 0.0003345267
149 0.537232 0.526023 0.000000 6538.9542236304 0.0225016342 4396.7647563604 2071.1265434149 71.0382157347 0.0020961605 0.0001104160
150 0.725541 0.664220 0.000000 10552.8173800675 0.0193043578 7019.1450884007 3412.7558731325 120.8938763747 0.0030271692 0.0002107229
151 0.678725 0.644014 0.000000 9876.4101317300 0.0582809729 6583.4862173066 3151.1675244293 141.6891603373 0.0082518184 0.0006969528
152 0.575827 0.540646 0.000000 8175.2092466254 0.0653368520 5386.1862363295 2662.7733950638 126.1739830741 0.0095038612 0.0007915422
153 0.463401 0.507929 0.000000 5151.5486670111 4.0982269161 3506.2439572837 1564.4791234160 76.7188237447 0.0078517080 0.0006839796
154 0.455433 0.441425 0.000000 4291.2495847211 24.4702319431 2732.5971149367 1403.1723399500 130.9559215935 0.0494570196 0.0045192988
155 0.582355 0.592746 0.000000 8802.5071938891 21.6922349091 5688.6053213997 2790.2088415463 301.5050063552 0.4566065253 0.0391831846
156 0.573105 0.640601 0.000000 10005.8281028347 110.0686585593 6160.5943215894 3276.1828584675 458.0166936912 0.8706569838 0.0949135797
157 0.410123 0.462853 0.000000 4982.9953162331 0.1742481301 3255.9169102348 1636.6708075728 90.2108214136 0.0207318099 0.0017971454
158 0.480944 0.498225 0.000000 4884.1696465588 0.0906833072 3400.1725327151 1428.9836523432 54.9165069633 0.0058120218 0.0004593444
159 0.447858 0.553244 0.000000 10068.3074261745 1.0913366949 6300.6674781336 3324.2635565816 442.1039462395 0.1697185477 0.0113900229
160 0.662274 0.583706 0.000000 8082.3747071582 0.2810632440 5270.9376564734 2598.1392323522 212.9451147207 0.0655987576 0.0060416952
161 0.286678 0.375222 0.000000 1718.2502154120 0.0949296705 1274.7755094942 432.4763300265 10.9015406214 0.0017398178 0.0001658216
162 0.651704 0.587537 0.000000 7974.5663815237 0.2108200164 5572.9016193154 2297.5422956450 103.8978782712 0.0125883479 0.0011800294
163 0.630603 0.580194 0.000000 9305.1307061186 1.1521428932 6362.7184835169 2843.1826151610 98.0482111160 0.0267746006 0.0024788973
164 0.274075 0.439956 0.000000 1659.1517794448 0.0346062381 1231.9827066572 417.8165213368 9.3169467267 0.0009143597 0.0000841937
165 0.552761 0.518563 0.000000 6770.3795105575 2.8265158269 4630.1965205544 2051.0194292586 86.3182382908 0.0172267623 0.0015798816
166 0.524791 0.576560 0.000000 6698.6662805678 0.2561925277 4429.5689217098 2093.0363370629 175.5569695551 0.2227305970 0.0251291065
167 0.712412 0.647872 0.000000 9273.5390607282 3.5741677822 6230.3242581779 2885.9994839528 153.5332870673 0.0986766028 0.0091871744
168 0.628685 0.592277 0.000000 9799.1801012592 0.1925336891 6208.2383863912 3212.4962017574 378.1819925007 0.0649575401 0.0060294263
169 0.613816 0.586513 0.000000 7920.0060321329 80.8224669956 4704.7765545131 2572.4923301701 561.6451350127 0.2448771201 0.0246683679
170 0.753748 0.705371 0.000000 12397.3434668802 188.5576769409 7050.7214209105 3924.9517954577 1231.3924191210 1.4972375749 0.2229169102
171 0.498701 0.521139 0.000000 6103.6613544945 49.4898939312 3821.0531633777 1817.8855464613 413.8502948620 1.2106933032 0.1717625688
172 0.566097 0.563739 0.000000 9444.2021899444 64.3021351513 5625.6027990749 3070.1845387030 680.7070368120 3.0170483717 0.3886318337
173 0.408470 0.501538 0.000000 5382.9282873558 55.4623278941 3200.9997244371 1683.8907762497 436.0214437852 4.9942916743 1.5597233649
174 0.410427 0.505259 0.000000 5948.4749279379 37.2614248626 3743.5035689622 1782.8303160602 377.6190051177 5.1592977210 2.1013152646
175 0.582735 0.629486 0.000000 8495.6130554042 5.6656444048 5206.6732929313 2867.0169945482 415.0961746476 1.0295039160 0.1314450419
176 0.622048 0.590088 0.000000 10283.0443033253 6.2910296519 6342.9411446736 3373.2222853098 559.1731524549 1.2298105114 0.1868807741
177 0.656300 0.563591 0.000000 10754.7774671431 10.7466986134 6658.9088688587 3587.2664564250 497.6119993777 0.2292226816 0.0142212095
178 0.656865 0.600218 0.000000 11497.2720852107 27.1747410103 7043.8914682406 3723.1389238032 701.8016407324 1.1226515521 0.1426599485
179 0.652324 0.609070 0.000000 7609.1381310985 51.3571883975 4654.5537090371 2390.2817835175 509.7158914162 2.6836141164 0.5459447114
180 0.596712 0.599637 0.000000 8347.2615865109 26.2275675142 5158.1276879342 2698.6890871778 459.8005417354 3.5570340158 0.8596681826
181 0.626511 0.589129 0.000000 12979.2522430158 146.1289301272 7366.9674958923 4499.1000191464 962.3687541712 4.0539792730 0.6330644447
182 0.600155 0.563998 0.000000 8092.2207335230 8.7976613893 4954.8205182934 2724.6038062930 403.5909069202 0.3806268755 0.0272138303
183 0.616295 0.568411 0.000000 7294.3551326887 46.1957479443 4432.8651790963 2353.3517673021 458.3177145252 2.6844870478 0.9402368405
184 0.582400 0.532666 0.000000 11105.4332476859 152.5495204439 6213.4167774963 3566.6616873808 1165.2432005843 6.5091123030 1.0529495520
185 0.612375 0.657898 0.000000 14099.9591516943 347.3487913859 7431.5973586740 4579.1601229999 1714.7030720702 23.2810516711 3.8687549698
186 0.645237 0.626760 0.000000 9742.8026772161 121.0640128542 5949.6441406822 2917.1432830894 748.3172115081 5.7499739083 0.8840552241
187 0.526704 0.579452 0.000000 4934.7283427301 1.5543206656 3382.2162057086 1467.5649843971 83.1832137265 0.1930222498 0.0165960667
188 0.916769 0.797017 0.000000 16085.6744336566 0.2107170019 10214.7735530758 5387.3875739772 483.1097905254 0.1791197565 0.0136794242
189 0.524581 0.535983 0.000000 6823.2773049560 0.0135891572 4526.3657838996 2186.5149885718 110.3653705277 0.0164313183 0.0011415480
190 0.689288 0.617358 0.000000 9690.5127375205 0.0682637687 6505.1051483036 3095.5416359491 89.7887126271 0.0083171653 0.0006598209
191 0.794618 0.682021 0.000000 12101.4975005272 0.0229811751 8091.9478255264 3859.2582721522 150.2587466918 0.0091171715 0.0005579447
192 0.268473 0.354841 0.000000 1765.3905388849 0.0103901800 1241.4026644691 518.2829135419 5.6944723950 0.0000922487 0.0000062209
193 0.257889 0.401561 0.000000 2698.9858743040 0.0179220440 1851.9460272322 829.4350461975 17.5862319322 0.0006047822 0.0000422407
194 0.597034 0.567632 0.000000 8591.6294185914 0.0492655270 5538.8196694073 2922.0910319788 130.6631042469 0.0059260199 0.0004216381
195 0.765472 0.674679 0.000000 12246.1116999442 0.1125779014 7986.0895325832 3998.4493778772 261.4339361729 0.0245475345 0.0017281697
196 0.431336 0.439109 0.000000 5680.7538506786 0.0708873016 3653.5493494632 1923.3957702127 103.7284318080 0.0087187419 0.0006933155
197 0.484615 0.502494 0.000000 4791.9770033911 0.2522702613 3139.1454474554 1551.6061619230 100.9428966736 0.0279306134 0.0022965492
198 0.722278 0.622941 0.000000 9477.5208801766 1.4690816978 6051.7568777043 3080.8679933482 343.3817933216 0.0414336239 0.0037005587
199 0.785672 0.640019 0.000000 9853.7949242029 6.2548358575 6824.9772174862 2867.4770407722 155.0533232347 0.0297535896 0.0027533959
200 0.503974 0.533193 0.000000 6770.0727841627 16.9951339195 4280.0086843538 2252.4019703620 220.5427054912 0.1139021765 0.0103879825
201 0.445334 0.494158 0.000000 5200.9024646799 55.8727259799 3177.4814986069 1672.5280127375 294.3679198954 0.6003465628 0.0519608705
202 0.567262 0.556509 0.000000 7639.8499030574 40.2853345462 4741.0324204686 2513.1362387664 344.9426027940 0.3762827324 0.0770238192
203 0.448108 0.515568 0.000000 8618.5428330232 44.3724768403 5130.9765463069 2860.3642292537 582.5813247286 0.2312050352 0.0170509814
204 0.489429 0.498092 0.000000 7409.3652670190 49.5308734357 4400.0874232118 2472.6985924761 486.5535108083 0.4536496989 0.0412174059
205 0.507682 0.515957 0.000000 8117.8738847462 18.3662821063 4784.0392620630 2867.1876580149 447.9198233291 0.3305229791 0.0303364121
206 0.560998 0.525085 0.000000 6923.4274650768 1.6143092394 4289.1099242040 2321.5499267712 310.9334017077 0.1985442446 0.0213590347
207 0.438720 0.479701 0.000000 6148.0157671880 17.2639524340 3633.1383484298 2094.1888925411 403.4035864065 0.0201140758 0.0008733797
208 0.627560 0.611686 0.000000 10133.6125271334 56.9363651586 6139.6323305713 3243.4627787714 693.2532284303 0.3043623990 0.0234618503
209 0.608614 0.606543 0.000000 8059.5560089764 68.4834707253 4979.1269305029 2418.4306266206 591.8663555901 1.4244438804 0.2241817654
210 0.751717 0.651310 0.000000 12572.7560362237 55.0505002188 7637.7560491864 4020.7677653342 857.5932694151 1.4287727096 0.1596795288
211 0.483464 0.510818 0.000000 5746.5603938702 0.8993324695 3694.1129665961 1860.2233357638 191.2590473453 0.0613450611 0.0043667807
212 0.399636 0.559042 0.000000 8608.2423057234 15.1697923067 5136.4139969349 2813.2970512917 643.1327549127 0.2148585104 0.0138519510
213 0.535246 0.581504 0.000000 5280.4573616470 15.9964241760 3315.5614772838 1681.3298363783 267.4522146576 0.1102075305 0.0072017619
214 0.541340 0.560391 0.000000 9313.8565843104 29.1809389335 5766.8574173826 3005.9467254902 511.0220981362 0.7475492894 0.1018551799
215 0.543148 0.528851 0.000000 7130.7552423309 11.3575613328 4696.4693261374 2244.6298433092 175.5689327869 2.2341530423 0.4954259104
216 0.593833 0.543200 0.000000 6515.7206707384 6.5537092103 4035.9805707250 2315.6123503397 157.4211793673 0.1303341659 0.0225270320
217 0.537914 0.580253 0.000000 4979.8659683317 3.9000911627 3004.5774156870 1807.5821249375 163.6903438379 0.1062121170 0.0097807315
218 0.557596 0.588151 0.000000 7253.9914240865 0.3152892019 4478.1987934539 2604.5509993158 170.8570739176 0.0636916102 0.0055767235
219 0.579063 0.579171 0.000000 9943.2257519303 0.4745316663 5868.8526062447 3750.5213747691 323.3222465120 0.0507856366 0.0042073171
220 0.530606 0.546386 0.000000 6193.8609883266 0.0080590997 4057.5405727891 2052.6957825680 83.6139405164 0.0024425740 0.0001909373
221 0.579870 0.594989 0.000000 7535.3855886198 0.0208886426 4788.3237081301 2535.5244955451 211.5019217261 0.0135338548 0.0010408722
222 0.557335 0.572628 0.000000 6937.1219313800 0.3718978262 4393.2968943174 2410.8721542777 132.5696504451 0.0104696257 0.0008650657
223 0.483072 0.505393 0.000000 4275.7650288809 0.0182156311 2925.9796500611 1293.9563658731 55.8056235566 0.0047929252 0.0003809338
224 0.451953 0.495214 0.000000 5022.9094140737 0.0655672812 3228.8596347467 1689.9333750701 104.0313899864 0.0180079953 0.0014391139
225 0.434399 0.453556 0.000000 3475.7395081265 0.0018826697 2212.3066373331 1203.1117937622 60.3178877107 0.0012193860 0.0000874481
226 0.696451 0.658744 0.000000 7756.5390048953 0.0068931467 4961.1193563888 2634.2250148080 161.1810374617 0.0062677935 0.0004354140
227 0.743128 0.681927 0.000000 11873.4647510074 12.6421422544 7134.5013138961 4210.0021632199 515.5789648865 0.6092106812 0.1309562317
228 0.710883 0.667962 0.000000 8772.9104889564 1.5433981001 5893.7519729265 2745.4479841435 132.1591219704 0.0074369796 0.0005749373
229 0.414782 0.485130 0.000000 4070.4471166916 0.0015560220 2752.8510807291 1281.8424753228 35.7511458643 0.0008265681 0.0000323043
230 0.370313 0.453844 0.000000 5762.7964892410 0.2550839728 3772.1789683707 1847.8824454257 142.4546684631 0.0236995928 0.0016235586
231 0.509502 0.498082 0.000000 5870.0620540749 0.0101006662 3964.0189082296 1861.0219219076 45.0099004153 0.0011434687 0.0000795519
232 0.691256 0.652435 0.000000 7964.0762329788 0.3498243760 5065.6085836745 2704.3769968709 193.7365277612 0.0041094392 0.0001910064
233 0.459701 0.497021 0.000000 6574.0553883490 4.6899930648 4164.2843680475 2238.5510781092 166.5257721679 0.0038984309 0.0002787412
234 0.530160 0.547834 0.000000 6375.1798167884 2.4546597480 4305.9966951651 1965.3824623010 101.3356967411 0.0094444547 0.0008585389
235 0.488765 0.545890 0.000000 8129.0645322076 0.4378348698 5094.5100206776 2843.7291437531 190.3785941334 0.0084106882 0.0005283472
236 0.430479 0.501232 0.000000 3574.6276032707 0.0004356772 2480.8567608522 1075.8228192439 17.9473655950 0.0002052305 0.0000169287
237 0.525380 0.552795 0.000000 7251.2503830038 0.4001176395 4805.9787916587 2357.3407501709 87.5230477916 0.0070451410 0.0006308752
238 0.506947 0.540444 0.000000 4829.8124200622 6.5500390074 3381.5332467952 1385.5492213955 56.1359685383 0.0425899455 0.0013544744
239 0.513952 0.534415 0.000000 3831.3162061997 0.0025458579 2589.3759734598 1221.6626032867 20.2744686884 0.0005718136 0.0000432225
240 0.516574 0.541183 0.000000 4348.3431266572 0.0028814893 2787.5774232609 1516.3525379558 44.4080442455 0.0020767835 0.0001630766
241 0.732864 0.653615 0.000000 8486.0991985280 0.1431805673 5509.6119656108 2851.2383741608 125.0966583115 0.0083381803 0.0006818179
242 0.607864 0.563461 0.000000 6091.5304106399 0.0298647447 4355.8328390958 1716.7378215863 18.9290576039 0.0007618447 0.0000660143
243 0.556795 0.575703 0.000000 6145.2113166651 0.0040085535 4074.6624315760 2020.4124974331 50.1288813436 0.0032214985 0.0002764318
244 0.461807 0.525390 0.000000 3666.2916735049 0.1426376145 2325.0810203255 1265.1376299895 75.9207964732 0.0088376913 0.0007516693
245 0.643721 0.586574 0.000000 7057.0998188090 0.0040827018 4724.5158092245 2229.9655212675 102.6019572815 0.0114349797 0.0010135439
246 0.649207 0.590909 0.000000 8426.2672652991 0.0305317107 5625.0895643143 2704.1773688929 96.9637963411 0.0055227962 0.0004813890
247 0.495023 0.534949 0.000000 5155.9455590351 0.0132828530 3216.3946183901 1832.7863455668 106.7412458993 0.0092714513 0.0007950328
248 0.610658 0.579933 0.000000 6186.2073428123 0.0045572315 3842.3047352418 2157.5247951758 186.3416133639 0.0291297367 0.0025122200
249 0.473946 0.463713 0.000000 4390.9577873250 0.0047190710 3014.9194884299 1327.4040599909 48.6279944084 0.0014111774 0.0001143559
250 0.461850 0.499886 0.000000 4213.4815901755 0.0028342579 2674.0433060777 1447.0479784356 92.3763117892 0.0103375683 0.0008221352
251 0.755736 0.643585 0.000000 9491.3043793353 0.0698380646 6245.0171943830 3126.7920456947 119.4211785050 0.0038379836 0.0002847502
252 0.629048 0.526633 0.000000 6344.9569635052 0.1681615597 4145.4809803035 2096.5133057998 102.7810679723 0.0124236235 0.0010244762
253 0.694666 0.600784 0.000000 7274.2601920221 0.0878127570 4619.1784510909 2506.2229483468 148.7568095478 0.0130335361 0.0011368172
254 0.628595 0.616774 0.000000 8284.5744187265 0.0132013139 4981.5126878288 3000.8966529312 301.9803013948 0.1571290822 0.0144463448
255 0.660033 0.554728 0.000000 5848.3380842148 0.0460124510 3678.8155404560 2010.3479030215 159.1214790315 0.0065660302 0.0005833468
256 0.762761 0.614498 0.000000 12213.6614891071 0.0350507121 7282.7896728635 4311.7190497290 619.0648878819 0.0486946233 0.0041334303
257 0.361954 0.406780 0.000000 2951.9962783578 0.0264600751 1928.2189179310 929.0930952281 94.6562400251 0.0014436518 0.0001215699
258 0.845316 0.747876 0.000000 15693.2830628801 0.0375554951 9439.8881460675 5261.6797732529 991.5347711335 0.1311029933 0.0117140250
259 0.564279 0.546847 0.000000 7559.5417829673 6.6370295540 4536.1083700787 2436.6628200968 580.1092611673 0.0227901728 0.0015121152
260 0.614500 0.595838 0.000000 9151.6403437866 26.7355842324 5602.5645585171 2885.4884475014 636.7545403534 0.0918179650 0.0053953164
261 0.635456 0.584562 0.000000 7322.2220573478 0.2359149655 4701.4620788996 2296.4886328252 324.0212477204 0.0132169689 0.0009660562
262 0.602889 0.590292 0.000000 6654.9405577996 1.3498940095 4342.5001437363 2108.2768856409 202.8069260907 0.0061798009 0.0005285684
263 0.418404 0.476769 0.000000 3105.4685155554 0.1503915433 2197.1616615816 871.8756642653 36.2794250314 0.0012578480 0.0001154133
264 0.448369 0.511395 0.000000 3833.4058133465 0.1957689923 2730.3616998016 1065.6353611152 37.2078018600 0.0047544562 0.0004272344
265 0.346003 0.402605 0.000000 3555.4905794040 1.0099518369 2536.3471101521 1000.4631372390 17.6684683892 0.0017501329 0.0001618425
266 0.582342 0.609142 0.000000 6465.9456187469 0.9901683197 4669.8821645746 1745.0412308492 50.0097090789 0.0204317845 0.0019143902
267 0.536826 0.586565 0.000000 6299.6103582741 0.1857488857 4248.1222967848 1877.5732033278 173.3023761455 0.3867676252 0.0399657504
268 0.469044 0.512636 0.000000 3899.7286133964 0.1314216585 2929.1643860925 956.4594461756 13.9710289219 0.0021338590 0.0001968002
269 0.608682 0.628800 0.000000 6584.4592221120 2.1640579409 4449.9907283507 2049.0634563657 83.2118374373 0.0266944931 0.0024475864
270 0.411150 0.467832 0.000000 2366.1619849961 0.1777885940 1570.4005978308 756.9123113467 38.6579684544 0.0122055530 0.0011133584
271 0.504413 0.528360 0.000000 4898.8667623013 5.5940087550 3414.9818320708 1399.3812782384 78.8716453149 0.0347661444 0.0032319113
272 0.619494 0.599141 0.000000 7022.7966063371 14.2268205883 4737.2610409913 2144.7847667511 126.4310445527 0.0849587780 0.0079748371
273 0.656437 0.573030 0.000000 7548.7099715957 40.2362802383 4668.7863154717 2580.1035554073 259.3145686643 0.2452214904 0.0240303660
274 0.715292 0.622594 0.000000 8988.8062644383 43.5671783786 5437.0957931588 3110.2612834930 397.7242264448 0.1443401116 0.0134429926
275 0.578344 0.557726 0.000000 7467.1480402282 71.3233006463 4420.8275294080 2486.8780822134 487.9599130255 0.1458205942 0.0133943573
276 0.628876 0.582558 0.000000 9483.1795523030 75.2371322565 5405.9913684264 3249.6216611965 748.9876933269 2.7935848794 0.5481122677
277 0.631009 0.620793 0.000000 7466.1014188969 81.4224009443 4234.5000791615 2431.2082796743 717.6491226665 1.1978656949 0.1236708003
278 0.619917 0.594311 0.000000 9462.4269765249 84.8038776599 5208.2982905811 3247.9502960642 917.2455843379 3.6436847731 0.4852431338
279 0.821677 0.690406 0.000000 9662.7280595906 73.8728474410 5644.9553802548 3168.3833687315 773.8034461927 1.4423243199 0.2706927398
280 0.590214 0.576953 0.000000 5934.7510748298 45.9335347104 3430.1295941854 1871.0464576222 586.6803648988 0.8755376911 0.0855857636
281 0.700254 0.614801 0.000000 6986.4928309912 112.2077023587 4030.7271081897 2122.8400260435 716.7027196193 3.4043630118 0.6109117805
282 0.624154 0.622802 0.000000 7904.0033101676 39.6358011046 4543.3539216850 2657.1703477694 661.3121191877 2.2972251897 0.2338953040
283 0.579231 0.626193 0.000000 8403.1948874401 25.4396564909 4853.7730182131 2788.2443883570 731.0484197710 4.1101266559 0.5792780079
284 0.832104 0.729900 0.000000 15810.0656697553 182.1593362300 8308.4992462085 5171.2075702379 2135.5415155347 10.4714973020 2.1865042993
285 0.566801 0.599018 0.000000 7444.7634349228 18.4899707388 4640.7574997941 2305.0309425422 478.1908887927 2.0702232229 0.2239098572
286 0.569544 0.578722 0.000000 8049.6091732658 129.7971657051 4804.7775666081 2485.7638944023 619.6208025166 7.5351917850 2.1145523519
287 0.576541 0.617647 0.000000 4951.0277523572 5.5520770384 3468.9708910539 1326.6278294552 149.5402371130 0.2534154452 0.0833024331
288 0.836274 0.744407 0.000000 12006.7116451267 0.0231326834 8428.6982118533 3394.1255796462 183.8357185003 0.0266231707 0.0023798551
289 0.519369 0.524970 0.000000 5492.9402258929 0.0447228294 3971.2785145143 1494.2115975042 27.4043493756 0.0009644004 0.0000776525
290 0.468325 0.475200 0.000000 6748.6278808528 0.0145407741 4519.3162552151 2177.2307042764 52.0636404093 0.0025557837 0.0001846838
291 0.590934 0.561634 0.000000 7450.8379606937 0.0073741887 4831.9493788990 2553.2649758963 65.6112364261 0.0046291729 0.0003662482
292 0.503956 0.504963 0.000000 6077.0094770479 0.0658610664 4071.7101273601 1937.3075295720 67.9232875910 0.0024844378 0.0001872021
293 0.382801 0.477659 0.000000 4291.4507213899 0.0022180318 2906.7714523708 1330.9559502877 53.7162912111 0.0044651568 0.0003444278
294 0.591797 0.591831 0.000000 5442.1849203236 0.0092649518 3813.1748943999 1600.2338944409 28.7656233199 0.0011486546 0.0000946510
295 0.632667 0.613238 0.000000 8453.8458640599 0.0265653620 5755.0935246881 2611.9168840396 86.7776654122 0.0286882600 0.0025365576
296 0.400433 0.438147 0.000000 2743.9538432501 0.0110291716 1904.4781272566 819.9476464057 19.5154574892 0.0014536300 0.0001293832
297 0.680698 0.626457 0.000000 8728.1411082369 0.0104642227 5716.2921184941 2906.7378364184 105.0930677849 0.0069878551 0.0006336524
298 0.372705 0.478390 0.000000 4976.3904979098 0.0082134715 3134.3139597151 1699.1485045215 142.8876193899 0.0294893862 0.0027114789
299 0.773577 0.679879 0.000000 11038.4167118870 0.0816151358 6766.1767025645 3820.1206613190 451.9881009237 0.0454483996 0.0041837132
300 0.721079 0.695769 0.000000 7611.7865278312 0.0381731671 4787.1642536028 2576.7906615172 247.7626607411 0.0282068974 0.0025720399
