1 0.143635 0.180068 0.000000 2148.3289063578 21.8292710575 1437.7295873033 606.6040221118 82.0542925557 0.1021165426 0.0096167869
2 0.163323 0.226980 0.000000 2751.2968237348 53.4594819599 1638.9214050728 876.5016705916 182.2455405404 0.1544150623 0.0143105078
3 0.128636 0.199712 0.000000 2191.7675214447 34.9562000670 1332.6543514816 700.5059424288 123.4916294770 0.1458574467 0.0135405437
4 0.131239 0.230578 0.000000 1046.7976084386 15.9634803964 648.9121147459 332.4222970249 49.4754842157 0.0221462681 0.0020857876
5 0.079198 0.192102 0.000000 934.6698615060 14.5056874023 505.6680973366 341.1377383384 73.1492784644 0.1906590924 0.0184008720
6 0.159393 0.249384 0.000000 2541.6360091772 67.6788744391 1443.3175582708 836.7832779679 193.5492992343 0.2808186354 0.0261806297
7 0.183240 0.278588 0.000000 2668.5100959925 27.3469059250 1635.1351097506 874.3732185648 131.5916473660 0.0579143697 0.0053000166
8 0.064112 0.154878 0.000000 552.0285989005 0.2858995207 386.4228076694 159.3132971983 6.0060104685 0.0005345216 0.0000495220
9 0.276113 0.351537 0.000000 5782.7170730224 78.6957283791 3374.7287718334 1934.8511927275 393.8960789615 0.4974578438 0.0478432777
10 0.076173 0.187149 0.000000 566.2165402843 2.6453808048 366.8843589416 179.1395933078 17.5439180958 0.0030101254 0.0002790090
11 0.097783 0.243160 0.000000 732.4176819320 6.4721949327 457.0631339950 233.1947848820 35.6783478178 0.0084332398 0.0007870646
12 0.065273 0.222251 0.000000 3.0078109973 0.0003692486 2.2020248268 0.8006376465 0.0047776852 0.0000014534 0.0000001369
13 0.197319 0.309505 0.000000 2934.8713146508 18.3189589982 1760.7142269130 994.8305666139 160.8804865583 0.1158901792 0.0111853882
14 0.109792 0.229674 0.000000 1341.5645324171 10.7813856919 827.3039762171 444.5407390815 58.9079760827 0.0278431300 0.0026122146
15 0.262374 0.371655 0.000000 5529.7071198644 61.1436994135 3252.4226053078 1868.4878409086 347.5108160074 0.1316373986 0.0105208292
16 0.102939 0.221260 0.000000 1124.3105928566 0.5699767914 706.3660875038 375.4423206453 41.9300378786 0.0020002116 0.0001698262
17 0.076538 0.205693 0.000000 402.0891896554 0.0833234517 259.2478431188 128.9177903367 13.8394286315 0.0007369171 0.0000671996
18 0.043492 0.217670 0.000000 0.0132359048 0.0000027423 0.0085339039 0.0042436728 0.0004555594 0.0000000243 0.0000000022
19 0.029849 0.168741 0.000000 0.0000000000 0.0000000000 0.0000000000 0.0000000000 0.0000000000 0.0000000000 0.0000000000
20 0.073408 0.241271 0.000000 734.8328568886 2.7626642163 456.9293028144 240.1191530379 35.0166554388 0.0046744656 0.0004069167
21 0.096861 0.201081 0.000000 1518.1227954479 3.6962037754 948.8887793846 497.7485655905 67.7507760856 0.0356790722 0.0027915399
22 0.206726 0.278833 0.000000 4578.8231915811 22.2291421498 2788.5232285167 1526.1489290615 241.8591619153 0.0578479220 0.0048820159
23 0.051465 0.221252 0.000000 9.6194108367 0.0002962246 6.5715740822 2.9657634700 0.0817695191 0.0000069648 0.0000005762
24 0.180619 0.264661 0.000000 4448.4023384424 13.8751608040 2608.2154838321 1570.2360853662 256.0317899009 0.0402792175 0.0035393224
25 0.095854 0.216115 0.000000 967.4014291532 10.3772231302 584.5603074438 312.2215634362 60.2265306008 0.0144673953 0.0013371470
26 0.099519 0.207051 0.000000 1826.5428079519 6.0693479285 1160.4582262137 599.2424771774 60.7508273033 0.0201313288 0.0017980004
27 0.130518 0.264917 0.000000 2157.2744809412 8.9073589213 1334.0853245508 727.9101428779 86.3605243341 0.0102885129 0.0008417443
28 0.237688 0.365860 0.000000 4450.1585493636 28.9565255154 2738.5834314792 1476.7971107903 205.7832794787 0.0353991891 0.0028029113
29 0.190283 0.323184 0.000000 2684.3693502846 1.6019696575 1791.9352565932 829.3269271757 61.4865047422 0.0174290701 0.0012630466
30 0.143385 0.248018 0.000000 1787.1502678634 5.0368006588 1198.7719999208 538.9518174654 44.3824676882 0.0066015847 0.0005805459
31 0.043651 0.202881 0.000000 0.1783764342 0.0005027244 0.1196501272 0.0537930407 0.0044298251 0.0000006589 0.0000000579
32 0.171528 0.293895 0.000000 4809.8196163744 54.2323006698 2612.1619047067 1654.3312327576 488.1612089472 0.8560031812 0.0769661122
33 0.132579 0.276874 0.000000 1958.3030285223 20.3269751189 1169.5110102293 643.1410739276 125.3065859602 0.0161351373 0.0012481497
34 0.041286 0.179402 0.000000 257.6374463863 0.3250900136 170.8277540505 81.6280819785 4.8561902106 0.0003041488 0.0000259843
35 0.204757 0.298565 0.000000 3965.5392645148 14.9221400728 2567.5267383493 1264.8649504993 118.1935708368 0.0293901579 0.0024746023
36 0.102306 0.221300 0.000000 1056.6724657636 0.5210639159 710.3673328666 314.6570059063 31.1262689704 0.0007329523 0.0000611538
37 0.074240 0.215736 0.000000 1199.8200856465 0.2306808983 812.9495597508 362.5437020862 24.0931829125 0.0027183991 0.0002416002
38 0.229281 0.336480 0.000000 4436.2984302108 6.4744001121 2845.5761970301 1444.3700030088 139.8444487831 0.0307185411 0.0026627348
39 0.128669 0.238344 0.000000 4065.3921468547 44.9916423534 2182.3276135818 1391.7020357170 445.7472141944 0.5808377423 0.0428032699
40 0.112838 0.257839 0.000000 1779.1205599971 3.0252676814 1078.4511944862 592.8807279904 104.6963869654 0.0575352771 0.0094475970
41 0.104869 0.221979 0.000000 2371.3508276288 3.2580641132 1363.3345950547 820.7424265703 183.9909660408 0.0230507310 0.0017251208
42 0.130527 0.203620 0.000000 4089.3771590138 42.2322194165 2176.6135949501 1384.2467699530 485.8984569829 0.3591618484 0.0269558639
43 0.088496 0.179905 0.000000 1529.1956245316 0.0480181339 849.6260780142 510.0887128461 169.4105116977 0.0207760039 0.0015278366
44 0.148328 0.248231 0.000000 4077.7022109338 47.3514802107 2169.6916376057 1383.5034603370 476.7141024673 0.4107096726 0.0308206417
45 0.093692 0.226052 0.000000 1990.3744131328 0.0612064364 1137.8079193236 664.6902323660 187.7939916835 0.0194809607 0.0015823619
46 0.111535 0.239733 0.000000 1766.8384996155 0.0735919825 1114.4453214986 603.3620954895 48.9505885753 0.0063329406 0.0005691332
47 0.161602 0.267054 0.000000 2793.2663853229 2.1865883687 1796.0239327653 906.0353892685 88.9951024846 0.0232436620 0.0021287754
48 0.116139 0.250850 0.000000 2317.7146837732 5.6197896405 1364.9077135593 806.1926132306 140.9403645892 0.0497708190 0.0044319351
49 0.059431 0.232266 0.000000 594.2043624521 0.1048339030 384.7009803329 193.4508300547 15.9464403240 0.0011737168 0.0001041211
50 0.157806 0.303553 0.000000 2233.7010245577 0.3203368553 1480.1577594177 704.4179731842 48.8007529854 0.0038497008 0.0003524155
51 0.038340 0.224492 0.000000 1.5284328582 0.0000160113 1.2461402140 0.2628206785 0.0194553435 0.0000005605 0.0000000505
52 0.103232 0.255063 0.000000 1844.9556400503 8.7556696469 1085.3915875598 613.3057891558 137.4487200924 0.0463095929 0.0075640030
53 0.071853 0.190734 0.000000 521.4583298418 5.6453016759 299.9107551779 164.1168324225 51.2112383416 0.4857159582 0.0884862738
54 0.018200 0.160052 0.000000 0.0209224616 0.0002265147 0.0120332951 0.0065848322 0.0020547796 0.0000194896 0.0000035506
55 0.181318 0.289426 0.000000 3465.6980793422 41.4423204389 1944.4166315170 1163.9346637809 315.5828788994 0.2946311840 0.0269535232
56 0.162233 0.300251 0.000000 3718.3856357545 36.5710119531 1975.4794415612 1293.9652851417 411.6303747547 0.6822052828 0.0573170629
57 0.139955 0.275463 0.000000 4563.7738391930 51.4231454656 2454.8755751241 1557.2614657575 498.3668481423 1.7031186889 0.1436860162
58 0.040301 0.159253 0.000000 350.5707848978 0.0054936375 241.1197313049 105.3357914719 4.1091829854 0.0005413896 0.0000441088
59 0.068339 0.217290 0.000000 676.6036784378 0.0006355816 467.2494004415 200.7284232415 8.6249703183 0.0002305096 0.0000183486
60 0.130445 0.253017 0.000000 1862.7759530598 0.0150676010 1240.6445738776 600.9948154754 21.1205427313 0.0008786040 0.0000747715
61 0.045314 0.182947 0.000000 425.6604096534 0.0057623006 293.4288959628 128.3316560399 3.8939658328 0.0001193942 0.0000101232
62 0.061385 0.181715 0.000000 1091.9377392912 0.0435483211 719.5796565506 341.5483894572 30.7612471690 0.0045293047 0.0003684892
63 0.054864 0.207885 0.000000 621.8365819491 0.0098035751 432.9351426800 183.3301205206 5.5610747651 0.0004040402 0.0000363683
64 0.031350 0.130127 0.000000 92.7338075486 0.0000495425 65.8615011819 26.6664808151 0.2057578214 0.0000166503 0.0000015377
65 0.196966 0.271085 0.000000 2479.3185764208 0.0085844712 1710.9794581476 747.9349031209 20.3937685509 0.0017069580 0.0001551720
66 0.078217 0.201404 0.000000 711.8538013885 0.0012610774 506.4372552600 201.4243074994 3.9906523282 0.0002981525 0.0000270709
67 0.133701 0.240645 0.000000 1962.6320020471 0.8050289922 1343.1089584758 597.1337449463 21.5811316131 0.0028746846 0.0002633369
68 0.172154 0.308965 0.000000 2726.3106150937 0.2021051221 1829.8084763093 859.7027225593 36.5947570287 0.0023411000 0.0002129745
69 0.039808 0.182213 0.000000 8.6670252433 0.0000193412 6.6007386070 1.9830614450 0.0831931309 0.0000116612 0.0000010585
70 0.092958 0.214804 0.000000 1187.6001001698 0.5554647764 772.8065113065 372.4493284624 41.6960833208 0.0845756134 0.0081366900
71 0.058611 0.219928 0.000000 408.0395541232 0.6030441707 282.6711918860 117.7610020071 7.0025124809 0.0016526831 0.0001508957
72 0.229839 0.317867 0.000000 3303.1191492008 0.3137619046 2153.7628839214 1094.5257225160 54.5134425937 0.0030651251 0.0002731411
73 0.050067 0.206439 0.000000 142.6828479001 0.0007175069 106.3886092293 35.3992010674 0.8942812370 0.0000356894 0.0000031791
74 0.031699 0.183081 0.000000 0.3203781897 0.0000004940 0.2506234913 0.0686283077 0.0011258713 0.0000000271 0.0000000024
75 0.130635 0.220327 0.000000 1952.6581700197 0.0072619700 1248.0733897026 654.3091126510 50.2672700880 0.0010550088 0.0000806017
76 0.132173 0.201201 0.000000 1911.3557114217 0.3929387502 1156.3068443910 636.2918782578 118.3585936328 0.0050962046 0.0003601861
77 0.021341 0.198764 0.000000 0.0820433340 0.0000432854 0.0496172284 0.0273034791 0.0050791084 0.0000002187 0.0000000155
78 0.133714 0.246881 0.000000 3194.9579295338 45.2802051329 1730.4393194022 1067.6348633837 351.4362171792 0.1589804609 0.0083439762
79 0.081557 0.257227 0.000000 1608.1462509573 6.8798420678 914.7042873241 589.9547016400 96.4251902750 0.1698532110 0.0123764469
80 0.097630 0.242491 0.000000 1014.1719702098 0.0104865936 626.0492752821 311.0908765114 77.0176342356 0.0034137021 0.0002838893
81 0.156899 0.276055 0.000000 3509.5598963352 15.3148982332 1850.2533530616 1247.5371303630 396.0434877863 0.3809454079 0.0300814899
82 0.074027 0.218916 0.000000 1647.6819045278 8.5216167475 833.3979616074 581.5328346425 224.0958377798 0.1259447410 0.0077090115
83 0.253935 0.357368 0.000000 5855.4624978797 46.3100905944 3112.0278782167 2009.4971655207 686.9447868177 0.6354395582 0.0471371786
84 0.067847 0.197545 0.000000 615.3447287819 0.0040317643 352.5018449810 203.7863581680 59.0442370309 0.0076701388 0.0005866995
85 0.083211 0.235574 0.000000 1003.6675795512 0.0026556444 597.2598064290 342.6971780403 63.6953233784 0.0116798904 0.0009361729
86 0.327678 0.355553 0.000000 7414.8673523340 58.0995942342 4011.8334306686 2581.9527236001 762.4117604709 0.5320274722 0.0378158898
87 0.257594 0.321296 0.000000 4283.2799289855 3.7784399555 2535.6743757598 1498.6900170947 245.1077980209 0.0269967959 0.0023013613
88 0.027511 0.196910 0.000000 0.2588345880 0.0002281473 0.1532263109 0.0905625498 0.0148158109 0.0000016301 0.0000001390
89 0.083404 0.227178 0.000000 774.9682144236 0.0090341235 479.1489183576 252.7768608041 43.0315243917 0.0017331921 0.0001435553
90 0.106640 0.203523 0.000000 2444.5435040550 0.2559090105 1499.5423978344 844.9754442886 99.6737845946 0.0874563483 0.0085119814
91 0.092296 0.242549 0.000000 1152.1103805674 0.0078830957 703.6682462111 392.2031259751 56.2255852774 0.0050856172 0.0004543915
92 0.197653 0.271845 0.000000 3234.5338120303 0.5913724538 2056.5677992115 1084.5363589241 92.8304903072 0.0071509192 0.0006402183
93 0.042657 0.182478 0.000000 195.7116066608 0.0232937297 134.1627843831 59.4341589671 2.0912942067 0.0000691418 0.0000062378
94 0.048558 0.157639 0.000000 295.7753535442 0.0019183414 201.7667908844 90.5396740305 3.4666898706 0.0002571054 0.0000233132
95 0.143719 0.318528 0.000000 1639.7730935420 0.5531571476 1121.1930272638 481.8061724527 36.2088779280 0.0109172914 0.0009414656
96 0.084415 0.206438 0.000000 324.6674284097 0.0037750905 223.9271246797 96.3483463869 4.3880304282 0.0001400466 0.0000117907
97 0.119631 0.285071 0.000000 1736.1290397006 0.0316319937 1147.4326376814 538.4889444247 50.1726759285 0.0028953003 0.0002543783
98 0.258623 0.298604 0.000000 5405.2935245735 12.9105472693 3218.5127823528 1844.5755459636 329.1926514283 0.0944230710 0.0075744947
99 0.041518 0.192525 0.000000 140.7578710838 0.0004935000 105.9558370679 34.3063171853 0.4951903067 0.0000304025 0.0000026227
100 0.226374 0.358471 0.000000 4677.1610902061 0.4519541590 2982.8591639596 1543.3426337827 150.4918811387 0.0143194948 0.0011376762
101 0.122026 0.224620 0.000000 1609.9687927788 0.0047401269 999.4620215577 551.3322814928 59.1678335740 0.0017749920 0.0001410414
102 0.018398 0.160581 0.000000 0.0461364589 0.0000001556 0.0286412277 0.0157994424 0.0016955795 0.0000000509 0.0000000040
103 0.052367 0.187097 0.000000 359.2420470171 0.0025187373 229.3146038595 106.9994930904 22.9248644948 0.0005263616 0.0000404747
104 0.074136 0.191890 0.000000 1013.6408803056 0.1818027476 641.4230790616 324.0397162669 47.9915941765 0.0043390621 0.0003489979
105 0.126657 0.240779 0.000000 1671.9225186044 0.8795897507 991.8051818834 564.6193890534 114.5553054303 0.0587376283 0.0043148639
106 0.051585 0.179175 0.000000 618.9590087479 0.0024501569 390.9081534431 204.3179322383 23.7286090807 0.0017355603 0.0001282691
107 0.032408 0.189079 0.000000 0.2506307549 0.0000002293 0.1854858921 0.0612442182 0.0039002155 0.0000001872 0.0000000136
108 0.024084 0.208657 0.000000 0.0000140925 0.0000000000 0.0000108914 0.0000030787 0.0000001224 0.0000000000 0.0000000000
109 0.239662 0.305691 0.000000 4658.8293981981 0.8476748928 2814.6780760346 1561.6502810679 281.6369122592 0.0152987430 0.0011552051
110 0.109973 0.257602 0.000000 1008.8178705396 0.0053293547 625.4023882380 328.7196573411 54.6877746764 0.0025730945 0.0001478378
111 0.037904 0.213500 0.000000 40.4561604733 0.0000127644 30.5048584386 8.2433279787 1.7078730346 0.0000822515 0.0000060185
112 0.079780 0.237952 0.000000 495.6999268047 0.0005353099 329.9237717199 153.7084434651 12.0661826534 0.0009270779 0.0000665814
113 0.166281 0.273447 0.000000 3474.0459712755 1.9722610805 2092.6299165788 1187.8489036734 191.5757029677 0.0179048644 0.0012821110
114 0.111774 0.195019 0.000000 1617.2528412344 5.8043907955 941.9608202014 545.9457186060 123.5171043392 0.0231762711 0.0016310253
115 0.197271 0.318814 0.000000 5003.5908554121 12.9108935817 2779.0377664301 1764.3596329379 446.4652711911 0.7585309686 0.0587603047
116 0.063765 0.162496 0.000000 561.9016451899 0.0110420622 366.8333534472 177.3141720597 17.7423916429 0.0006436657 0.0000423148
117 0.100865 0.245874 0.000000 1197.5765163272 0.0633109853 757.5731330465 399.4746365138 40.4634817021 0.0018124492 0.0001416337
118 0.125680 0.216260 0.000000 2077.8483465584 13.7412681714 1227.0029910805 686.9417141741 150.1165633095 0.0431559167 0.0026539069
119 0.041493 0.191648 0.000000 210.4183706661 0.0663168594 130.0519318662 67.8409372998 12.4547749089 0.0041201755 0.0002895587
120 0.153770 0.258446 0.000000 2601.7594117243 2.2322778218 1670.6389195136 851.1311517825 77.7306399454 0.0246880335 0.0017346354
121 0.100988 0.230663 0.000000 1532.5519547771 0.0424943937 929.1630879698 537.3557417590 65.9567936408 0.0312862692 0.0025507464
122 0.180823 0.287434 0.000000 2073.8408482692 0.0010665784 1297.6114225026 711.2407196750 64.9851989783 0.0022760392 0.0001644972
123 0.037360 0.174210 0.000000 189.1642199924 0.0006871075 138.1128704739 50.2461434390 0.8044450035 0.0000680959 0.0000058735
124 0.084417 0.229543 0.000000 389.3707154784 0.0019582702 274.0662513630 112.9457975126 2.3565318232 0.0001631391 0.0000133717
125 0.165895 0.271217 0.000000 2510.9934601780 0.0900558973 1600.2982846724 846.7500063393 63.8416594274 0.0123803507 0.0010734920
126 0.029280 0.194084 0.000000 1.2377973377 0.0000220359 0.9685616603 0.2618249056 0.0073873312 0.0000012956 0.0000001123
127 0.075782 0.275753 0.000000 997.2692226441 0.0008560978 661.4870770446 320.6091396934 15.1698648271 0.0020967398 0.0001882487
128 0.239035 0.300887 0.000000 4221.2070779438 6.3878881434 2638.1365345859 1405.2197853120 171.4122574737 0.0476619453 0.0029504859
129 0.028093 0.231884 0.000000 0.0572353314 0.0000866173 0.0357704458 0.0190533802 0.0023242024 0.0000006463 0.0000000400
130 0.163343 0.251808 0.000000 1580.1733424973 1.0499465103 1026.0995217279 505.2104475928 47.8067537644 0.0062549460 0.0004179609
131 0.215951 0.326216 0.000000 3346.6507055648 0.7271864642 2174.4585471485 1064.8213739086 106.6386064571 0.0046165363 0.0003750534
132 0.188768 0.311078 0.000000 2025.2589987354 0.0212921755 1361.4492976775 647.2928450854 16.4941660721 0.0012872399 0.0001104869
133 0.080492 0.208798 0.000000 1056.2245918580 0.0090210582 711.2128373085 329.4565407249 15.5423890291 0.0034854858 0.0003182515
134 0.151225 0.276254 0.000000 2435.7649879573 0.0010552251 1477.8981989270 865.4276912866 92.4262650464 0.0107861139 0.0009913611
135 0.137903 0.287828 0.000000 1882.3095542868 0.0149759398 1142.9188336599 649.8881556606 89.4838873860 0.0033922562 0.0003093884
136 0.078322 0.201961 0.000000 612.2867129453 0.0304661918 385.4902054333 205.2581477594 21.5063112030 0.0014485528 0.0001338098
137 0.171308 0.252967 0.000000 2661.1562457288 2.7032764132 1625.2477996442 891.2719355157 141.9219939679 0.0102933460 0.0009468460
138 0.045100 0.204214 0.000000 361.2624447460 0.0143424400 232.8463764651 119.9448365930 8.4561664506 0.0006614873 0.0000613094
139 0.165627 0.249407 0.000000 2236.8829312778 8.1253159190 1359.2841382607 756.5783004850 112.8754732817 0.0180782269 0.0016251061
140 0.062912 0.179141 0.000000 294.7467733664 0.0142118642 198.8752289769 87.7803162609 8.0763374546 0.0006208758 0.0000579380
141 0.082141 0.225635 0.000000 442.1174786303 0.0875705237 286.6337995514 147.0772240325 8.3179747790 0.0008319965 0.0000777536
142 0.044168 0.152327 0.000000 484.8709891602 0.6538704401 297.5680250872 162.3736456156 24.2742002502 0.0011438308 0.0001039461
143 0.075066 0.220255 0.000000 756.9754771550 0.0234833337 453.1234757011 277.4996985372 26.3281987817 0.0005688885 0.0000519308
144 0.163618 0.282337 0.000000 2593.3682495258 1.9918074523 1570.8941997428 892.7710945958 127.7060664443 0.0046981531 0.0003831407
145 0.069667 0.202009 0.000000 604.5678971990 0.2551273665 371.3186333190 212.2607626110 20.7320860221 0.0011906026 0.0000972785
146 0.196142 0.280007 0.000000 2643.2869224393 0.2218064334 1543.6785963047 939.3687122915 160.0053652634 0.0114553789 0.0009867727
147 0.236463 0.334557 0.000000 3711.6064861301 0.1544578594 2277.7944390245 1289.2544017450 144.3851141500 0.0166132740 0.0014600814
148 0.169342 0.291218 0.000000 2096.2365641367 0.0065326267 1298.2091945918 746.3370488395 51.6797860710 0.0036761641 0.0003258547
149 0.125968 0.244039 0.000000 1507.1591698387 0.0840400039 954.7443038858 501.7150127793 50.6113049983 0.0042264112 0.0002817647
150 0.217110 0.347515 0.000000 2427.8528776558 3.6197152386 1617.1033400184 734.1701994985 72.9513345220 0.0076952423 0.0005931503
151 0.130043 0.233674 0.000000 1718.3194798298 0.1413627630 1059.1712772403 604.7751217938 54.2293902371 0.0021565797 0.0001712234
152 0.053032 0.233861 0.000000 450.7952882914 0.3264393053 309.8985453257 133.1576631243 7.4089069981 0.0034158541 0.0003176873
153 0.190854 0.275990 0.000000 2828.3139812773 0.2130028746 1771.7434200004 984.8455329898 71.5073810833 0.0043002502 0.0003440827
154 0.209999 0.268047 0.000000 3554.3409764772 0.0680707370 2197.5677124563 1227.8024512141 128.8971480629 0.0051490301 0.0004449767
155 0.114980 0.251688 0.000000 1232.9803278286 0.0439192691 799.9486839545 409.4065111765 23.5796807575 0.0014100245 0.0001226498
156 0.068196 0.200735 0.000000 908.1539278511 0.0549695703 556.6166059154 323.7181189881 27.7633530360 0.0008088000 0.0000715463
157 0.034815 0.171164 0.000000 8.0125371302 0.0000275373 4.7677050552 2.8507715116 0.3940287556 0.0000039471 0.0000003252
158 0.238953 0.292777 0.000000 4192.6439125106 16.4195594900 2485.5057638537 1440.0016204602 250.6924747002 0.0225972585 0.0018967486
159 0.016904 0.165755 0.000000 0.2103162501 0.0008236572 0.1246808130 0.0722350254 0.0125755260 0.0000011335 0.0000000951
160 0.232685 0.290256 0.000000 3646.7823465470 17.3390210527 2263.0712517723 1175.4657109293 190.8114440621 0.0876759475 0.0072427823
161 0.168210 0.294906 0.000000 1266.1378927816 0.1590688982 870.0562106361 370.8513242141 25.0680842958 0.0029396799 0.0002650636
162 0.104838 0.203049 0.000000 1587.7198465493 0.1077237287 1030.9551093179 519.8013335010 36.8525913443 0.0028427736 0.0002458886
163 0.059009 0.213430 0.000000 213.2364285350 0.0000910677 150.7024037922 58.0979170446 4.4359068836 0.0001013268 0.0000084241
164 0.112852 0.230744 0.000000 1436.7100861129 0.1347380114 921.5529928782 453.0749354129 61.9441096310 0.0030746561 0.0002355292
165 0.202636 0.286934 0.000000 4574.0714470126 33.5481443175 2600.6434773181 1563.6200659863 375.0372775272 1.0944626769 0.1280191860
166 0.162927 0.261632 0.000000 2661.8267497996 53.9459944728 1391.2018113375 894.7287182768 321.7846905882 0.1554082327 0.0101269022
167 0.055406 0.189521 0.000000 575.2251540278 5.2042048672 355.2452182963 169.8339071259 44.9178431222 0.0223678532 0.0016127882
168 0.200977 0.291286 0.000000 2891.2294185147 50.7636110538 1631.5065927395 919.8720538008 288.8659518601 0.2049326801 0.0162763780
169 0.065629 0.238222 0.000000 41.8014808278 0.0552044354 29.4968899641 10.5821738873 1.6667432120 0.0004325913 0.0000367427
170 0.019638 0.203898 0.000000 0.0039188049 0.0000760812 0.0027177001 0.0009727477 0.0001522474 0.0000000386 0.0000000033
171 0.059086 0.219803 0.000000 819.4081491669 10.7430855503 466.8761699373 261.0277960901 80.7229782704 0.0351493010 0.0029700247
172 0.076500 0.230763 0.000000 2114.5930694533 45.3508836714 1157.8706556506 695.6189778993 215.2688255487 0.4525064683 0.0312202186
173 0.018426 0.183463 0.000000 0.0498473638 0.0010694316 0.0272942927 0.0163977389 0.0050745051 0.0000106671 0.0000007360
174 0.106957 0.231496 0.000000 2813.6685207635 25.5270539065 1525.4914343221 948.9076597301 313.3392523631 0.3777080778 0.0254123686
175 0.108091 0.243765 0.000000 2317.0701210878 22.8348127586 1292.6061096611 770.6897502558 230.4695048187 0.4420602131 0.0278833939
176 0.027368 0.215644 0.000000 0.9307254874 0.0009884381 0.6282894115 0.2909092088 0.0105180500 0.0000191644 0.0000012100
177 0.063476 0.245725 0.000000 452.4486554517 0.5716892047 278.7779324938 152.3331478926 20.7609652770 0.0045869235 0.0003336745
178 0.020255 0.186939 0.000000 0.0464801392 0.0000587298 0.0286389114 0.0156492143 0.0021327783 0.0000004712 0.0000000343
179 0.175378 0.297934 0.000000 4826.2815817439 97.8422180851 2525.1914171037 1561.6804243738 639.2741594643 2.1206762286 0.1726865123
180 0.108149 0.246120 0.000000 1905.7351802331 30.4225885945 976.6789967126 623.3114989971 274.6570943629 0.6339239106 0.0310776811
181 0.065298 0.214435 0.000000 2083.6339688599 14.3286516373 981.6326702144 715.1968667983 371.7602823732 0.6429115055 0.0725863486
182 0.151066 0.245733 0.000000 2025.8807089218 0.3313981595 1196.8636458006 688.4739978030 140.1527596173 0.0553318446 0.0035757014
183 0.050593 0.236225 0.000000 2.1462533455 0.0010425313 1.5838340951 0.4785723715 0.0827875623 0.0000156620 0.0000011272
184 0.102210 0.262876 0.000000 586.1451950193 0.0028298915 387.6534790510 172.6156427881 25.8673793844 0.0054501998 0.0004137090
185 0.064181 0.198269 0.000000 1075.0963010450 0.0118202099 659.1134057094 348.6227162512 67.3307671249 0.0164499445 0.0011418049
186 0.089685 0.248927 0.000000 1191.5184507889 0.2568118635 731.2215053711 389.3291210588 70.6760461913 0.0327522028 0.0022141062
187 0.028829 0.128805 0.000000 42.5190105933 0.0003713455 30.8231309230 11.5901698213 0.1053257780 0.0000117057 0.0000010314
188 0.102328 0.259977 0.000000 1472.6531801831 0.0167267979 928.9911658124 507.0963210303 36.5480069194 0.0008844088 0.0000752341
189 0.101591 0.239481 0.000000 2738.2445019471 0.5703427068 1713.5643351620 914.9152960452 109.0951057998 0.0922859727 0.0071362636
190 0.030664 0.127294 0.000000 156.5215145225 0.0007961778 104.0339624642 50.0528678094 2.4338270528 0.0000570350 0.0000040111
191 0.123325 0.260921 0.000000 1006.8350759644 0.0000569827 641.8746076639 351.0899518168 13.8701091996 0.0003254370 0.0000248804
192 0.110248 0.216750 0.000000 1303.8454900797 0.0000376536 865.5301319880 410.8793010970 27.4348808802 0.0010521359 0.0000863474
193 0.218423 0.340820 0.000000 4688.4817230062 9.8022075408 2871.1079975890 1583.3831771655 223.9995029776 0.1736539313 0.0151838005
194 0.216086 0.331882 0.000000 3285.8347066035 1.4143663706 2198.2191208006 1017.5791250807 68.6138935925 0.0076159419 0.0005848258
195 0.179225 0.301632 0.000000 2414.6140677380 16.3510967601 1512.3901030261 783.7662532941 102.0897029629 0.0154682340 0.0014434693
196 0.093443 0.264274 0.000000 857.8624014435 4.2786626160 541.7503950735 285.7093929345 26.1222099322 0.0015931550 0.0001477408
197 0.124147 0.267574 0.000000 1208.1109733679 1.8340238199 768.1020984591 408.9152489510 29.2576348065 0.0018019910 0.0001653484
198 0.143678 0.247974 0.000000 1979.4700030124 1.8782056631 1277.4808861607 657.5277023592 42.5808379349 0.0021750445 0.0001958576
199 0.130302 0.248810 0.000000 1865.0630995413 0.0327266788 1164.2194546918 653.0410681053 47.7681121191 0.0016132402 0.0001247281
200 0.051514 0.197871 0.000000 736.8003718789 0.1107410502 446.8429686498 264.6522581116 25.1931235050 0.0011745135 0.0001060585
201 0.065117 0.215647 0.000000 600.6541374812 0.0663233682 383.4343517235 193.5738631496 23.5783604461 0.0011343663 0.0001044317
202 0.151119 0.280635 0.000000 2672.1201108901 11.9673750564 1469.1926081112 937.1789087278 253.3887360963 0.3495746987 0.0429082159
203 0.048166 0.220161 0.000000 154.2278905072 0.0022609706 102.2013055127 48.0824447351 3.9416025838 0.0002560691 0.0000206457
204 0.154675 0.228532 0.000000 1696.0502699989 0.1394546462 1124.0356669859 532.5349129181 39.3332326310 0.0064265795 0.0005762646
205 0.143720 0.262569 0.000000 1321.6173779924 0.1963004009 859.0519554184 431.4486068798 30.9158113437 0.0043308737 0.0003730938
206 0.071920 0.215054 0.000000 1047.0686984607 0.0003328613 660.4578558066 365.5135752374 21.0957495670 0.0010951804 0.0000898093
207 0.122594 0.229709 0.000000 1578.6355993228 0.0058612375 1033.9117302834 515.4787249618 29.2379260610 0.0012560545 0.0001007418
208 0.026318 0.241048 0.000000 0.1420572991 0.0000611504 0.0929994308 0.0463666969 0.0026299151 0.0000001130 0.0000000091
209 0.027760 0.130428 0.000000 16.6463527901 0.0002787912 12.5293684695 4.0364581266 0.0802460490 0.0000012645 0.0000000969
210 0.019216 0.179012 0.000000 0.0011368953 0.0000001483 0.0008556327 0.0002756504 0.0000054800 0.0000000001 0.0000000000
211 0.065844 0.181363 0.000000 427.0714690501 0.0009383828 264.3484149101 156.0508142284 6.6710261457 0.0002555277 0.0000198591
212 0.136747 0.232166 0.000000 2629.0997364029 0.0156327652 1579.6183398040 917.0423573125 132.4164627671 0.0064356630 0.0005081003
213 0.237099 0.370146 0.000000 3469.0764107030 0.0685033302 2157.7299751263 1201.3545067176 109.9182034171 0.0048040486 0.0004180758
214 0.121931 0.241695 0.000000 640.1967679338 0.0023795943 402.2838362436 227.4671854200 10.4431287954 0.0002191766 0.0000187017
215 0.078148 0.245531 0.000000 447.1789100753 0.0005029664 288.5046569854 150.2083568082 8.4649946201 0.0003666951 0.0000320001
216 0.068084 0.198372 0.000000 706.1348270921 0.0364229341 458.9416426460 226.4812031866 20.6741631690 0.0012823008 0.0001128599
217 0.018921 0.231703 0.000000 0.0673925891 0.0000121298 0.0437951842 0.0216122618 0.0019728866 0.0000001224 0.0000000108
218 0.060098 0.220842 0.000000 763.6067436153 0.0677318106 462.4709939985 278.5364633049 22.5300320877 0.0013966009 0.0001258115
219 0.145724 0.265492 0.000000 1572.7552848726 0.0674166611 1005.3641893619 528.9001783617 38.4213692610 0.0019571685 0.0001740760
220 0.144365 0.292188 0.000000 1638.8498639196 0.5331468911 1075.6097062683 538.4092637311 24.2959755066 0.0016229479 0.0001485746
221 0.122611 0.248102 0.000000 1910.4031128600 0.0259248822 1221.5581755963 637.0237808055 51.7909082675 0.0039684836 0.0003548258
222 0.126252 0.213815 0.000000 712.1119442997 0.0036715840 518.6365088591 188.3384322356 5.1332310777 0.0000926407 0.0000079130
223 0.120407 0.272584 0.000000 1128.0552287623 0.0302592441 815.6726724253 309.9866584748 2.3654448289 0.0001786670 0.0000151291
224 0.180382 0.245578 0.000000 1581.2578866240 0.0065944504 1150.1271159218 429.0040866189 2.1199303536 0.0001467584 0.0000125315
225 0.076747 0.235006 0.000000 488.5301631430 0.0001934617 326.8241841410 160.9978905926 0.7077962561 0.0000905606 0.0000081418
226 0.181905 0.265544 0.000000 2164.5425552240 1.2640162610 1445.1107162185 687.5186983738 30.6438382075 0.0048407558 0.0004454195
227 0.064807 0.222052 0.000000 344.8740282129 0.0003878968 240.2679299915 103.0308169553 1.5746835378 0.0001919743 0.0000178644
228 0.033888 0.160827 0.000000 6.2440621491 0.0000019493 4.1987752542 1.9449168880 0.1003553856 0.0000116087 0.0000010649
229 0.047642 0.191011 0.000000 294.3857785229 0.0130730129 192.7655326691 98.7125453220 2.8942382981 0.0003561036 0.0000331276
230 0.036003 0.241931 0.000000 8.8089184898 0.0000668504 5.6974201391 2.9367629083 0.1746145146 0.0000494929 0.0000045859
231 0.093153 0.250637 0.000000 684.8336067688 0.0672441256 471.3217599263 199.3351697816 14.1074130333 0.0018481580 0.0001717487
232 0.149234 0.234040 0.000000 1611.1859885783 3.1363848954 1047.4702084603 513.7470419221 46.8249423908 0.0067828074 0.0006280983
233 0.045607 0.213554 0.000000 153.3938244846 0.0099400543 110.0865603540 42.8257331355 0.4715530663 0.0000347104 0.0000031735
234 0.111086 0.286540 0.000000 1386.9813370833 1.1441661431 914.0789536752 442.2325607295 29.5228686463 0.0025524165 0.0002354802
235 0.097532 0.233769 0.000000 1344.9862431336 0.0023592688 881.7660714018 448.4661100200 14.7507638282 0.0008595712 0.0000790461
236 0.177601 0.287729 0.000000 1446.5670918688 0.0025224581 1058.5600752077 383.5252429160 4.4790709489 0.0001657081 0.0000146422
237 0.100644 0.230940 0.000000 1409.9978732425 1.4388399245 898.8030957429 483.1542597632 26.5949413628 0.0061645675 0.0005718874
238 0.039773 0.198986 0.000000 94.7620289173 0.3613461631 72.7065306603 21.2412665203 0.4527472466 0.0001264768 0.0000118517
239 0.227853 0.320426 0.000000 4078.0290768874 3.4780893605 2573.7719439573 1412.9205485362 87.8516226219 0.0063084306 0.0005639903
240 0.134815 0.249183 0.000000 1596.6929089004 0.0139881556 1012.0491523461 547.5803975910 37.0479252396 0.0013291923 0.0001164008
241 0.071327 0.195268 0.000000 1130.9163732262 0.4736710229 718.4861297806 369.4910804929 42.4627989009 0.0024740543 0.0002189921
242 0.181833 0.330413 0.000000 2695.3315968709 2.3435664924 1625.9810787240 913.3949266621 153.5852713633 0.0245813607 0.0021722833
243 0.093708 0.206310 0.000000 2134.3476592371 7.9790845802 1172.3031212793 741.4404570667 212.5564778748 0.0634380752 0.0050803792
244 0.040324 0.197002 0.000000 591.1919619896 0.1615865050 336.3949049285 210.3707098326 44.2623992469 0.0022047244 0.0001567574
245 0.141468 0.275064 0.000000 2499.1687805201 2.3916070421 1462.0143116032 849.9627840179 184.7867929725 0.0122582913 0.0010266125
246 0.049906 0.225295 0.000000 866.2090737256 4.9485401168 532.8585104096 271.8300270966 56.5664485917 0.0051103469 0.0004371754
247 0.048411 0.203768 0.000000 1116.5825782668 0.8751020854 675.8059057880 360.8502368684 78.9971398746 0.0500517462 0.0041419175
248 0.053660 0.220871 0.000000 1016.4456198267 9.3206941116 591.5208778765 336.1967785177 79.3969724086 0.0095455035 0.0007514209
249 0.133801 0.274594 0.000000 1667.3032369304 0.7187155768 1037.8814849615 555.8414131956 72.8583722679 0.0029977821 0.0002531504
250 0.217944 0.336367 0.000000 3593.7364646041 23.1896805408 2138.6415874122 1225.2570932445 206.6255104008 0.0207699803 0.0018230412
251 0.172587 0.243386 0.000000 2843.5377358686 4.6751142042 1802.5740225730 963.8584017028 72.4239383788 0.0057502134 0.0005088110
252 0.088384 0.202621 0.000000 840.1627347730 0.1602633916 524.2633361320 295.7174761629 20.0205583915 0.0010090788 0.0000916213
253 0.173426 0.310107 0.000000 2412.9041178317 0.1670071979 1524.1342415794 818.3891685583 70.2047599125 0.0082059407 0.0007346636
254 0.034424 0.179321 0.000000 133.8431462146 0.0002895169 101.3935371011 31.9758913855 0.4734074006 0.0000191682 0.0000016549
255 0.117164 0.241699 0.000000 1337.9158120809 0.0019037133 947.1942759891 382.3859164093 8.3332403835 0.0004383924 0.0000371999
256 0.087372 0.238279 0.000000 777.0751591060 0.0079761756 521.8860534174 247.0811205422 8.0995364008 0.0004339238 0.0000386707
257 0.118498 0.247252 0.000000 375.6598625642 0.0010703694 284.6401700705 89.8859706806 1.1325278688 0.0001133361 0.0000102464
258 0.131403 0.271809 0.000000 3027.7741577573 0.2931490940 1839.7667991573 1064.5265725543 123.0605942794 0.1159694426 0.0110732650
259 0.105190 0.265590 0.000000 2468.7523904753 1.2115223852 1307.3853555292 895.4768742746 263.7546858228 0.7608425099 0.1631099617
260 0.059211 0.233271 0.000000 357.9002680819 0.0108671507 242.9737865392 104.7814423396 10.1337998654 0.0003440097 0.0000281898
261 0.049772 0.218206 0.000000 113.2403566843 0.0002272600 82.5329029658 28.6408640402 2.0663191146 0.0000417043 0.0000016182
262 0.159479 0.297104 0.000000 1398.2982576834 0.1061815413 929.2057335403 415.1371867476 53.8458798839 0.0031385267 0.0001374437
263 0.061190 0.216690 0.000000 10.4877181633 0.0012327584 7.9196626219 2.5496563127 0.0171641414 0.0000021770 0.0000001563
264 0.095600 0.251828 0.000000 1156.5651314375 0.0002607328 790.2950366655 350.2398066335 16.0289308613 0.0010377949 0.0000587667
265 0.188763 0.312415 0.000000 1804.8308265443 0.0895541485 1212.8058494637 551.9879810867 39.9448813164 0.0024105847 0.0001499574
266 0.153439 0.309232 0.000000 1451.0671192202 0.0012469723 985.9884609593 447.5358238133 17.5402596056 0.0012335466 0.0000943318
267 0.156253 0.240355 0.000000 1735.2478190713 0.0050074017 1130.8314354194 573.1513185140 31.2575344783 0.0023359465 0.0001873180
268 0.015078 0.204018 0.000000 0.1941062965 0.0000006689 0.1264956285 0.0641132235 0.0034965091 0.0000002613 0.0000000210
269 0.116224 0.276474 0.000000 1208.1063867667 0.0013878679 790.6261862921 393.9759332022 23.5014032409 0.0013605344 0.0001156398
270 0.136690 0.276246 0.000000 1417.5073432773 0.0006218479 947.2073352095 458.4440421907 11.8543832371 0.0008864912 0.0000743102
271 0.048176 0.177734 0.000000 53.8098988909 0.0001104695 36.3157331440 17.0724742420 0.4215512879 0.0000273983 0.0000023514
272 0.094261 0.250360 0.000000 1037.6926703559 0.0004322035 658.0879185631 370.0068694502 9.5968545552 0.0005484984 0.0000470902
273 0.098909 0.244901 0.000000 768.3542697973 0.0028693197 542.6157740903 222.5433506254 3.1920931709 0.0001681590 0.0000144427
274 0.206434 0.297047 0.000000 1339.1035782393 0.0137809213 941.8529715201 393.6477283921 3.5888557816 0.0002238121 0.0000178172
275 0.215676 0.355500 0.000000 2166.7269003976 0.0049425521 1416.4799296299 724.0123553639 26.2283942954 0.0011866631 0.0000918975
276 0.087948 0.226804 0.000000 397.2970526990 0.0016516051 277.7111356587 117.5319492543 2.0522671786 0.0000452050 0.0000038102
277 0.132528 0.235609 0.000000 927.0680124984 0.0045879173 631.9445442116 291.0036587307 4.1151057513 0.0001070396 0.0000088540
278 0.083672 0.238054 0.000000 816.9577311684 0.0022539850 519.1804912259 287.1274764544 10.6471951026 0.0002914126 0.0000229920
279 0.025393 0.127823 0.000000 25.5570663729 0.0000002405 17.1336646639 8.2457567152 0.1776414916 0.0000030569 0.0000002049
280 0.018249 0.212977 0.000000 39.9250730991 0.0000000024 24.5152532301 14.9614982166 0.4483138022 0.0000073384 0.0000005100
281 0.132910 0.232310 0.000000 1109.5183826998 0.0004468704 702.9524351029 396.2333021608 10.3319011158 0.0002764786 0.0000209854
282 0.009970 0.156142 0.000000 0.0432704911 0.0000000179 0.0274146856 0.0154528391 0.0004029373 0.0000000108 0.0000000008
283 0.063361 0.247118 0.000000 18.9940021667 0.0000000033 13.6980547693 5.2600009590 0.0359451208 0.0000012153 0.0000001027
284 0.012050 0.192551 0.000000 0.0000717877 0.0000000000 0.0000517717 0.0000198801 0.0000001359 0.0000000000 0.0000000000
285 0.074283 0.224077 0.000000 353.3970360534 0.0001328411 222.9411361507 128.1517625659 2.3039071265 0.0000898282 0.0000075497
286 0.143026 0.259105 0.000000 1565.9950851128 0.0039623669 976.1274732372 564.7840127009 25.0783382064 0.0011958771 0.0001027312
287 0.108696 0.239287 0.000000 683.5981437857 0.0020815776 439.5816737574 240.6551772688 3.3590753197 0.0001250929 0.0000107925
288 0.106004 0.254787 0.000000 667.1790731867 0.0060512048 431.3323361443 228.5570460064 7.2834132715 0.0002080139 0.0000185443
289 0.227134 0.365084 0.000000 2951.4416071406 0.0637504109 1883.3079038486 988.0627095533 80.0038049345 0.0031659930 0.0002724067
290 0.096320 0.181281 0.000000 373.4808593698 0.0908216504 229.2686875560 123.4215197867 20.6994970526 0.0003078576 0.0000254762
291 0.159390 0.311136 0.000000 1988.5106490682 0.3630640421 1173.0656885985 705.4298305618 109.6285423891 0.0216453119 0.0018781712
292 0.092295 0.224689 0.000000 309.1008870357 0.0003685466 203.7098241477 98.8968409222 6.4936990837 0.0001421716 0.0000121773
293 0.053359 0.235950 0.000000 175.7462176409 0.0036321497 126.6825551697 47.6781196784 1.3818272221 0.0000765012 0.0000069389
294 0.076535 0.259638 0.000000 373.5576341433 0.0007843219 216.6398898910 139.4964754256 17.4202186463 0.0002460731 0.0000197990
295 0.107718 0.213045 0.000000 483.7863389876 0.0000328299 323.4852966358 147.7875475057 12.5131270857 0.0003088062 0.0000261339
296 0.146384 0.246948 0.000000 1513.7935473254 0.0937299096 987.8424969483 479.3398631960 46.5140480809 0.0031212784 0.0002879337
297 0.083235 0.209130 0.000000 305.0146474919 0.0247208914 200.9054898012 97.0314577035 7.0526324117 0.0003173892 0.0000293075
298 0.125539 0.218953 0.000000 1415.8154926590 3.1841849974 892.1094834673 452.8260502443 67.6882272948 0.0069057939 0.0006408671
299 0.096515 0.219625 0.000000 767.9123197463 1.8683040284 474.1255019591 258.0083027429 33.9071546740 0.0027955525 0.0002607946
300 0.095211 0.290565 0.000000 832.5808939955 1.8667005785 539.5647886135 263.5008299393 27.6444185433 0.0038003939 0.0003559440
