1 0.173930 0.179646 0.000000 3754.8946172150 83.7911118737 2226.3597791133 1181.8900379697 261.1235421097 1.5418778113 0.1882683373
2 0.192990 0.227416 0.000000 3786.5974389960 52.3037323598 2307.6095910073 1197.0283283382 229.2417728213 0.3772098376 0.0368046321
3 0.128136 0.209730 0.000000 3765.8686313267 85.4668135996 2060.0575792133 1255.1242133091 363.3561867268 1.6579347856 0.2059036923
4 0.113076 0.217107 0.000000 1988.5240227791 33.3208124080 1158.3031982498 650.6522086822 146.0912628730 0.1429356988 0.0136048675
5 0.162288 0.196834 0.000000 3048.9148580301 42.6298165371 1783.0161850917 1006.9517783748 216.0816999840 0.2181918428 0.0171861996
6 0.163692 0.244311 0.000000 3062.2353461684 22.7415695227 1882.3714366738 992.0680441011 164.9640155500 0.0835990404 0.0066812807
7 0.227130 0.279277 0.000000 5422.8283752185 32.7903340075 3435.1169407277 1717.0666336258 237.4786582156 0.3382564737 0.0375521686
8 0.107334 0.154928 0.000000 1911.8711226416 14.0542783971 1202.8889247508 606.5639962541 88.3322564609 0.0294403145 0.0022264643
9 0.369483 0.361019 0.000000 11703.9129558313 101.6665781218 6890.7027628826 3861.8823319124 847.3662496032 2.1335759364 0.1614573752
10 0.125622 0.188198 0.000000 3701.5804770675 7.0045672760 2281.5529809389 1201.7575751484 211.1099772976 0.1457539970 0.0096224108
11 0.161578 0.232671 0.000000 5301.9785174464 8.1864846981 3011.2991466462 1812.0083181789 464.6883236333 4.4675730208 1.3286712707
12 0.205765 0.237483 0.000000 6292.1227523172 10.5772069914 3834.8692463680 2098.9212106935 347.4512351807 0.2856533426 0.0181997446
13 0.260233 0.305841 0.000000 10581.9793926799 71.2259399209 5853.9246076250 3605.9935402420 1035.8643657995 11.7720149144 3.1989241792
14 0.115698 0.233081 0.000000 2246.6971086622 3.8399378285 1344.9085131558 766.1421779399 131.6865582024 0.1127024048 0.0072191338
15 0.391421 0.379014 0.000000 14875.7156243825 35.4613163458 8740.1507181357 4938.3183640485 1149.3727476164 10.4289700736 1.9835081648
16 0.160667 0.210669 0.000000 3682.8312340853 16.7461282839 2194.0092240458 1225.8260300826 245.9592354333 0.2664070545 0.0242091874
17 0.147183 0.211762 0.000000 3459.3710382807 26.6979369787 2041.6384817066 1179.3054120106 211.6338497958 0.0891362838 0.0062215061
18 0.168168 0.214394 0.000000 4007.0577283060 18.5912114006 2321.3960603528 1364.1849496683 302.5981683033 0.2593570964 0.0279814866
19 0.086436 0.169458 0.000000 1456.0287620681 4.2821967448 861.1592311991 483.1382241592 107.4145470285 0.0318285156 0.0027344230
20 0.185187 0.243478 0.000000 7008.9643895241 136.0387333279 3506.8450626958 2375.1403981633 979.5688242366 9.5469273473 1.8244437621
21 0.169927 0.208604 0.000000 5765.7156634906 39.8859160100 3206.4998139365 1962.0421200954 551.4841858925 4.9630379490 0.8405896102
22 0.205463 0.268139 0.000000 7226.8819808248 32.9414715727 3823.9556809758 2461.4998342237 892.1159143232 13.0402711444 3.3288085878
23 0.178069 0.229180 0.000000 4572.9288017919 56.4151863815 2469.6144443061 1524.5942245583 518.1513449460 3.4671026400 0.6864989618
24 0.229053 0.272174 0.000000 7195.5012838235 84.9958163343 3864.4296477935 2436.8078010160 802.4860520834 6.0205335509 0.7614330480
25 0.118669 0.210655 0.000000 1921.3599112662 1.4023755930 1186.4402427533 631.8056961829 101.6962507213 0.0139790484 0.0013669681
26 0.187853 0.208873 0.000000 3253.3085567412 5.3399795763 2183.8658838305 982.5796226550 81.5089891928 0.0129454774 0.0011360126
27 0.194085 0.255062 0.000000 6774.9436921486 26.0196523417 3795.0510727662 2291.1529692246 658.3817220504 3.6329345317 0.7053412398
28 0.292978 0.365860 0.000000 8848.9974948679 9.1700653167 5009.1121803879 3117.5195082723 712.7475402900 0.4213496703 0.0268509381
29 0.341705 0.331470 0.000000 9772.3266245016 25.0617827513 5682.4530080297 3339.6156320575 720.2376737255 4.1082798562 0.8502480890
30 0.168994 0.244710 0.000000 6714.5391838792 54.5561640354 3429.0522286890 2354.6232399090 869.1235697805 6.4804817092 0.7034997723
31 0.102210 0.202376 0.000000 3163.2153662343 12.1551787127 1730.4182291626 1094.3961073857 324.7795523753 1.3396375360 0.1266610708
32 0.195091 0.295458 0.000000 5410.5855793769 38.3703891872 2965.4881736228 1862.5694677910 542.0749512399 1.9284978536 0.1540996883
33 0.263849 0.277121 0.000000 7302.4668636869 17.2745033173 4352.8329951108 2492.9784251356 439.0231972846 0.3351200614 0.0226227892
34 0.117799 0.169277 0.000000 2929.1694617694 9.3925280702 1784.1446751267 958.4301567870 177.1152368750 0.0806156261 0.0062492882
35 0.256848 0.307870 0.000000 10794.7176079987 65.6183075582 5703.8278993079 3702.0443596019 1297.4812531792 19.6921344415 6.0536539193
36 0.117618 0.212740 0.000000 2008.7194579378 1.7171281628 1269.2626614422 670.4959291164 67.2313065475 0.0110764407 0.0013562334
37 0.143415 0.212873 0.000000 2863.4269021031 2.8794447172 1690.7203966861 1010.7784709686 158.9585945211 0.0844030265 0.0055922019
38 0.357457 0.358287 0.000000 6865.2087990918 3.6097404720 4422.5384657804 2253.5788414229 185.4435498992 0.0357699847 0.0024315350
39 0.151566 0.225799 0.000000 2451.1093165447 0.0521476665 1550.5467756292 816.8857729647 83.6108529894 0.0127373401 0.0010299591
40 0.254577 0.264393 0.000000 4783.8284786539 3.1147833786 3016.0628059015 1576.9352555704 187.7027550240 0.0119236625 0.0009551154
41 0.171333 0.219014 0.000000 3670.4437092265 0.5301335561 2322.0163955478 1226.9908410850 120.8624369778 0.0405324858 0.0033695796
42 0.135634 0.203722 0.000000 4190.9064163561 1.0242666350 2358.0634315188 1494.2296248942 336.8374144113 0.6976239926 0.0540549157
43 0.098112 0.178504 0.000000 1478.6316073179 0.0238813873 950.5837725419 473.4800589393 54.5082008140 0.0336319835 0.0020616592
44 0.231786 0.254535 0.000000 5470.6403722628 21.5240281721 3255.0252315221 1847.6911972331 345.9477038626 0.4233319787 0.0288794994
45 0.166338 0.223901 0.000000 2956.5231246792 0.0676148775 1876.0118179337 972.7227473156 107.6975148776 0.0215939203 0.0018357624
46 0.251197 0.233750 0.000000 5339.9454358185 6.6611128141 3261.7201043596 1765.2700811301 306.2267497044 0.0636552891 0.0037325219
47 0.231009 0.283732 0.000000 7284.5907011130 81.8553038055 3963.3736795407 2420.4522998930 813.6134934880 4.8752402197 0.4206841741
48 0.257100 0.238496 0.000000 5775.7597599230 2.4266966552 3535.0902285822 1956.6564912749 281.4625078597 0.1134819520 0.0103535981
49 0.194967 0.241073 0.000000 3633.5865272802 1.1010364623 2289.7008036546 1225.0613956029 117.6851364680 0.0360106564 0.0021444430
50 0.249949 0.291933 0.000000 6934.4002459039 0.0355551862 4338.5835910282 2364.1110178554 231.5345499100 0.1260351122 0.0094968224
51 0.215393 0.233637 0.000000 3567.3889311205 0.6395162421 2311.7316980599 1184.9149303064 70.0740027636 0.0264524196 0.0023313345
52 0.202664 0.259861 0.000000 3318.9214977914 2.5262815426 2206.1559426966 1058.9556647310 51.2721466733 0.0104948287 0.0009673298
53 0.157967 0.184311 0.000000 3347.3729765828 0.1108643107 2094.2704361895 1111.6496520598 140.4804607238 0.6891451795 0.1724181368
54 0.102257 0.158331 0.000000 1629.4509538954 0.0195054750 1079.9993248949 524.7683568812 24.6612383433 0.0023452853 0.0001830343
55 0.163369 0.281979 0.000000 2550.5875031472 0.0101982386 1654.7600230664 835.6964982476 60.1130217752 0.0072702527 0.0004915716
56 0.266045 0.303901 0.000000 5315.0966708749 4.9768526901 3104.9258326175 1835.0711152626 370.0593979394 0.0597974082 0.0036749573
57 0.279039 0.274386 0.000000 6386.8185753085 5.2994796712 3627.8792180394 2281.0612790008 470.9756750196 1.3817387601 0.2211848258
58 0.104955 0.172545 0.000000 1682.3363953788 2.4838211630 986.3261886277 563.9301955169 129.5727676139 0.0219019375 0.0015205242
59 0.153004 0.211910 0.000000 3354.8414292897 6.9408331954 1928.1597960106 1128.0858918704 291.5273548022 0.1183598101 0.0091936198
60 0.189903 0.247536 0.000000 2526.8193352049 1.7226804866 1571.7444809196 829.0461792004 124.2930674461 0.0120393661 0.0008877898
61 0.082718 0.187684 0.000000 1090.6515624420 0.0038858258 680.4800492054 370.9216703946 39.2432337905 0.0025110967 0.0002121577
62 0.102198 0.184905 0.000000 1113.8380482110 0.0740863280 700.0121648646 365.9531273133 47.7962381771 0.0022368051 0.0001947387
63 0.139827 0.199581 0.000000 2202.6425313558 0.0593719096 1425.8370037926 715.8629795233 60.8798339526 0.0030841189 0.0002580661
64 0.048105 0.125944 0.000000 716.1791571375 0.0295543439 441.3719276371 250.7102030377 24.0662410961 0.0011324388 0.0000985879
65 0.261438 0.294609 0.000000 5892.2308183104 1.0128657858 3307.9840989589 2114.6823119876 467.9775234639 0.5424129446 0.0316051738
66 0.093349 0.188799 0.000000 2146.9791050280 0.0774019691 1230.8428114389 748.6609357994 167.2444240484 0.1438306304 0.0097011665
67 0.229712 0.240245 0.000000 5331.0618110812 0.5805994928 3135.5609491642 1841.4576113186 353.1530448698 0.2876306284 0.0219756317
68 0.351156 0.314915 0.000000 8246.9680800963 12.3265294777 4927.4257440100 2828.1545216980 478.4959605060 0.5078596079 0.0574648098
69 0.096366 0.174426 0.000000 2840.3526620167 0.9376932313 1566.7536157455 1039.3526119242 233.1196145785 0.1770031079 0.0121234394
70 0.175082 0.213365 0.000000 2772.4234306775 0.0881664973 1760.0101112112 916.1895464333 96.1263583735 0.0085506085 0.0006975593
71 0.177407 0.213393 0.000000 3081.4862412570 3.7438470411 1822.1670779965 1062.5252351821 192.9225866761 0.1178738677 0.0096205004
72 0.371919 0.333387 0.000000 8985.9581624242 35.9223072877 5146.2003976177 3055.6231699640 746.0839294185 1.8714230777 0.2569350718
73 0.142686 0.199521 0.000000 3737.8354932945 6.3494732481 2174.2227837053 1309.9495469029 246.6692992718 0.5336466778 0.1107434906
74 0.161742 0.187146 0.000000 2416.4006583987 14.0363660165 1489.0105958582 780.4185314462 132.8794916170 0.0510152265 0.0046582352
75 0.156889 0.223587 0.000000 2840.9411573743 3.7342124453 1780.0334658261 954.2207485068 102.9215285472 0.0285377568 0.0026642959
76 0.103534 0.189141 0.000000 815.0885349121 1.7527172572 558.4140410282 228.2014458223 26.7173778306 0.0027014509 0.0002515234
77 0.123273 0.205162 0.000000 3439.6670877397 4.3835211042 1911.1183598828 1253.0261189847 271.1091087531 0.0283654481 0.0016135701
78 0.229819 0.246180 0.000000 5458.6374783496 119.0792040073 2823.0930216241 1788.5206636217 725.7470235578 1.9970350250 0.2005305197
79 0.265363 0.260274 0.000000 6676.5096333112 62.8509561643 3571.0593182169 2287.2337025000 752.6042849970 2.4135976382 0.3477738023
80 0.191914 0.244451 0.000000 5450.1104638757 28.4720965255 2808.6356314497 1924.4925542024 683.9861794771 3.9912826517 0.5327195687
81 0.262367 0.269373 0.000000 8730.7834870943 36.7572094772 4578.0277415529 3109.9024194486 1001.1859232711 4.1002224461 0.8099709072
82 0.160033 0.217963 0.000000 2462.2301661961 1.9615369713 1377.7977680467 825.6564021176 256.2948068836 0.4835895736 0.0360626172
83 0.372685 0.367285 0.000000 8564.3049780037 50.3115301798 4862.5745218438 2898.0786352789 749.8027860418 3.2490828557 0.2884218125
84 0.099676 0.193152 0.000000 1640.9205537960 0.0871593500 1052.2882894852 547.3897187921 41.1510389887 0.0040740211 0.0002731718
85 0.180293 0.242269 0.000000 3494.8605361831 0.0023661351 2144.6169836122 1233.6152393078 116.5863682729 0.0367141281 0.0028647408
86 0.282372 0.346948 0.000000 5621.6284225330 26.2686016403 3345.5977049698 1961.4680762913 288.1837065813 0.1011490217 0.0091840465
87 0.348590 0.325062 0.000000 5693.1125263583 1.4162845542 3726.2679287739 1835.4526613957 129.9307522779 0.0414184764 0.0034808881
88 0.135502 0.199590 0.000000 1449.6370400083 0.0011625057 1021.9752258454 419.9032653917 7.7569088925 0.0004444259 0.0000329661
89 0.195505 0.226773 0.000000 1454.5152345481 0.0356404610 1065.0292465802 385.7647030361 3.6855245764 0.0001106057 0.0000093021
90 0.142562 0.201267 0.000000 2655.5340777410 0.0046699327 1762.0542394935 858.0372901398 35.4317806804 0.0056835277 0.0004139697
91 0.158983 0.232105 0.000000 2992.5966393103 2.4246201597 1911.3658494171 1006.3838903220 72.3767145789 0.0418659362 0.0036989186
92 0.239838 0.278412 0.000000 5054.1839858315 0.0150413547 2978.4861628200 1799.6148986743 275.2650415341 0.6891780768 0.1136633948
93 0.095123 0.187068 0.000000 452.6122897789 0.0279197870 321.6698607877 127.3468886777 3.5673870379 0.0002135999 0.0000198978
94 0.114446 0.162666 0.000000 1560.0269421879 0.0082256668 1056.7426305999 472.7193052238 30.5539243968 0.0026732818 0.0001830225
95 0.330102 0.316645 0.000000 7189.9241347291 10.0713580321 4306.5409253691 2468.7908153818 403.7651934682 0.6764415016 0.0794009846
96 0.160844 0.204425 0.000000 2009.2893811315 1.8448651595 1285.8169907889 643.3984520329 78.2136101919 0.0149415074 0.0005214637
97 0.321906 0.290762 0.000000 4991.9666142209 0.8110679236 3208.6500811904 1631.3503401918 151.1300665813 0.0233702202 0.0016881282
98 0.314595 0.293228 0.000000 6180.5187792473 13.2805693087 3723.8645336624 2084.2742269733 357.9498609135 0.9710492204 0.1785391767
99 0.114766 0.191515 0.000000 1196.0922470725 0.7265482982 820.9772262137 353.2597767676 21.1263441764 0.0021791364 0.0001724983
100 0.384459 0.363157 0.000000 7329.9941338690 10.0862175404 4595.2727867466 2409.1336894406 315.1662806565 0.3083374928 0.0268220084
101 0.153719 0.219730 0.000000 1627.1653924544 0.8061197708 1043.4708221061 514.0860643038 68.7900570546 0.0113569918 0.0009722335
102 0.112099 0.163548 0.000000 1892.3181047347 16.5202889774 1149.1783205802 602.0714520972 124.4985843030 0.0453055202 0.0041532534
103 0.145510 0.186493 0.000000 2458.7037770367 8.0658542525 1488.8627208660 808.7102323959 153.0020048138 0.0578922415 0.0050724842
104 0.090491 0.194582 0.000000 1085.2537185327 3.4682889100 652.2494286789 367.7853093515 61.7454206920 0.0048618681 0.0004090621
105 0.225678 0.237797 0.000000 4206.7235490993 0.1588310678 2621.7798340617 1375.7007275638 208.9755841852 0.0999858056 0.0085864097
106 0.122774 0.177895 0.000000 1847.2614151991 0.0049574440 1208.9079200008 581.7686129432 56.5688383332 0.0101980588 0.0008884166
107 0.205617 0.187828 0.000000 1892.4303943624 0.0013931355 1362.8329626276 520.0062274035 9.5889115047 0.0008258909 0.0000738073
108 0.131085 0.209520 0.000000 1976.0956609087 0.0071503718 1286.5302456322 664.7045997466 24.8527277470 0.0008713716 0.0000660452
109 0.305973 0.308919 0.000000 8133.3050827082 1.4335462184 4947.0301439828 2740.7973893455 442.6209079381 1.2039315845 0.2191636557
110 0.153594 0.255694 0.000000 2274.5227722800 0.0139684018 1397.0178029211 811.4108383220 66.0554350703 0.0229083524 0.0018192192
111 0.137596 0.221987 0.000000 1521.8313042346 0.0022825548 1030.8929886819 467.4946505060 23.4375377147 0.0035370907 0.0003076967
112 0.178557 0.232025 0.000000 3761.6432292195 0.4711414661 2257.0274144515 1272.6309183551 230.8946898201 0.5555395617 0.0635255623
113 0.194643 0.274728 0.000000 4218.6559939842 0.1359044062 2583.0380718595 1442.6863055132 192.7058542606 0.0827627824 0.0070951649
114 0.140476 0.198641 0.000000 2079.6687525877 0.0154473140 1383.2930971179 672.0423726244 24.3162173262 0.0014990027 0.0001192079
115 0.299770 0.313774 0.000000 3908.9026008794 0.1836524906 2581.6408659015 1273.5776548514 53.4814828992 0.0173463473 0.0015984028
116 0.105620 0.164724 0.000000 1584.5506895714 0.0036090884 1026.1237577444 516.7602817733 41.6585448940 0.0041999959 0.0002960752
117 0.224066 0.247594 0.000000 5911.2296483785 0.0342149209 3477.6536563544 2078.3553956160 354.8642319537 0.2927683853 0.0293811545
118 0.105786 0.215269 0.000000 3172.7412989246 0.1732024679 1852.6361138275 1123.3889604773 196.4004282979 0.1323803341 0.0102135273
119 0.162444 0.187992 0.000000 2238.5113628952 0.4767718885 1368.0526537682 770.9212335369 99.0540875819 0.0062511256 0.0003649990
120 0.279335 0.272633 0.000000 4984.3711141956 0.0345363312 2999.1570005039 1711.5492847818 273.3780096362 0.2328829842 0.0193999663
121 0.161648 0.222970 0.000000 1832.7336285997 0.0212865319 1238.0311695059 568.6951181899 25.9839079966 0.0019845361 0.0001618390
122 0.315259 0.277858 0.000000 6128.6242736429 0.1854855852 3827.3484183769 2102.8456302721 198.2075557828 0.0343614883 0.0028221333
123 0.117624 0.183837 0.000000 926.1569083038 1.1003641444 616.3570136838 287.3991726063 21.2989979931 0.0012461394 0.0001137403
124 0.194288 0.226866 0.000000 2334.0808470704 0.6404894144 1531.8215830228 749.6803731643 51.9373819637 0.0009479831 0.0000715256
125 0.367163 0.275419 0.000000 6333.1728991405 5.3616806467 4026.0959914315 2049.7326461197 251.7548961993 0.1800987010 0.0475860435
126 0.214744 0.193105 0.000000 6335.7925159773 44.9744753314 3432.3233845854 2207.2392181327 648.0238459892 2.8926302196 0.3389617206
127 0.280023 0.270639 0.000000 7575.2210382678 11.1358250548 4258.6903057593 2678.0124553298 626.6427234942 0.6790724870 0.0606561500
128 0.278850 0.303044 0.000000 5222.7232263038 4.5924567275 3231.3048760623 1753.1673881442 233.6198522717 0.0371547367 0.0014983917
129 0.192907 0.231835 0.000000 2738.6326681105 0.0395819589 1814.7454075648 882.1232700809 41.7205368336 0.0036770622 0.0001946399
130 0.183224 0.259021 0.000000 2953.0332449112 0.0425554888 1789.1825568237 1017.0083845328 146.7585021797 0.0391918955 0.0020540140
131 0.365377 0.328463 0.000000 10934.9341892109 3.5121166103 6370.7754914960 3748.3405174138 808.1985359887 3.5801801608 0.5273475424
132 0.331484 0.304983 0.000000 6030.7255944562 3.2254756976 3717.3508899153 1982.2105896704 327.8927995903 0.0430018302 0.0028377691
133 0.151237 0.211393 0.000000 1125.7144887879 0.0937321056 752.6782891178 338.8684728449 34.0736198579 0.0003477240 0.0000271447
134 0.285487 0.281730 0.000000 4476.8132247671 0.8746458539 2753.4866754435 1465.9688283487 256.4584211526 0.0239368623 0.0007171148
135 0.374980 0.273527 0.000000 7539.4486434605 5.1611465447 4440.3616308787 2586.4746590643 507.3871411964 0.0616086639 0.0024571068
136 0.217576 0.207989 0.000000 3431.6288462143 0.4115351417 2076.2394376934 1199.7740742119 155.1794610874 0.0234983535 0.0008397122
137 0.306418 0.256855 0.000000 3438.0385203524 0.0744612109 2221.1500180214 1087.1126523074 129.6958974743 0.0052534595 0.0002378911
138 0.179954 0.202009 0.000000 3203.1313991052 0.0612243362 1871.8737310863 1138.7735746558 192.2802398476 0.1296311005 0.0129981033
139 0.228848 0.256940 0.000000 4801.9431561582 0.2103408774 2924.9010703450 1652.6157037487 224.1519726592 0.0603019727 0.0037666123
140 0.097907 0.165410 0.000000 641.8864338953 0.0020591617 464.1968087434 172.4256936231 5.2617804563 0.0000890516 0.0000028778
141 0.191539 0.231177 0.000000 2623.6328717421 0.0237128758 1723.7748412963 837.4072943609 62.4199975577 0.0067464856 0.0002791980
142 0.074081 0.141835 0.000000 605.1293875580 0.0034918627 404.3021164168 195.3319873998 5.4916356207 0.0001476009 0.0000086775
143 0.203214 0.227485 0.000000 3672.2338831428 0.0048335252 2296.5836844565 1254.4577354108 121.1251182538 0.0575205636 0.0049909522
144 0.220474 0.286857 0.000000 4767.8348760643 0.1572148597 2676.9907072496 1694.9151413065 395.6204956966 0.1378911622 0.0134258188
145 0.132558 0.200046 0.000000 1963.9361467620 0.0383453315 1184.9835652449 674.7806308867 104.1283069921 0.0051222696 0.0001760515
146 0.214739 0.281890 0.000000 5099.0350036596 0.0604103822 2835.8745447968 1813.7820602062 447.9618919695 1.1974090446 0.1586872838
147 0.372290 0.338371 0.000000 5675.5789927620 2.9025049762 3470.5008881399 1889.6895011716 312.4097399967 0.0725532070 0.0038052818
148 0.315733 0.289130 0.000000 5231.3068923398 7.3697250023 3321.6571471270 1653.0253685147 249.0687223453 0.1714662012 0.0144631540
149 0.151126 0.230540 0.000000 3907.0715902799 0.1230560808 2353.7551805867 1323.1825911865 229.7004722613 0.2790453708 0.0312447991
150 0.384495 0.352545 0.000000 9284.9723566463 27.1334452612 5079.1683785586 3241.0728052342 936.8328803805 0.7050053056 0.0598419227
151 0.144072 0.240156 0.000000 2064.7813620773 5.3801785940 1165.8966726482 721.8152967556 171.6499839570 0.0377177972 0.0015123223
152 0.197704 0.225917 0.000000 2218.0426005359 1.3599516052 1251.0577212897 774.5005606701 191.1154571275 0.0083938190 0.0005160425
153 0.254280 0.289803 0.000000 4373.5083252474 7.6847959037 2503.1975605608 1494.4388777001 367.9881547568 0.1848335607 0.0141028144
154 0.225428 0.266255 0.000000 4650.8272240707 57.6298460353 2479.0795559490 1630.7905468837 481.5424046048 1.6523160703 0.1325545457
155 0.205320 0.246288 0.000000 5794.9884456439 10.1121976928 3038.1754477354 2074.6785398263 670.5570718935 1.3348969785 0.1302915223
156 0.138396 0.204741 0.000000 1311.1583875560 2.5435395679 827.0066836626 426.4500629715 55.1516234921 0.0061839562 0.0002939102
157 0.092641 0.166395 0.000000 956.5366531748 0.0067593742 663.7630051777 284.0391381311 8.7256303648 0.0019607819 0.0001593587
158 0.290180 0.300691 0.000000 6225.8825344762 0.1992764670 3706.6674856044 2222.5581120252 296.1959134417 0.2398210143 0.0219259284
159 0.105223 0.156924 0.000000 1343.3491679259 0.0965047371 857.8343687846 435.8683189080 49.5462521219 0.0034189088 0.0003044614
160 0.298814 0.295414 0.000000 7190.3678641085 13.5865743085 4171.3994262560 2486.3141679553 514.9753501290 3.0221197238 1.0702257480
161 0.288000 0.290646 0.000000 6870.7360508844 56.9242067674 3773.9143458279 2390.6990254819 647.5018335415 1.3825477126 0.3140915717
162 0.132316 0.204533 0.000000 1726.4014625737 2.9907175139 1007.7845996211 614.3017191075 101.3157779562 0.0079749754 0.0006734123
163 0.120957 0.216727 0.000000 1877.4119760323 2.1272649142 1102.5692944307 665.3003671298 107.4037037554 0.0104355709 0.0009102637
164 0.168207 0.236440 0.000000 3150.7945003063 5.4124017147 1940.0482647375 1065.6622213612 139.6356128350 0.0331387562 0.0028609218
165 0.250687 0.290420 0.000000 5747.1193958989 12.4742460350 3366.5339619088 2019.4470874540 348.5720681196 0.0846959176 0.0073365118
166 0.255582 0.251601 0.000000 5640.2943596723 4.9688966406 3267.1699091061 2047.9078831059 319.5007800728 0.6081735306 0.1387172190
167 0.121365 0.180581 0.000000 3363.0625961994 0.7937269228 1965.4370336963 1210.5716381273 185.8903857570 0.3244018546 0.0454098240
168 0.220356 0.298539 0.000000 4873.1255966580 27.6957820953 2797.6821214718 1760.8183543272 286.7266571515 0.1844033621 0.0182782912
169 0.208471 0.241152 0.000000 4835.4797136724 6.2251372262 2720.4474638694 1767.1079519952 340.8181481568 0.7152778512 0.1657345972
170 0.077484 0.202263 0.000000 490.0704665422 0.8294470776 298.5484521354 169.6808697114 21.0098178989 0.0017223257 0.0001574439
171 0.186517 0.221790 0.000000 2438.7077367277 3.7998310830 1482.7294116409 844.3321998012 107.8197227389 0.0245534013 0.0020180865
172 0.140556 0.232944 0.000000 2447.3678219526 0.7460897778 1383.2742186113 871.4781014885 191.8382414133 0.0290707293 0.0020999734
173 0.167504 0.185459 0.000000 3232.4119664984 57.4446404924 1722.5681748169 1101.1117955653 351.1145492719 0.1564885961 0.0163177686
174 0.150446 0.224807 0.000000 3187.9142500285 17.4640630439 1722.2412809861 1214.4490540699 233.6521505100 0.1016283970 0.0060730425
175 0.210286 0.248882 0.000000 4363.3197023355 56.8265024050 2223.7282692176 1525.6850264329 556.7945796221 0.2633452026 0.0219794617
176 0.151356 0.210163 0.000000 3461.8460403848 37.2874067699 1852.3657306709 1264.5603287399 307.4515783531 0.1709720071 0.0100238987
177 0.193610 0.255928 0.000000 3032.3232484764 11.9451224406 1682.0803429933 1047.0401196999 290.7573008972 0.4664292797 0.0339331722
178 0.037194 0.184067 0.000000 0.5707141024 0.0013253705 0.3910075173 0.1475564982 0.0307721080 0.0000490890 0.0000035717
179 0.329907 0.292818 0.000000 7806.4666923568 113.2399590289 4079.0267358076 2681.5595512773 925.8907321660 5.1394311387 1.6102829522
180 0.158642 0.253569 0.000000 4201.7214919344 21.3380569963 2264.6124518998 1490.5322737279 424.3788714959 0.7646723078 0.0951655354
181 0.157945 0.214215 0.000000 3884.3685563310 15.4617092106 2058.4438069873 1361.1585068897 449.0474160428 0.2369302238 0.0201869733
182 0.174794 0.245435 0.000000 3773.3502768211 11.9062573084 2049.7405436522 1323.8900354474 386.4744558473 1.2516227005 0.0873618717
183 0.120783 0.233769 0.000000 2068.6153438241 5.7652805523 1122.0383480557 747.0353099829 193.7301850757 0.0446574132 0.0015627443
184 0.198231 0.268150 0.000000 2270.0110369390 2.2780999835 1285.9611201195 802.2317270821 179.4965930300 0.0418215082 0.0016752193
185 0.092639 0.195180 0.000000 641.0524001588 0.1106637486 409.7990169673 198.4187768352 32.7185103831 0.0052030855 0.0002291318
186 0.213004 0.245542 0.000000 3303.8693083872 19.4491239152 1918.3615556035 1134.5492386508 231.4185979182 0.0865948361 0.0041974802
187 0.063196 0.129919 0.000000 587.4534212492 0.0106395040 382.9652144145 186.8422181325 17.6324929029 0.0026834689 0.0001728444
188 0.307598 0.270034 0.000000 6697.8986591726 20.1457426043 3717.2306903241 2325.6084745582 633.5550173403 1.2215985158 0.1371358356
189 0.169024 0.222645 0.000000 3997.3755823747 39.7499524310 2205.7696247849 1355.3572708807 395.7297743898 0.7005061158 0.0684537847
190 0.122092 0.135259 0.000000 921.0134527146 0.0623939923 576.5664335277 290.8235936785 53.5555606859 0.0051409580 0.0003298705
191 0.322996 0.270486 0.000000 5919.5216412275 26.3793613990 3351.8831717692 1908.1457145851 625.3127621633 5.7741976262 2.0264336815
192 0.078500 0.202312 0.000000 1187.7956974865 16.5439889294 657.4673848319 387.3657572577 125.1493055714 0.9077557174 0.3615051759
193 0.397383 0.339363 0.000000 9303.3321154794 37.2925590235 5210.9816977209 3176.8754699457 873.6008309508 3.6135685207 0.9679893285
194 0.389850 0.356489 0.000000 8272.5132344559 47.8732660425 4720.6501171760 2733.6644169192 766.5285684758 3.3554934323 0.4413724069
195 0.299372 0.285031 0.000000 5117.4542337014 48.5459159587 2963.2123812909 1650.3624998992 446.4652908015 6.4700294711 2.3981162975
196 0.254501 0.272579 0.000000 6474.8311543471 9.2686131042 3734.2410743118 2161.6079833295 563.9822930481 4.4179311198 1.3132594709
197 0.195686 0.262785 0.000000 4578.7098541156 6.0613272856 2659.5142185437 1586.7850689424 325.2945133016 0.9306469885 0.1240790718
198 0.178081 0.240487 0.000000 2698.2867799858 0.3698084484 1664.5536659527 942.4160628374 90.9224282026 0.0228768466 0.0019377040
199 0.232927 0.256629 0.000000 4156.3552422326 0.1788494233 2682.6418663938 1372.6275123497 100.8902894994 0.0156172120 0.0011073785
200 0.162223 0.206994 0.000000 2361.7127396408 1.2505197355 1520.4991677872 795.6603386810 44.2998420985 0.0026693510 0.0002019926
201 0.143062 0.206364 0.000000 1342.2461260718 1.0287760772 920.6490942290 404.9901520115 15.5769999465 0.0010294984 0.0000743200
202 0.288783 0.280604 0.000000 6942.0165402486 1.3238562110 4237.2641939301 2353.5358187763 349.7283216552 0.1521423718 0.0122073226
203 0.151902 0.213782 0.000000 3187.2654978537 5.4170793408 1888.3626331864 1113.9763607441 179.4019540056 0.0988889850 0.0085815952
204 0.256560 0.238175 0.000000 5164.0549123073 0.2409544564 3027.0965859492 1859.4907611144 277.1997332027 0.0259760959 0.0009015017
205 0.161531 0.261941 0.000000 2335.4623321442 0.0224033580 1559.7942858964 732.3267935830 43.3141074697 0.0043905526 0.0003512857
206 0.177385 0.221010 0.000000 2662.8744373594 0.0100014263 1718.8928573119 899.8732550802 44.0878043578 0.0097016551 0.0008175508
207 0.126575 0.219358 0.000000 1327.4424943364 0.0057809801 863.0592908468 457.6183139423 6.7586560039 0.0004181463 0.0000344340
208 0.229523 0.241914 0.000000 4209.3304971818 0.0220643540 2617.2650303186 1490.6626792730 101.3262038566 0.0502562032 0.0042632034
209 0.009077 0.128980 0.000000 0.0971265274 0.0011251467 0.0596916813 0.0339974596 0.0023109960 0.0000011462 0.0000000972
210 0.033531 0.179420 0.000000 0.2735787021 0.0000827769 0.2101902791 0.0625394730 0.0007660668 0.0000001068 0.0000000096
211 0.045165 0.181208 0.000000 917.6343604763 0.0028427745 577.4139040193 314.1054832573 26.1088051558 0.0030560688 0.0002692220
212 0.144357 0.236163 0.000000 2911.5449399164 0.0080371506 1664.4974504612 1081.5862285478 165.3994790906 0.0493868363 0.0043578656
213 0.303454 0.360222 0.000000 6886.7119264128 0.0065180988 3778.5596178890 2494.7303638828 613.2956648455 0.1100967144 0.0096650195
214 0.170632 0.243382 0.000000 2852.4723172713 0.0343879160 1516.6623330794 1019.0263901498 316.3091802214 0.3971140191 0.0429119064
215 0.198917 0.251504 0.000000 4273.4575363250 6.8633936954 2315.7307069060 1460.8366162695 489.8716636520 0.1470032984 0.0081525556
216 0.054292 0.189513 0.000000 440.6364265462 0.7818703340 255.8556987996 149.5211890231 34.4760743975 0.0015142249 0.0000797837
217 0.194167 0.236139 0.000000 2122.4753577180 3.9588566265 1239.0060425723 704.9035775873 174.5912671903 0.0148475446 0.0007662149
218 0.244370 0.222114 0.000000 3138.8832566949 0.0523941256 1919.1236558930 1070.7458258870 148.9332844361 0.0264845568 0.0016117991
219 0.285748 0.262818 0.000000 4288.9282181268 0.0504999005 2526.9406003676 1523.0826387314 238.7696331167 0.0792464331 0.0055996043
220 0.265655 0.294673 0.000000 4882.3505682564 0.9911811913 2897.0633112584 1680.2941068625 303.9322377980 0.0651526129 0.0045785496
221 0.200362 0.247355 0.000000 3123.7062052845 0.1410945441 1942.1100415867 1065.8061522502 115.6402039961 0.0081188317 0.0005940918
222 0.129035 0.216097 0.000000 1450.9672071654 0.0287913346 904.9334798489 508.7847216591 37.2182268105 0.0018487718 0.0001387516
223 0.282147 0.287792 0.000000 3731.1829235855 0.6640985334 2257.3568248493 1266.0542351812 206.9513900925 0.1435417055 0.0128332321
224 0.219387 0.232937 0.000000 2850.8794089940 0.5687465671 1770.0888229400 969.0627003537 111.1467987223 0.0115316625 0.0008087772
225 0.146921 0.210831 0.000000 1911.3420379010 0.1586181471 1175.7970169046 664.2352754459 71.1415365102 0.0088246347 0.0007662829
226 0.141305 0.284633 0.000000 2007.5196809005 0.0409974861 1237.8816978059 686.7589965232 82.8239812792 0.0129607696 0.0010470507
227 0.199254 0.225915 0.000000 2271.6320026563 0.0292762519 1483.5279862958 737.0279040784 51.0393992755 0.0068445852 0.0005921720
228 0.116646 0.164088 0.000000 1320.2531883091 0.0053719827 852.7592568767 446.8640607374 20.6228633123 0.0015095294 0.0001259066
229 0.070811 0.173265 0.000000 613.7222836935 0.0023373411 400.6877927933 198.0684807580 14.9620278783 0.0015200063 0.0001249624
230 0.245807 0.253317 0.000000 3615.4794931540 0.0550283228 2315.2861427751 1184.9612572087 115.1002446289 0.0703814205 0.0064388317
231 0.239183 0.254854 0.000000 4093.8978593135 1.5064695922 2530.9521891519 1383.9973829717 177.4114049453 0.0281387164 0.0022739868
232 0.131893 0.210841 0.000000 1601.4950246081 0.0101095542 1069.7261311702 496.3220765084 35.4254618047 0.0103109787 0.0009346273
233 0.205935 0.232336 0.000000 1487.7128702508 0.0101842287 1036.4010685313 425.3657840313 25.9268142048 0.0082559056 0.0007633606
234 0.185700 0.296383 0.000000 1577.7479966528 0.0092270541 1151.5324902194 418.9158275882 7.2892457908 0.0011060102 0.0001000041
235 0.189027 0.232648 0.000000 2929.8973576951 0.0138963169 2012.9564053491 885.0635010359 31.8615256610 0.0018718083 0.0001575469
236 0.303422 0.284222 0.000000 3537.3264262594 0.0140858571 2454.5733672542 1020.9952175505 61.7381162430 0.0051948239 0.0004445726
237 0.209065 0.236683 0.000000 4257.6325569946 7.4011120608 2659.0935586169 1374.2491432265 216.8244196894 0.0567360686 0.0075873611
238 0.107280 0.199718 0.000000 1682.5374069694 17.5824148530 1019.9703278817 531.8666696017 113.1007532155 0.0159575151 0.0012839047
239 0.303855 0.310095 0.000000 7808.5410497070 104.0879659183 4445.9539460477 2529.8659538054 727.6597075133 0.9251717726 0.0483046528
240 0.195027 0.252980 0.000000 3625.1542017404 11.3810519179 2108.5486155397 1241.8522605053 263.2099397706 0.1551155485 0.0072184670
241 0.084071 0.192440 0.000000 1072.4881417139 10.6099911385 657.6986260350 318.4628345479 85.7012151456 0.0141269979 0.0013478740
242 0.289436 0.337318 0.000000 11318.6915728020 107.7949807142 5864.0165804179 4081.0954302602 1261.3288559849 4.1534778018 0.3022476500
243 0.158173 0.201986 0.000000 2002.0111159722 22.5911702159 1183.6494410900 670.4365484039 125.2838593643 0.0482512386 0.0018456789
244 0.119246 0.205341 0.000000 1945.9529523815 12.0046775186 1107.7737273078 696.6085417915 129.5477126820 0.0173846761 0.0009084060
245 0.207045 0.278772 0.000000 3253.9465227068 35.7982873093 1841.2121646154 1105.9468447214 270.9545404048 0.0324905857 0.0021950712
246 0.111388 0.214195 0.000000 2978.3020782189 61.3459307214 1489.6775079669 1031.8355120322 393.2870046033 1.8856357768 0.2704871492
247 0.178923 0.210389 0.000000 2871.0641095821 42.3692328044 1583.5306496425 993.5208242399 250.7165569548 0.7310599707 0.1957859735
248 0.155842 0.213561 0.000000 2340.3527117672 44.4108800575 1235.4598697602 783.9114380715 275.6436894882 0.7124625020 0.2143718841
249 0.240876 0.278086 0.000000 4884.4556107333 69.3185451067 2612.9665944398 1694.5618269144 503.9301961059 2.7458756605 0.9325725040
250 0.367908 0.336530 0.000000 7127.6583772874 53.5904278902 3943.1922908849 2437.4924070542 687.6128290606 4.6176593864 1.1527630026
251 0.202052 0.238177 0.000000 3262.9425040967 9.0945189115 1853.9725954615 1106.9835570833 292.4600938569 0.4035503023 0.0281885113
252 0.113517 0.206830 0.000000 1985.9715041798 0.4021626200 1079.2061599103 671.2453455393 234.4671594128 0.5833413012 0.0673353982
253 0.264087 0.302805 0.000000 7804.2233685006 130.0689123294 3753.6394253843 2613.5595122301 1275.1529317928 25.8983276887 5.9042590835
254 0.150595 0.184756 0.000000 2381.3635092938 24.0418698932 1265.7415448968 806.9724052646 283.7525777224 0.8001080821 0.0550034645
255 0.198383 0.247548 0.000000 4236.4674570015 47.3902467130 2228.9844075733 1418.8921858080 537.9483191143 2.9337827140 0.3185150955
256 0.226887 0.236235 0.000000 3514.3066339433 15.5058113947 1965.8063554285 1220.5627561741 312.1576415807 0.2537795500 0.0202898399
257 0.189754 0.244760 0.000000 4176.9027771524 37.5973769577 2247.8527825923 1411.0981211876 479.2829833820 0.9826704515 0.0888426065
258 0.250022 0.278065 0.000000 2998.1430710559 0.7875303795 1878.4206769849 997.0378393894 121.8384116238 0.0552544094 0.0033582666
259 0.174843 0.263046 0.000000 1471.9627538961 0.0010446804 958.5113013626 466.8695269398 46.5719811769 0.0083108459 0.0005889010
260 0.161449 0.229112 0.000000 2480.0274595528 0.0080129388 1590.1413817873 829.3639421807 60.4812748272 0.0306195274 0.0022283054
261 0.164746 0.214854 0.000000 1096.6249934204 0.0201235682 762.7533737357 320.7133699317 13.1355774948 0.0023439570 0.0002047455
262 0.303846 0.309363 0.000000 3878.2431153988 4.0951987055 2700.5818661889 1115.4882079599 58.0624384455 0.0141289006 0.0012752251
263 0.092204 0.192036 0.000000 1402.3673008143 6.4030244342 894.1453193040 470.1538178655 31.6524876523 0.0115752674 0.0010763057
264 0.317035 0.277833 0.000000 5748.6635165181 36.7161223817 3492.5907185779 1940.5276526844 278.6696262290 0.1241164327 0.0352802303
265 0.295150 0.302975 0.000000 6170.2144667036 15.1107754959 3733.0422010157 2067.4666481959 354.3769338208 0.1987959328 0.0191122933
266 0.296637 0.310176 0.000000 6403.5627238099 44.6261249391 3754.7253822013 2166.6608292310 437.2925885637 0.2440198027 0.0137790921
267 0.120321 0.243856 0.000000 1750.2392268233 12.9350229374 1058.8158734629 573.2880581040 105.1451288140 0.0530380041 0.0021055165
268 0.084775 0.191719 0.000000 1641.9237798006 8.4084596941 928.4295621220 577.3923385467 127.6093264292 0.0808922438 0.0032007719
269 0.228236 0.287330 0.000000 2537.5432007919 25.7028318210 1533.4311487266 833.2686414084 145.1011058619 0.0373948989 0.0020780855
270 0.150301 0.275776 0.000000 4361.7592645032 51.2640752591 2360.7601433559 1533.3669353900 415.3320344169 0.9714299864 0.0646461169
271 0.117409 0.175258 0.000000 1248.5621338543 10.4883084925 775.2609993336 398.6411822630 64.0796470132 0.0882189586 0.0037778428
272 0.182620 0.259309 0.000000 2618.8663681974 29.2722647062 1602.7731221974 811.3529637121 175.2328417990 0.2213152626 0.0138605706
273 0.207573 0.241390 0.000000 1736.2415770407 9.2573856055 1094.4651914474 545.3407085817 86.7982865203 0.3333645842 0.0466403227
274 0.312996 0.293089 0.000000 5040.9824300026 63.9108975310 2902.8031117297 1585.8735073088 478.7130507549 6.8075878618 2.8742747955
275 0.318006 0.363683 0.000000 6922.0311337801 190.3380537675 3870.8104086100 2141.0780538922 714.3741358373 4.7309714071 0.6995102663
276 0.163974 0.223191 0.000000 1916.3579248915 32.4524770139 1210.2694430373 539.8481591086 133.4450891862 0.3171788812 0.0255776816
277 0.122145 0.230532 0.000000 975.1301406842 3.4879778534 656.5162776988 285.1580701195 29.8880964354 0.0732255082 0.0064930799
278 0.180645 0.240268 0.000000 3008.6979796609 28.4458588733 1791.8321545890 927.5671176289 258.1625270786 2.0823523572 0.6079691551
279 0.006525 0.113832 0.000000 0.0482277789 0.0004560350 0.0287219360 0.0148684147 0.0041383010 0.0000333801 0.0000097458
280 0.190993 0.215755 0.000000 3086.6802913142 0.0142314050 2042.3875751644 988.2685533912 55.5421741326 0.3830088260 0.0847484254
281 0.150569 0.231746 0.000000 1878.1684242685 0.2449253848 1139.1086878908 678.4533737405 60.3507793548 0.0099262606 0.0007316733
282 0.088671 0.162869 0.000000 1333.7212628722 0.0282603764 885.6953113932 429.7610372556 18.2353411702 0.0012277737 0.0000849441
283 0.186753 0.241036 0.000000 2329.2393225415 1.9110933133 1505.1547877637 783.2332763988 38.9387114171 0.0013775672 0.0000761238
284 0.070716 0.193837 0.000000 245.3763773818 0.0050662245 175.2497306559 67.5912274522 2.5302627872 0.0000852423 0.0000050890
285 0.218646 0.224091 0.000000 2688.5181984206 0.0935403598 1788.8166004977 874.1485599504 25.4569051795 0.0024286434 0.0001638524
286 0.233812 0.249296 0.000000 1798.0665694206 0.0318056269 1239.2691025212 544.9032442379 13.8607253152 0.0015700553 0.0001217343
287 0.208570 0.247553 0.000000 1540.3246588864 0.2117946054 1115.2167342950 410.3476743876 14.5454903204 0.0027464001 0.0002189016
288 0.252298 0.246427 0.000000 4824.0924464729 0.4103824007 3108.7368778969 1577.4305840783 137.4796384931 0.0326660028 0.0022976433
289 0.427332 0.387231 0.000000 7959.5679505709 19.6170500647 4867.8946286996 2796.0679981457 275.3795198785 0.5591262492 0.0496276429
290 0.066387 0.175838 0.000000 566.1501368451 0.1279210402 377.6931315195 169.8014045884 18.3193297650 0.1805558117 0.0277941480
291 0.263156 0.311585 0.000000 5087.6534488910 52.7930436054 3047.6005799513 1671.5787950180 314.6988298368 0.8918079505 0.0903925265
292 0.182196 0.223071 0.000000 2802.0533060189 1.4563860499 1687.9471567477 971.1510181370 140.9490302252 0.4944247484 0.0552901431
293 0.205314 0.242114 0.000000 6666.2502241220 7.1585866621 3731.3296955941 2521.8530152862 405.5724657219 0.3072000224 0.0292608805
294 0.178357 0.249145 0.000000 1654.6397569368 2.5868794063 1103.4750418428 507.8136899274 40.6847783881 0.0751854640 0.0041819611
295 0.149718 0.220823 0.000000 1553.2395342609 1.1763195197 1031.7427533043 471.6220212708 48.5775482608 0.1129232957 0.0079686391
296 0.215204 0.251185 0.000000 4838.0971873448 1.7831092158 2928.4930872707 1729.5275011795 177.8681760329 0.3728900328 0.0524235965
297 0.087039 0.196124 0.000000 1101.1096350819 0.0059094528 681.4509558790 394.9355442552 24.7168592122 0.0003441360 0.0000221835
298 0.152218 0.223444 0.000000 2007.3466924404 0.0033565475 1257.8961673317 706.8084913568 42.6382179113 0.0004324591 0.0000268587
299 0.181508 0.222080 0.000000 3989.4356760409 0.0446601393 2337.2763951020 1496.9002556830 155.2085213037 0.0054284515 0.0004153879
300 0.319608 0.291282 0.000000 7458.5996715719 2.2945324880 4326.6491123821 2659.9152255192 468.9824032969 0.6733087851 0.0850891334
