1 0.122361 0.181679 0.000000 1980.6594959775 60.9706895602 1153.9940228301 623.0815154912 141.7045005976 0.8150910271 0.0936764712
2 0.173274 0.219998 0.000000 3464.1374710768 100.0513679156 2031.4762865065 1068.2825554771 260.3196455926 3.3323689996 0.6752465853
3 0.149770 0.211131 0.000000 3811.3545894187 105.0756166944 2069.9312036041 1214.3304853584 404.1430071943 12.2072107589 5.6670658087
4 0.155181 0.226422 0.000000 4196.4903508434 70.3906769974 2503.1217405994 1322.4583616394 299.4690141995 0.9631222399 0.0874351677
5 0.113752 0.192209 0.000000 1591.6119887359 5.7497634427 1057.2087781958 485.2718417707 43.3684248814 0.0120610106 0.0011194354
6 0.154096 0.241464 0.000000 3437.7188679134 47.3643979862 2034.8862011366 1138.3266676937 216.8761896151 0.2450398030 0.0203716789
7 0.231201 0.286996 0.000000 4986.4074158176 29.5943065452 3113.0710600033 1617.1550349618 226.4927372745 0.0884512042 0.0058258289
8 0.070821 0.151600 0.000000 960.7456277090 5.6060849138 626.8850284294 294.4174049720 33.8224324398 0.0138704056 0.0008065487
9 0.398305 0.362755 0.000000 12131.0321095554 76.0073496827 7264.5446329962 4019.4341162558 768.2502917115 2.3984043716 0.3973145380
10 0.124306 0.183622 0.000000 2800.9334362286 12.7180370869 1700.4401395491 898.6682604673 188.8079065601 0.2785329967 0.0205595691
11 0.210806 0.234322 0.000000 5229.9390700135 11.5012605812 3307.5909375485 1705.7451899065 205.0155216630 0.0795877514 0.0065725638
12 0.177329 0.228060 0.000000 4882.0400126076 48.7341414800 2899.7857564146 1637.0732645757 296.2149674569 0.2109593206 0.0209233609
13 0.260928 0.307008 0.000000 7297.1005156628 34.3091986832 4329.3030349014 2481.9586024133 450.7003464845 0.7555466291 0.0737865530
14 0.139746 0.236931 0.000000 3793.5962800309 22.4186400652 2224.5423568393 1260.4347962961 284.3791853673 1.5928585860 0.2284428766
15 0.331039 0.369654 0.000000 10645.1780691022 60.7312850955 6324.7331748266 3515.6899604429 743.1734963217 0.7948530989 0.0552993195
16 0.175850 0.219957 0.000000 3945.8657125974 4.6972198028 2440.5797268066 1317.4769086484 183.0563372730 0.0517931711 0.0037269011
17 0.157899 0.208054 0.000000 4147.6182687692 11.3996250211 2521.4004786591 1371.9798277789 242.0095778291 0.7312264671 0.0975330178
18 0.100948 0.218654 0.000000 1808.0809583852 1.0349925591 1225.2106174762 544.4279437099 37.3744377105 0.0304752833 0.0024916472
19 0.121994 0.173616 0.000000 2549.4526306606 0.5500446278 1629.0391941410 847.3177700229 72.5394652768 0.0057214846 0.0004351104
20 0.174590 0.239267 0.000000 2736.0684980796 7.6040590213 1708.4991451939 897.2256471119 122.7176724363 0.0207473390 0.0012269804
21 0.145531 0.208316 0.000000 2721.6511745265 0.6539455277 1742.7499769700 894.8627971977 83.3611767501 0.0214888592 0.0017892232
22 0.212953 0.267576 0.000000 6443.6396579228 19.0921243319 3759.8874978568 2213.3058025049 449.9898843707 1.2478534321 0.1164954294
23 0.215590 0.224284 0.000000 5317.5624618751 1.0578721947 3209.9497984189 1817.8574260737 287.8153207417 0.7938449578 0.0881994925
24 0.199128 0.268643 0.000000 6065.6986444107 41.3039006707 3344.5879074208 2062.7911006111 614.9452605458 1.8467633462 0.2237118160
25 0.218797 0.219060 0.000000 7353.9613817126 71.1377066392 3852.6187729663 2529.3974571510 892.0393405359 7.5534983458 1.2146060767
26 0.130266 0.196880 0.000000 3937.8638444560 85.2171345824 2027.6520398841 1326.1556306455 497.4521352006 1.2950402502 0.0918638951
27 0.214392 0.267871 0.000000 6792.1438179488 55.0951923190 3763.6133497882 2302.6425790656 669.5807436507 1.1485037312 0.0634493958
28 0.320596 0.363958 0.000000 8557.4930280344 21.4612227231 4970.8584842907 2878.6675521845 686.1621331693 0.3083386188 0.0352970525
29 0.283547 0.327870 0.000000 5626.0196999366 1.8020902165 3549.0984940156 1869.8898720958 205.1851413477 0.0405851051 0.0035171618
30 0.145422 0.233283 0.000000 3417.5846653246 18.2201819120 1968.8614998978 1133.9398759244 296.4769768884 0.0803449391 0.0057857672
31 0.146448 0.205436 0.000000 3701.8263408432 17.6857823510 2258.5089573219 1198.4247013344 226.7427625318 0.4161550112 0.0479822955
32 0.234641 0.312676 0.000000 7913.0857298911 121.2641019414 4056.6525707842 2635.7898864199 1094.0291505358 4.9218828987 0.4281373350
33 0.237753 0.260188 0.000000 6639.2249707932 70.4825335930 3432.7917478694 2197.8638519853 937.4342534692 0.6074009815 0.0451829037
34 0.094709 0.187079 0.000000 1687.0648270715 0.4847984637 1035.8880512554 548.6857839082 101.9841242013 0.0204968917 0.0015723600
35 0.202090 0.297755 0.000000 6806.3258496332 85.2462074351 3614.1499212721 2325.6319545818 779.1714617857 1.9639740838 0.1623304791
36 0.078597 0.206833 0.000000 1642.5172978289 12.2136105419 908.0499789661 586.6014679514 135.5587369304 0.0841050946 0.0093983470
37 0.195433 0.237691 0.000000 3668.3249525329 36.5686291052 2215.7102714252 1184.4302525901 231.5528100387 0.0585716910 0.0044176857
38 0.357645 0.340661 0.000000 8393.2834659039 16.4706197636 4880.6238156133 2890.4929923851 605.2440272492 0.4220637326 0.0299471624
39 0.139475 0.227438 0.000000 1738.0921848256 0.0291511589 1185.1963866300 516.5862584352 36.2769327136 0.0032413373 0.0002145522
40 0.213720 0.259839 0.000000 4781.1714695201 0.0313320473 2978.2361788362 1653.3568176854 149.5002394868 0.0436195583 0.0032819093
41 0.103566 0.217887 0.000000 2303.9301035281 0.0019159511 1545.2692780496 730.4413951629 28.2156979399 0.0016854100 0.0001310161
42 0.172007 0.204389 0.000000 2609.8028226739 0.0139763036 1714.4438268025 863.0012876359 32.3428299326 0.0008330785 0.0000689245
43 0.072783 0.171909 0.000000 1315.8985162856 0.0095779049 860.1960128963 428.5679031777 27.1170287757 0.0074917238 0.0005018076
44 0.178006 0.257759 0.000000 3485.0635510103 0.1450346597 2322.8379314948 1106.5537221849 55.5199975920 0.0063285057 0.0005365760
45 0.127945 0.226608 0.000000 2332.8505165407 4.2957715366 1397.7995137729 792.7284545096 138.0175230718 0.0086045962 0.0006490616
46 0.107845 0.243455 0.000000 653.0235225314 0.0012193318 438.8106882760 198.6402195070 15.5706410740 0.0006947647 0.0000595912
47 0.206337 0.274605 0.000000 5249.6265707259 16.2901291845 2929.9159479053 1810.2100727346 492.9959270496 0.2000827685 0.0144110853
48 0.142570 0.242257 0.000000 5746.8548878953 69.3706483344 2757.4426945593 2002.5432651724 906.0471436274 9.4454743233 2.0056618813
49 0.195694 0.233244 0.000000 4384.2158485102 9.8468585627 2502.9647383911 1485.9191325097 384.5348600219 0.8528189810 0.0974400444
50 0.288648 0.308495 0.000000 9742.0912071003 41.7072500943 5203.8424601655 3337.2535551713 1152.0859574197 6.1511053174 1.0508789403
51 0.109512 0.214713 0.000000 2225.7831435268 23.5093972089 1223.0285360738 734.3413458997 244.6493448847 0.2378728954 0.0166465747
52 0.153536 0.266506 0.000000 3159.1841131284 18.9520582425 1840.2552913422 1058.0533576997 241.6462593895 0.2445071035 0.0326393565
53 0.089408 0.179886 0.000000 1085.4886079577 0.2132131852 706.0424059882 330.8405421178 48.0522248995 0.2794980404 0.0607237375
54 0.051032 0.160748 0.000000 1494.1368790608 7.2608359306 819.1235577522 541.0901260054 126.5212828310 0.1296630468 0.0114134967
55 0.285944 0.287941 0.000000 8885.9825318628 50.7007924378 4717.8295552533 3098.9419577345 1014.4464974120 3.7228346388 0.3408943884
56 0.255363 0.293046 0.000000 7512.7127505949 46.5357040399 4059.9799388786 2569.4416176168 834.6500338744 1.9070752526 0.1983809447
57 0.264762 0.289285 0.000000 9734.2599945888 133.6115512878 4866.0878505886 3350.9324736240 1369.2073303386 11.7758778858 2.6449108683
58 0.055470 0.157509 0.000000 1190.1748938592 0.2664614842 687.0864255527 422.8600043518 79.9045534667 0.0523452256 0.0051037916
59 0.169638 0.220925 0.000000 3475.1496288979 26.6230823008 1886.9516836070 1180.7841420204 380.0289496127 0.6922867743 0.0694845905
60 0.223644 0.243836 0.000000 6290.8742393322 32.3404428372 3528.1736634657 2178.8630073653 546.9844518866 3.8908305302 0.6218432453
61 0.106677 0.195560 0.000000 3087.9345729653 0.3972240770 1780.1298673310 1075.3898446267 231.8669230227 0.1396343395 0.0110795725
62 0.107551 0.178277 0.000000 1423.9779687882 0.3895756061 912.1815590115 482.9586571449 28.4465082355 0.0015484703 0.0001203259
63 0.133858 0.202985 0.000000 2358.2638788691 0.0093578260 1518.0970043411 787.3792099612 52.7618056702 0.0151245201 0.0013765564
64 0.074129 0.127210 0.000000 1099.7792331432 0.0018771944 730.7522594224 334.7084028630 34.3088169887 0.0072843695 0.0005923156
65 0.253298 0.291127 0.000000 4626.8519833791 0.0958179282 3048.4020004802 1490.5022748571 87.8330302313 0.0173928024 0.0014670938
66 0.092881 0.197547 0.000000 1466.2103311608 0.0263549656 961.2312495543 468.5765680471 36.3731983500 0.0027341947 0.0002260545
67 0.191534 0.229518 0.000000 4895.0074400545 1.6576247527 3022.4084321974 1678.8793609487 192.0330405287 0.0268227586 0.0021588770
68 0.245949 0.305676 0.000000 4626.6161865682 0.4768719300 2794.9848131527 1576.3254710920 254.7511688718 0.0722034518 0.0056580830
69 0.159312 0.189499 0.000000 1147.9817843375 0.0139959715 760.3591792959 347.9984507360 39.6089668000 0.0011064483 0.0000850903
70 0.121504 0.204983 0.000000 2029.7958834951 0.8205415954 1335.6163064241 626.5019429980 66.8527212247 0.0040425421 0.0003287285
71 0.191107 0.220818 0.000000 3337.7144331944 0.0484964342 2138.9494887239 1110.9266802423 87.7814230246 0.0076707905 0.0006739943
72 0.353003 0.321472 0.000000 6367.5610078174 1.0951559663 3879.0326105846 2169.5829170545 317.7449730535 0.0978381856 0.0075129765
73 0.179331 0.213531 0.000000 3846.2941995609 0.1968805854 2339.1594788319 1326.4409859220 180.3522437604 0.1313672527 0.0132432051
74 0.116527 0.185000 0.000000 2029.1541720064 0.0359064240 1226.4872312545 688.7516146781 113.8173772875 0.0574887167 0.0045536463
75 0.156021 0.220922 0.000000 3268.9008745465 1.8798070667 2004.2760423511 1085.5616648193 177.1363816759 0.0435384989 0.0034401538
76 0.093823 0.191520 0.000000 1582.0280430604 3.1944922046 920.1105750184 548.1116926914 110.3477669115 0.2332602770 0.0302559654
77 0.105972 0.201899 0.000000 1740.3710576378 2.5988606204 1097.4532691860 583.1554408689 57.1510231466 0.0115102111 0.0009536120
78 0.162111 0.241898 0.000000 1776.3078089874 0.2966770009 1182.1590040467 553.0942671786 40.7540605687 0.0035059717 0.0002942255
79 0.203415 0.248984 0.000000 4215.2408227434 0.0227482209 2710.8653889528 1424.3409660154 79.9976589386 0.0130347375 0.0010258845
80 0.179608 0.258067 0.000000 4445.7617639338 2.7805732260 2579.4314456684 1567.0211552592 296.2767726806 0.2347354134 0.0170817118
81 0.201380 0.276442 0.000000 4663.1689956159 2.6469448790 2569.4101572084 1628.9590230437 458.4037202764 2.9485869160 0.8005633074
82 0.124950 0.219034 0.000000 2016.1412678860 0.0104585263 1296.9688192379 660.7093687528 58.4424507384 0.0093482914 0.0008223526
83 0.297138 0.355442 0.000000 6823.2965157058 0.5764690728 4065.8238073622 2383.2848010180 373.2086965363 0.3769536370 0.0257880889
84 0.127199 0.198949 0.000000 1132.0125797686 0.0067958079 779.8172935868 339.6633313597 12.5236117625 0.0014459879 0.0001012796
85 0.197947 0.238770 0.000000 2173.5422657047 0.3415811723 1461.6942528248 665.3842853514 46.1125362161 0.0088948743 0.0007152865
86 0.338803 0.348529 0.000000 6499.4682681114 3.7088675047 4199.2641787245 2096.6409789216 199.4843098375 0.3183452661 0.0515878878
87 0.245802 0.326555 0.000000 4597.5278620736 0.3699213569 2869.9588291611 1556.1911021899 170.9299166482 0.0712263324 0.0068663975
88 0.109353 0.197196 0.000000 1218.5365035983 0.0019207009 809.4270720856 387.1861358496 21.9199369277 0.0013622155 0.0000758216
89 0.169860 0.230354 0.000000 2895.6106156317 0.1606690677 1803.7623521322 1002.0357088867 89.6371472308 0.0140461034 0.0006922144
90 0.230403 0.197996 0.000000 3884.4019032696 0.6646790379 2374.6426141027 1304.5459735186 204.5159030637 0.0310423817 0.0016911761
91 0.223432 0.245310 0.000000 5751.2810415363 54.4590665336 3164.5216959254 1955.1087971389 576.2429704675 0.8397882375 0.1087232354
92 0.209141 0.269625 0.000000 5451.4746938782 41.3628445613 2961.6786410255 1836.8673435573 609.5461941437 1.8338293833 0.1858412156
93 0.075099 0.182440 0.000000 1691.7301707255 25.8319610564 923.2546343279 550.2267880489 192.2538294788 0.1545914276 0.0083663946
94 0.060589 0.161480 0.000000 543.2434827104 3.3842236595 306.3558339497 165.8607124256 67.6308340999 0.0113200898 0.0005584876
95 0.267644 0.320520 0.000000 5005.6803183510 8.7605586964 2839.3764871338 1713.9434359634 443.4413583065 0.1497321582 0.0087460984
96 0.107331 0.200933 0.000000 1538.0093373050 4.2417874417 818.6538226823 533.3961118067 181.6407880270 0.0724688823 0.0043584639
97 0.188345 0.290085 0.000000 6424.9089194134 20.4171548941 3335.9963555966 2245.5413921105 819.7947635502 2.8450353486 0.3142179165
98 0.193551 0.294813 0.000000 3960.0688816241 23.4104819852 2115.8238106570 1376.2522510315 444.3285081378 0.2380996612 0.0157301575
99 0.114248 0.196817 0.000000 4148.3503349015 13.7398054796 2098.9962453856 1477.3727133110 556.3847759122 1.7172192597 0.1395755847
100 0.273076 0.352560 0.000000 7938.1800508491 5.9235622626 4455.3683411709 2800.8554891246 672.5484867491 3.0732703049 0.4109012347
101 0.178616 0.228557 0.000000 4631.5334011813 0.6350687079 2523.3242484553 1666.8637085234 439.9896839170 0.6595155111 0.0611760861
102 0.059093 0.157634 0.000000 1056.9295022374 0.5929467690 599.2448051745 380.8305106330 76.2512817131 0.0093420931 0.0006158775
103 0.038575 0.186531 0.000000 102.6435624886 0.0000327499 68.6111328991 31.1164353053 2.9158737569 0.0000820525 0.0000057277
104 0.098957 0.189812 0.000000 1401.5368528387 4.4817302523 822.1002357643 491.4015443434 83.5477884344 0.0052043839 0.0003496656
105 0.219390 0.245687 0.000000 4534.3230639532 0.3593581940 2535.6246198027 1647.3803301764 350.4799765363 0.4374040261 0.0413752304
106 0.071002 0.178732 0.000000 423.5200857471 0.0106151835 301.8323920263 116.3085512017 5.3682330628 0.0002720561 0.0000222247
107 0.067569 0.188032 0.000000 1040.5362175754 0.0237481932 671.3156275461 331.6541895219 37.5374460555 0.0048259523 0.0003803143
108 0.122555 0.208604 0.000000 1460.4122629921 0.0064606100 974.4836854457 459.8626098399 26.0542984306 0.0047963163 0.0004123573
109 0.249019 0.302265 0.000000 4920.8516130938 0.0164304246 3067.4668529376 1679.1204375980 174.2105517492 0.0345872564 0.0027531499
110 0.221388 0.258592 0.000000 4728.8163697152 33.0167509335 2695.5524736838 1634.2711761783 365.1772027973 0.6849725703 0.1137935543
111 0.161307 0.223800 0.000000 3129.5535821167 5.6567427212 1880.5046953796 1100.0297750883 143.3413852685 0.0197285021 0.0012551653
112 0.173800 0.234988 0.000000 5067.1265515883 7.8234745868 2782.8985322091 1766.7424366440 508.3286989010 1.2065093735 0.1268998850
113 0.295677 0.271773 0.000000 4616.5385315046 12.7066619831 2806.7086010342 1548.0180281828 248.1470246073 0.8610733019 0.0971424044
114 0.121595 0.196662 0.000000 3266.1498801711 0.0446446821 1882.2229491906 1209.7968978390 173.7431138956 0.3110256495 0.0312489235
115 0.273400 0.322871 0.000000 3489.7968052379 0.0726610934 2176.1498774143 1190.5627161961 123.0027719114 0.0080628020 0.0007158425
116 0.120584 0.163095 0.000000 1996.0928965911 0.0166599095 1208.1635174190 686.5495773912 101.3540621335 0.0083271258 0.0007526138
117 0.205272 0.246110 0.000000 2693.2970948997 0.0214847458 1704.0829181105 885.3059905452 103.8746748544 0.0111656574 0.0008609957
118 0.185400 0.210811 0.000000 1943.9854593103 0.0089066998 1295.1946471627 613.3977526108 35.3823403153 0.0016860825 0.0001264676
119 0.137313 0.179809 0.000000 1322.2023223015 0.0033542806 894.7530985008 417.1597180078 10.2855533776 0.0005560837 0.0000420558
120 0.257934 0.273184 0.000000 4973.6833534227 1.3864266323 3133.8949074784 1641.7608208180 196.5928265105 0.0452161000 0.0031558921
121 0.143109 0.229113 0.000000 2195.6903882300 0.8707224460 1355.0705039253 749.9007584129 89.8398323688 0.0080726919 0.0004983825
122 0.266725 0.286492 0.000000 5003.1687528897 1.8464980066 3085.7369427418 1698.5186353519 217.0506475009 0.0148116471 0.0012176669
123 0.114401 0.174242 0.000000 2126.6666081438 0.7998181893 1285.6195204255 747.2206240513 93.0183477389 0.0076406632 0.0006570764
124 0.147357 0.226143 0.000000 1526.8401159102 0.1549791813 958.8260721612 509.9566002947 57.8967569461 0.0052365378 0.0004708006
125 0.186143 0.275124 0.000000 3602.9734636411 0.7009729411 2229.1259267038 1194.5990673835 178.3901694008 0.1437080765 0.0136191369
126 0.100240 0.192571 0.000000 1209.7050315261 0.0443050658 763.5909834314 408.4067434659 37.6596349006 0.0031037715 0.0002608994
127 0.246149 0.278466 0.000000 5636.0692580765 5.1861530510 3176.1052069021 2003.9949076232 447.6933547980 2.2068291508 0.8828065672
128 0.213571 0.292247 0.000000 4198.0064486531 2.1762143627 2445.2109016661 1483.6761650785 266.6275122082 0.2767051458 0.0389501969
129 0.139876 0.238125 0.000000 2799.2915965882 2.1155589168 1642.0561484861 993.3812987954 161.7072463047 0.0289236465 0.0024204535
130 0.166680 0.252512 0.000000 7881.1454183224 23.4183416891 4118.0969705601 2738.3370464102 991.0574300941 8.2864494322 1.9491801646
131 0.338522 0.327159 0.000000 8362.4691512605 9.7824868600 4761.1316723291 2925.2266345268 665.1209271405 1.0326326666 0.1747977367
132 0.251205 0.312305 0.000000 5618.4617369284 0.7973307559 3247.2182061639 1984.7183334707 385.5641391359 0.1505793146 0.0131481088
133 0.138718 0.215988 0.000000 2371.7809020598 17.3058592177 1346.4180494408 796.0961991196 211.9278566992 0.0303747225 0.0025628604
134 0.212527 0.268133 0.000000 6566.4821804258 79.1477083776 3382.9781637307 2257.9483837061 844.5973936108 1.7083716918 0.1021593311
135 0.348001 0.290268 0.000000 6278.9971329531 0.9829801364 3631.4575185053 2174.3026197182 472.2150636678 0.0359874402 0.0029635000
136 0.155593 0.202976 0.000000 2876.4578827477 0.5617273539 1800.7745918722 964.5739867096 110.4346439449 0.1028054727 0.0101274251
137 0.199655 0.249792 0.000000 2802.8973573630 0.6465062709 1722.5413989761 974.8121564170 104.8853398004 0.0109756031 0.0009803179
138 0.105427 0.193396 0.000000 1519.4119937462 0.0366108171 1008.0966064680 475.9281519556 35.3484866891 0.0019753170 0.0001625074
139 0.179052 0.260988 0.000000 7344.1599865796 6.8887294851 4027.4462339200 2637.8069088402 665.5376766905 4.6833566777 1.7970809739
140 0.058641 0.167647 0.000000 473.9072770032 0.2393629291 318.0381577410 138.7318319480 16.8933553847 0.0042033080 0.0003657246
141 0.177766 0.235040 0.000000 1664.6874049912 4.8919474161 1120.3903134215 505.4789792254 33.9101843405 0.0146469373 0.0013336692
142 0.052101 0.146772 0.000000 880.9736523638 0.8378357310 575.3307649365 285.5062346228 19.2927347427 0.0055791315 0.0005032260
143 0.148447 0.223823 0.000000 2168.5834728932 0.4473059738 1349.8098147047 739.5705314034 78.7430844690 0.0116872815 0.0010490999
144 0.270069 0.291796 0.000000 3243.5959309222 2.8553372154 2108.8199120597 1043.8280063083 88.0793077512 0.0122442895 0.0011233146
145 0.120874 0.185144 0.000000 1412.2559167515 0.0110450025 933.9666217608 449.6871596210 28.5884747658 0.0024019752 0.0002136288
146 0.230779 0.292496 0.000000 2858.8459279741 0.1791749120 1798.7208156310 959.7669253131 100.1750893124 0.0036383549 0.0002844770
147 0.334049 0.326506 0.000000 8654.2589094710 0.2350511642 5152.1984829158 3015.6753392719 485.9305483094 0.2030705633 0.0164172960
148 0.254692 0.293666 0.000000 7454.9144560811 32.9448141749 4324.3685610453 2494.9210003789 601.3592585633 1.2363117025 0.0845102570
149 0.223252 0.247227 0.000000 5643.9356369610 71.7004860289 3083.4670310976 1953.6306162431 532.8939925735 1.9818149877 0.2616960502
150 0.384725 0.347016 0.000000 8522.4866586429 91.3029291745 4869.5080667169 2746.4541201395 810.5785487881 3.7176797822 0.9253140425
151 0.201804 0.235956 0.000000 2026.4911258138 0.6877930502 1222.6714876749 660.4948319413 142.5929057560 0.0422306522 0.0018767430
152 0.134965 0.231703 0.000000 2037.4554612582 4.7896345804 1212.3934800987 703.3654441639 116.8409276467 0.0629053746 0.0030694048
153 0.272406 0.271659 0.000000 5975.6039785063 48.6957011181 3460.6290572169 1933.5089802848 522.0624331156 8.5755467138 2.1322600710
154 0.199280 0.270762 0.000000 3889.2438185696 15.6457432314 2268.1692175004 1277.2302530160 326.5713825921 1.4631027070 0.1641195638
155 0.187648 0.248443 0.000000 1395.0317114397 0.7595877622 922.5963946650 439.8375706444 31.8207678166 0.0166265062 0.0007640617
156 0.147945 0.215121 0.000000 2168.7496909945 0.0224908253 1396.8030300769 714.3366496441 57.5857154563 0.0017121731 0.0000928313
157 0.010008 0.164284 0.000000 0.2051031234 0.0000021261 0.1320984761 0.0675563384 0.0054460132 0.0000001619 0.0000000088
158 0.263152 0.298555 0.000000 3515.7353235278 0.0452312957 2272.4867185168 1146.6965079146 96.5016762387 0.0048886471 0.0003009509
159 0.088994 0.161885 0.000000 1675.2981481521 0.0055829720 1104.4504355158 531.1882415145 39.6470130378 0.0063902345 0.0004848815
160 0.200923 0.287583 0.000000 1412.6101410645 0.0124836532 849.2601788290 527.5732540220 35.7635247283 0.0006585283 0.0000413245
161 0.311030 0.289028 0.000000 6050.8808574381 0.0863921518 3712.9672180524 2163.5948278154 174.2110212143 0.0201154292 0.0012827905
162 0.128941 0.213113 0.000000 1640.9241120567 0.0369995275 1088.4525352639 525.2500414230 27.1842741588 0.0002470747 0.0000146344
163 0.130397 0.207837 0.000000 742.8698199318 0.0024455600 554.0798607513 187.0678532958 1.7195425795 0.0001087274 0.0000090257
164 0.190834 0.242021 0.000000 4856.4286176692 0.4664193649 3042.9224122349 1681.6076180341 131.3904311567 0.0385439300 0.0031929745
165 0.279128 0.289359 0.000000 5180.1270441402 4.4977932882 3059.2411155426 1813.1845937388 303.1926692079 0.0103812299 0.0004911735
166 0.205243 0.244073 0.000000 4036.5679083019 0.0736158433 2450.6923711075 1391.3623933243 194.3219734040 0.1085656861 0.0089889608
167 0.183885 0.193214 0.000000 3433.0546658682 2.5033905626 2072.1888247039 1177.3841437704 180.9219664574 0.0523251457 0.0040152524
168 0.290520 0.296393 0.000000 6125.4354127830 4.1124809336 3494.5855680231 2148.6775178471 477.9055870110 0.1420639371 0.0121950296
169 0.246156 0.239824 0.000000 5552.7549117201 0.6152361918 3078.6556802141 1978.8274149807 493.1895178188 1.2421863514 0.2248761777
170 0.192266 0.196513 0.000000 1843.5068173555 0.3965458341 1113.9509883369 656.3719660878 72.7813372827 0.0055520060 0.0004278068
171 0.190323 0.225377 0.000000 2561.0531900371 0.3530632179 1542.9308939272 894.2113404274 123.5486262270 0.0086046934 0.0006615768
172 0.144851 0.226462 0.000000 1377.4486883240 0.1284118763 833.2135260746 478.3170682178 65.7867588269 0.0027096424 0.0002137123
173 0.121771 0.193571 0.000000 1923.0109352266 0.2440438043 1138.1375434279 661.7998985429 122.7987188353 0.0283187923 0.0024118310
174 0.149993 0.224993 0.000000 1335.7122520465 0.0614283155 815.1818918681 465.8395768648 54.6282425764 0.0010403633 0.0000720745
175 0.115517 0.245585 0.000000 1934.8203814111 0.0305347211 1163.3796988963 652.0289085276 119.2223561429 0.1455828837 0.0133002393
176 0.130688 0.219479 0.000000 1478.7612462452 0.0045841580 929.3491711006 515.9952635331 33.4104681826 0.0016307059 0.0001286012
177 0.150243 0.249134 0.000000 2705.4787705703 6.0925475338 1677.7967305283 937.1874256111 84.3964896577 0.0051741437 0.0004031119
178 0.116803 0.180584 0.000000 443.0201584013 0.1880395838 327.5443624355 112.3861117020 2.9013140580 0.0003026889 0.0000279559
179 0.334268 0.299487 0.000000 4510.5842328747 0.4083997124 3045.2240088470 1412.2113986678 52.7358874096 0.0042234885 0.0003147584
180 0.171242 0.251437 0.000000 4589.6898143483 0.0250197661 2686.9707480039 1642.8073248348 259.5534384504 0.2989578717 0.0343254366
181 0.161475 0.207463 0.000000 1858.3057202007 0.0051038356 1185.8243267320 632.2012312764 40.2741316198 0.0008830633 0.0000436988
182 0.130495 0.250544 0.000000 1899.8978183145 0.0114133141 1183.3545369588 654.0954068605 62.4330739219 0.0032488410 0.0001384250
183 0.089549 0.233945 0.000000 776.6862215791 0.0003127444 511.2146753882 250.1445561329 15.3259876082 0.0006693584 0.0000203732
184 0.216388 0.266614 0.000000 3134.2360282430 0.0277980011 1990.4907918537 1003.1984008423 140.4844166106 0.0332180131 0.0014029552
185 0.094314 0.199319 0.000000 936.2897367611 0.0017458374 672.3517696170 256.2985336239 7.6375062389 0.0001730711 0.0000083795
186 0.141269 0.236051 0.000000 1816.3406692992 0.0064674037 1167.0127099399 601.8042911323 47.5132361811 0.0038298936 0.0001347695
187 0.053474 0.136328 0.000000 575.4074660923 0.0003554673 389.9852348994 179.1657273591 6.2560652374 0.0000791962 0.0000039361
188 0.224657 0.269310 0.000000 2738.2602195270 0.0011557915 1906.7866253112 810.0693666492 21.4008417056 0.0020519438 0.0001781510
189 0.127484 0.226472 0.000000 2477.9347073775 0.0108895789 1667.8972333187 782.8382035066 27.1744856491 0.0127146293 0.0011807145
190 0.063222 0.126166 0.000000 303.4948803723 0.0001004346 224.5907030829 78.2409270264 0.6630649387 0.0000777864 0.0000071473
191 0.239642 0.274878 0.000000 3953.5622794300 0.0031158273 2704.5448173184 1215.6512848398 33.3593198582 0.0034345384 0.0003070669
192 0.111763 0.203983 0.000000 1219.0610901779 0.0008990192 828.1546087181 377.7755052583 13.1297868701 0.0002706770 0.0000196541
193 0.380620 0.347242 0.000000 9898.7485154739 4.0586878401 5954.8632282928 3406.6806976408 530.5388801610 2.1589798845 0.4480416690
194 0.299319 0.331118 0.000000 7280.5207160240 0.1499774778 4225.5467025717 2588.2254591036 466.1114108546 0.4507985453 0.0363674974
195 0.280985 0.297453 0.000000 3751.4037116378 0.0146293065 2379.6324321358 1227.3793628153 144.3577446328 0.0183856895 0.0011570690
196 0.203865 0.268400 0.000000 3968.4497202264 0.0149077217 2471.1850504971 1326.2049008181 170.9984988194 0.0437440982 0.0026183158
197 0.214540 0.267926 0.000000 3761.5565663494 3.9554994319 2453.1019540346 1189.4627849242 114.9861107687 0.0464590475 0.0037581532
198 0.226640 0.239161 0.000000 5339.2661507542 0.0262474666 3190.2150696244 1914.2444201559 234.6925836948 0.0805903273 0.0072394915
199 0.164567 0.248043 0.000000 2352.6755562007 0.0175398520 1435.6976371613 819.1066717749 97.8490586752 0.0044063985 0.0002423386
200 0.197934 0.220295 0.000000 2609.8733883423 0.0102660418 1620.0233389987 872.0110930244 117.8174269059 0.0105369594 0.0007264290
201 0.225306 0.206735 0.000000 3460.8235059053 0.0371919084 2099.1263353499 1188.8502655414 172.8008090483 0.0082985259 0.0006055303
202 0.215991 0.281753 0.000000 3971.3799978174 1.5858732995 2342.1942974297 1360.3924905232 267.1659306238 0.0387915013 0.0026144485
203 0.124483 0.209692 0.000000 1243.6024131284 4.5264547792 739.7971533153 411.4756373238 87.7986807698 0.0042796322 0.0002073372
204 0.146421 0.232326 0.000000 1380.1277196461 1.7819067475 865.5226448965 451.8032720148 61.0181972267 0.0015897156 0.0001090530
205 0.212975 0.258379 0.000000 3213.8222821335 0.1732957761 2037.5875526378 1071.1888243204 104.8682080702 0.0040781984 0.0003231529
206 0.161703 0.224505 0.000000 2305.5860259346 0.8299657868 1413.6582925586 800.0002802946 91.0929409023 0.0042033086 0.0003431062
207 0.119642 0.221462 0.000000 1099.6010149795 0.0224121820 708.9107352171 368.3880793450 22.2791455668 0.0005964999 0.0000461863
208 0.151661 0.247275 0.000000 1969.3708428126 0.0938323513 1222.1706343588 676.9779788908 70.1260671659 0.0021587636 0.0001713070
209 0.007628 0.122158 0.000000 0.1893698864 0.0000090237 0.1175208194 0.0650965917 0.0067432285 0.0000002076 0.0000000165
210 0.129821 0.178386 0.000000 509.5025939581 0.0001499505 364.5339769015 140.3537667555 4.6145687352 0.0001216153 0.0000100477
211 0.123819 0.180998 0.000000 2343.9476255765 0.4322796990 1436.0324214751 840.9621554207 66.5161035572 0.0043001709 0.0003652692
212 0.123438 0.229746 0.000000 427.2889894528 0.0005350590 266.7638029544 144.2849119329 16.2391751550 0.0005208433 0.0000435133
213 0.301784 0.368165 0.000000 4805.1212225143 0.5622764440 2905.6604160971 1676.5747996653 222.3022420905 0.0197793686 0.0017088545
214 0.186178 0.243825 0.000000 2104.0546807597 0.0049560475 1285.9640938541 725.3048207741 92.7768374430 0.0036549250 0.0003177290
215 0.179849 0.247454 0.000000 6788.1363721717 0.9092648682 3613.6670593707 2483.5158926965 689.0220681277 0.9441908828 0.0778962551
216 0.059236 0.189976 0.000000 634.0198695865 0.2924339668 377.1194988955 221.5460431477 35.0591844184 0.0025982330 0.0001109682
217 0.143458 0.235588 0.000000 2730.4341335365 2.8965765540 1559.1978801125 981.1026555220 187.2030193999 0.0325203988 0.0014815595
218 0.192994 0.231376 0.000000 2367.3540224155 0.8437763102 1442.0851054915 795.3404961226 129.0779843182 0.0063140392 0.0003461729
219 0.225572 0.258794 0.000000 5299.4652937355 14.8541943680 2843.3398149360 1889.0037467496 552.1569249692 0.1047330918 0.0058796216
220 0.221166 0.288820 0.000000 2835.4820066913 3.5624964772 1711.0159136611 983.0804838799 137.8061585826 0.0163432246 0.0006108752
221 0.344004 0.252694 0.000000 5716.9312085563 0.0917391309 3678.1819665695 1916.3690929966 122.2794355871 0.0083038011 0.0006704698
222 0.203744 0.204912 0.000000 2969.7341379734 0.0186104152 1865.6174472514 1018.7675796840 85.3168600285 0.0125601261 0.0010804884
223 0.327086 0.284446 0.000000 3708.9503372220 1.4675416099 2424.0765838083 1192.6117913431 90.7741080171 0.0186090328 0.0017034048
224 0.176716 0.237973 0.000000 2435.0984456530 0.2166365418 1600.8022378877 786.3354153964 47.7377024248 0.0059043033 0.0005491020
225 0.251547 0.234665 0.000000 3360.7592356678 0.0109789074 2286.1595693618 1033.5947983534 40.9864664927 0.0068001611 0.0006224356
226 0.178471 0.267793 0.000000 2025.6697490080 0.0086717626 1279.0336042622 703.0148244285 43.6067766602 0.0053738800 0.0004980414
227 0.202651 0.226667 0.000000 2793.3416486060 0.0167508310 1916.7734184328 835.7805424491 40.7647391727 0.0056725512 0.0005251757
228 0.035590 0.157835 0.000000 10.1126194734 0.0006340150 8.1178014901 1.9658424900 0.0283356396 0.0000053469 0.0000004972
229 0.060328 0.187229 0.000000 281.6711172975 0.0014784689 210.2193200864 70.5865071319 0.8637204412 0.0000835550 0.0000076290
230 0.158090 0.247606 0.000000 3969.3789395499 0.0123669801 2525.9702715563 1333.1315797946 110.2229386336 0.0382862984 0.0034962965
231 0.156531 0.249933 0.000000 1173.1203761338 0.0125923790 825.1469718995 333.7860289164 14.1742521731 0.0004901694 0.0000406135
232 0.148174 0.231941 0.000000 1479.5998636346 0.0084267130 1022.5144181537 442.9160693661 14.1602265583 0.0006683574 0.0000545049
233 0.090737 0.207293 0.000000 717.2538125271 0.0044954445 474.5843217296 236.7675818767 5.8970446950 0.0003394592 0.0000293497
234 0.202683 0.285402 0.000000 1817.8474970636 0.0015676916 1279.7130298013 531.5953476094 6.5372177221 0.0003096258 0.0000246541
235 0.195428 0.241245 0.000000 2316.1133397923 0.0020737475 1694.1860278955 615.8072964858 6.1175841527 0.0003300326 0.0000274872
236 0.336610 0.282029 0.000000 4125.9040432974 0.0512954820 2874.3869260960 1229.0188686386 22.4455863670 0.0012699834 0.0000967703
237 0.129909 0.236431 0.000000 1795.8306691779 0.0062775871 1237.4653538434 538.8560489978 19.4994087654 0.0032970909 0.0002829058
238 0.080981 0.198247 0.000000 711.9391046206 0.0012816902 520.5914417736 190.4324142464 0.9138537582 0.0001036777 0.0000094703
239 0.301495 0.317524 0.000000 5532.1598598359 0.0229413514 3750.9106379258 1670.5394741067 110.6240890010 0.0574429281 0.0052745421
240 0.208184 0.253698 0.000000 2958.4756115845 0.0221711202 1956.5041108573 987.4109677887 14.5380109031 0.0003247304 0.0000262018
241 0.076142 0.191393 0.000000 1349.7565757234 0.0041181999 893.9431962111 443.7693923587 12.0393515613 0.0004781771 0.0000392508
242 0.299579 0.336236 0.000000 3626.9641843124 0.0522025906 2434.4915811598 1152.1078033411 40.3081397565 0.0041110187 0.0003464856
243 0.168800 0.204397 0.000000 1820.1650320926 0.0381147066 1200.6334396544 599.7921725018 19.7003224652 0.0009009163 0.0000818838
244 0.084056 0.196658 0.000000 732.7461685704 0.0231837706 500.5859638502 220.7409523749 11.3954263873 0.0005879605 0.0000542644
245 0.208367 0.281305 0.000000 4869.5129011116 7.8609004193 2939.6485495354 1663.3378719989 258.6270535731 0.0359338322 0.0025917617
246 0.165619 0.210635 0.000000 1413.1383750893 2.4126158055 930.4478468732 450.4116599953 29.8622047900 0.0037527555 0.0002948730
247 0.157697 0.219602 0.000000 1875.0060859472 0.2231078695 1190.4623492415 608.1934455433 76.1215800998 0.0053038404 0.0002993601
248 0.163975 0.214085 0.000000 1732.6678329787 1.4478537424 1102.0199842463 553.5380544884 75.6583506781 0.0033937685 0.0001960661
249 0.264726 0.278292 0.000000 4326.2903519519 30.6304224102 2536.9473867647 1390.6127637280 368.0012978667 0.0884166415 0.0100645501
250 0.336794 0.330998 0.000000 7636.8763962177 117.8388439745 4239.3072901278 2389.5961313843 885.3780752140 4.2507220132 0.5053335126
251 0.264793 0.240077 0.000000 4267.1090438079 82.5282923672 2506.2917683850 1275.5490434258 397.4588249902 3.7485766874 1.5325379677
252 0.174507 0.205818 0.000000 3044.3723296317 24.8452062176 1724.0850472757 975.7265249573 312.5134472647 4.9190078345 2.2830960741
253 0.313317 0.311277 0.000000 6782.8583815699 41.6765764595 3869.8528369184 2249.6588239706 618.5043120104 2.7248499177 0.4409822896
254 0.095738 0.176813 0.000000 1043.2954695918 8.8042624476 616.0360682453 325.6002890746 89.6134339315 2.4244096102 0.8170062813
255 0.222854 0.246976 0.000000 2827.9044385707 9.9202328062 1663.4157188590 846.6318391977 300.9266296776 4.6289698453 2.3810482140
256 0.168917 0.231908 0.000000 3753.2971207465 28.9804915428 2089.5018117305 1171.0358337107 459.7214478556 3.0672775385 0.9902583559
257 0.139532 0.245181 0.000000 2198.2491605368 32.6863993181 1237.4233154680 685.8542227237 230.9035886362 6.7082337843 4.6734006210
258 0.249368 0.273469 0.000000 4874.8306080385 30.0475528867 2686.6663332518 1565.4994359185 589.9247962124 2.0115780240 0.6809117658
259 0.297473 0.272892 0.000000 5984.1336223202 22.7038202498 3449.0568143132 1905.0381154076 605.4157341402 1.7163927637 0.2027454933
260 0.158105 0.228929 0.000000 4748.8148619554 99.0120462743 2507.0407599682 1533.3022349235 605.9886331379 2.7870805940 0.6841070573
261 0.118698 0.213796 0.000000 1769.7182302771 6.1947422839 1047.7419960294 542.4930818558 172.6798659470 0.5192505173 0.0892936462
262 0.323071 0.303970 0.000000 9078.3026463912 60.3454809839 5078.7361781618 2986.7645527100 940.4957896626 9.5995433646 2.3611015359
263 0.179901 0.214719 0.000000 2425.0354155868 0.1761542558 1399.6188203599 772.0550619250 253.1482380459 0.0351827801 0.0019582319
264 0.161308 0.262289 0.000000 2216.9879791616 3.0375835120 1413.6364711266 645.4192936902 154.7946190148 0.0937959701 0.0062158607
265 0.310129 0.300761 0.000000 9774.9910569024 186.7864408064 5375.0339602051 3181.4658691037 1019.6635136790 10.8567515694 1.1845215650
266 0.347894 0.307169 0.000000 8497.4557017306 6.8801921829 4910.0501589291 2975.5765033570 604.1870368791 0.7002295943 0.0615807944
267 0.210634 0.249385 0.000000 3843.9199458932 0.5757630316 2229.9227115660 1371.9060907003 241.4802516024 0.0331498381 0.0019791725
268 0.129807 0.201799 0.000000 3025.7735698796 42.6288531889 1632.3945070173 1095.2674199349 254.8391012362 0.6018089256 0.0418795848
269 0.224147 0.278797 0.000000 6051.3855186946 118.5251609447 3195.7786318916 2153.2058483552 582.2855045804 1.5021912407 0.0881817150
270 0.217647 0.265233 0.000000 5189.4258459686 50.0736556895 2823.4279010495 1833.5572048305 479.1373967577 2.9578870785 0.2718005956
271 0.070287 0.175628 0.000000 3696.6376434943 0.0659847382 1921.5322745962 1336.5878810400 437.7245646015 0.6689734893 0.0579650614
272 0.249314 0.256769 0.000000 3666.1687766769 0.0793696326 2321.5901837805 1208.6850121252 135.7977616273 0.0158938769 0.0005556559
273 0.126620 0.243066 0.000000 712.8125002075 0.0007565006 485.4868600564 221.9155202160 5.4089461338 0.0003890631 0.0000282405
274 0.245344 0.292794 0.000000 3957.0993249126 1.0170140788 2454.7884971595 1346.5284613512 154.7278680686 0.0349993285 0.0024849388
275 0.370893 0.362696 0.000000 4863.7782876232 15.0338012448 3106.4753369042 1585.9622033350 156.2705732614 0.0333041814 0.0030687125
276 0.141401 0.231053 0.000000 1301.5209397135 2.3666839145 846.6937073634 411.6774559619 40.7774837373 0.0051301900 0.0004785523
277 0.169584 0.240195 0.000000 2035.9124480068 6.0800232409 1349.5374993657 607.7062370930 72.5435573163 0.0411717101 0.0039593029
278 0.148020 0.235259 0.000000 2398.1033396721 6.2922727751 1572.3633152446 738.2096774053 81.1822159943 0.0510849732 0.0047732927
279 0.006127 0.118665 0.000000 0.1735325472 0.0004553196 0.1137799174 0.0534187487 0.0058745194 0.0000036966 0.0000003454
280 0.183333 0.221657 0.000000 1906.3098050044 4.9784751505 1323.4107906793 545.7835712871 32.1326993300 0.0039114229 0.0003571447
281 0.084485 0.224641 0.000000 309.6550233960 0.0287294739 204.3233365298 101.0324743595 4.2703960352 0.0000797200 0.0000073092
282 0.053366 0.154716 0.000000 520.3017668643 0.0005585107 348.1968690320 166.2322083241 5.8719602136 0.0001564295 0.0000143738
283 0.126772 0.237597 0.000000 1919.6220357707 0.0053799003 1234.1842880011 638.7749951168 46.6557775798 0.0014615624 0.0001336380
284 0.143053 0.200778 0.000000 3457.5808970987 19.7410553452 2020.7045315179 1237.3212730005 179.1694868675 0.5729125898 0.0716377968
285 0.145907 0.228999 0.000000 1967.8980834051 11.7797265473 1201.8978153839 655.4198180559 98.7903928836 0.0096750973 0.0006554855
286 0.145699 0.258786 0.000000 1421.5041021885 1.7925100243 902.8942551331 479.6628082097 37.1524966844 0.0019073127 0.0001248577
287 0.121639 0.248015 0.000000 1347.8244944358 0.1643277676 833.7258297782 436.3741533280 77.5535706368 0.0063007115 0.0003122214
288 0.189266 0.238599 0.000000 3423.8148019419 11.9792552900 2006.6336162674 1142.4494345725 262.6928283280 0.0563914509 0.0032760637
289 0.331153 0.371991 0.000000 6090.9909628643 51.1675005076 3446.3763680945 2173.1777694129 420.2003959398 0.0641938241 0.0047351349
290 0.109395 0.181860 0.000000 570.7440029562 3.2470985428 355.1975387231 192.4134511854 19.8851756734 0.0006924096 0.0000464452
291 0.275263 0.311784 0.000000 2059.2067000300 6.5726981094 1279.0450075353 659.0283248739 114.5509027322 0.0090645503 0.0007022509
292 0.130070 0.229695 0.000000 2612.1492865461 20.2411098489 1568.2954972972 813.6675928127 209.7696304002 0.1618762299 0.0135799677
293 0.168133 0.236168 0.000000 3237.7427267897 36.6077811662 1834.0956020654 1079.8396685894 287.0142258413 0.1726550297 0.0127940965
294 0.185848 0.257120 0.000000 1615.7357352219 10.9416856727 1008.7083650544 512.2096799687 83.8217000189 0.0502603048 0.0040442254
295 0.152286 0.214563 0.000000 2706.2519477583 0.4017484481 1578.9085550475 917.1138892451 209.7787893110 0.0452791866 0.0036865190
296 0.212502 0.256954 0.000000 3836.1200753372 47.4276572321 2195.5592779511 1224.5036477448 366.2840059684 1.9947964648 0.3506899973
297 0.135153 0.192395 0.000000 2535.0209150117 32.5235020570 1494.4979582875 818.8544365170 188.7452734814 0.3058454202 0.0938992629
298 0.179845 0.216955 0.000000 2781.4373720191 0.5190080413 1659.9996724739 1007.8807241344 112.8352839823 0.1862578069 0.0164255961
299 0.206339 0.223888 0.000000 4519.2727590997 0.8427320988 2598.0713610706 1588.3124721554 331.9296156767 0.1070421858 0.0095359170
300 0.193493 0.295631 0.000000 3606.9203089533 8.9627830136 2047.5856124251 1229.7588726509 320.4522104095 0.1481247195 0.0127057528
