1 0.638790 0.612400 0.000000 21484.2623641799 448.6485645852 11980.9307965028 6909.3894971280 2102.2180152365 30.8007779756 12.2747127521
2 0.771352 0.703010 0.000000 32640.0465782763 259.4531910959 18404.0735063615 10941.9167136861 3012.4436336494 19.1181269513 3.0414065346
3 1.069074 0.944329 0.000000 55933.0529130720 885.7368732738 29089.3108913129 18803.3886467332 7082.8180987467 60.6101338934 11.1882691185
4 0.997879 0.889173 0.000000 48993.5297651473 464.5145634396 26254.6873073798 16568.3191205269 5635.5487694706 54.9642627348 15.4957416080
5 0.711151 0.701061 0.000000 28772.7831523159 161.8953637540 15793.1038084262 9912.3655806970 2886.4456838624 16.5679726739 2.4047429162
6 0.930275 0.806789 0.000000 35465.0645988550 43.1475489049 20293.8625998805 12221.2636041648 2891.8521914901 12.7586915990 2.1799628298
7 1.160334 1.050645 0.000000 60662.3328681471 374.6156290467 31628.2061320523 21178.4717110641 7397.3165305437 67.7461692170 15.9766962405
8 1.014831 0.860818 0.000000 37663.3794209556 458.1422829153 20911.1488578624 12526.8639845749 3751.9893969301 12.5893369507 2.6455617394
9 0.946575 0.778842 0.000000 36172.8316133091 720.0527146793 18423.8131413834 12058.9354477108 4920.3922656788 42.3880023898 7.2500414763
10 0.656421 0.600923 0.000000 24568.8319253583 532.7445798361 12236.8756225159 8137.1587459833 3614.7589870158 39.5061790264 7.7878109913
11 1.046143 0.812987 0.000000 34421.9270364131 280.4304313270 18921.1495469088 11740.1851509894 3465.5936658579 13.1657294135 1.4025119190
12 0.708447 0.640150 0.000000 23384.8116293682 312.1436698463 13002.1234535752 7997.5367932511 2057.8683566091 12.1457551299 2.9936009613
13 0.913662 0.806853 0.000000 35878.4659009706 183.8685209303 18753.8612639600 12762.0883817559 4150.4317472955 25.1784687327 3.0375183033
14 1.053708 0.835325 0.000000 39344.7319526886 135.0308060128 21671.7179446673 13773.7166924097 3751.1699061099 11.7040049912 1.3925985208
15 0.885690 0.714321 0.000000 23125.2726667858 20.1464892187 14263.6410903436 7857.1211146813 983.2497105192 0.9704142790 0.1438477610
16 0.959721 0.752457 0.000000 29295.0646593329 19.2039634362 16642.3400501662 10432.2108959997 2198.7356177457 2.3587509024 0.2153811202
17 0.789419 0.683002 0.000000 21902.3460529678 10.2210839294 12204.2282053142 7696.1226703683 1988.9981361071 2.4784288894 0.2975283906
18 0.922621 0.794299 0.000000 26577.3265387391 108.6417784795 14574.9440989363 9226.1910914134 2657.3738923737 8.7612610104 1.4144165609
19 0.872542 0.725622 0.000000 25414.8682099156 123.3548488950 14287.5168155801 8635.1184853165 2354.3168048430 12.1108428460 2.4504124440
20 1.085819 0.879375 0.000000 36711.3405197804 149.1392373670 20322.6303658430 12657.1045985201 3565.7987918208 14.5681265480 2.0993997190
21 0.890762 0.786908 0.000000 30882.2708592756 177.1983164583 16479.7709190778 10779.5984732078 3428.8952343501 14.9344128449 1.8735033739
22 0.875372 0.757908 0.000000 24620.3853532253 40.1597147676 14554.5444072250 8308.5101382276 1706.0953365581 8.5003837308 2.5753727363
23 0.888503 0.726029 0.000000 23640.9049465555 236.9092293807 13169.8351978118 8007.6125143924 2221.7922869093 4.4293086411 0.3264094529
24 0.623596 0.625037 0.000000 27420.9923005094 530.5594181001 13373.0592745528 9235.8377649804 4219.3352049550 51.2056428998 10.9949950716
25 1.178627 0.992189 0.000000 40198.2129801792 131.8578530321 22532.5719498894 13884.1416054912 3628.7262827400 18.9709516204 1.9443374738
26 1.091707 0.816199 0.000000 26785.7613206013 36.5350824095 16443.7228570222 9033.5637851878 1271.3811216807 0.5083830981 0.0500912453
27 1.027873 0.874666 0.000000 36886.7058651522 102.9040400163 20635.9707826182 12893.4803339372 3245.8799654597 7.5405404228 0.9302027471
28 0.945039 0.800816 0.000000 33417.0615130866 339.7756725072 17218.6837580408 11451.5599093177 4387.4873582989 16.8420023103 2.7128126652
29 1.019758 0.910524 0.000000 36698.6640611947 876.3203776201 18348.7787630686 12273.8393129367 5123.2160326308 63.7174809258 12.7920940340
30 0.915682 0.711819 0.000000 30029.0152948860 549.1426423852 14817.1545847078 9968.9560245059 4621.9470875926 54.5567764533 17.2581792648
31 1.007189 0.813939 0.000000 29428.9016119154 244.8999716328 15870.9997662698 9925.0001130337 3351.2182319620 28.6565932981 8.1269357756
32 0.734708 0.665507 0.000000 17649.5321975882 32.9608760208 10190.8000504847 5972.8112505493 1450.4088636049 2.2905158594 0.2606411228
33 0.888106 0.705012 0.000000 23113.0504857913 4.9745864593 13860.9188452782 8086.9006043490 1159.9781842691 0.2571266418 0.0211388475
34 0.975147 0.828927 0.000000 27536.6981741589 63.9049582292 16097.3739210319 9655.1007151843 1716.4443075020 3.2160107889 0.6582615319
35 0.874875 0.769212 0.000000 23716.4422301884 103.7929998558 14744.7650911588 7735.0975973798 1131.9815205753 0.7564423490 0.0485789856
36 1.040935 0.879552 0.000000 24178.0042723750 1.9449156309 14387.2634119312 8492.7926788157 1295.3850729337 0.5618363323 0.0563567940
37 0.898545 0.760074 0.000000 17616.9434890760 2.0898547854 10794.3931284145 5924.6939965472 895.0153341426 0.6927679463 0.0584073309
38 0.656205 0.487260 0.000000 11177.9909619041 0.0356551157 6949.9088119090 3891.0036826551 337.0057348472 0.0344962323 0.0025811858
39 1.291033 0.882993 0.000000 34119.8009263255 45.5581709536 18894.9971326773 12052.2891204561 3122.4319193451 4.2553720664 0.2692108927
40 0.983458 0.772515 0.000000 26379.6392944223 26.2350393219 14853.6816685874 9166.5889759760 2327.0040878156 5.3527573797 0.7767655385
41 0.934325 0.748650 0.000000 23613.5879815468 29.7162441265 13175.7221825446 8393.8419115061 2011.3971195253 2.7002018302 0.2103220915
42 0.872044 0.733038 0.000000 22088.8558622731 95.1401464333 12038.1500275803 7791.3705589948 2163.6465895579 0.5234925762 0.0250472289
43 1.089745 0.958204 0.000000 32240.2369984934 42.6056309355 18205.3155194064 11518.2218884346 2470.5207065263 3.3439390349 0.2293142517
44 0.970852 0.701301 0.000000 19783.9236546901 0.0545563419 12890.8316520190 6445.8534915144 447.1308576635 0.0494131076 0.0036841661
45 0.669042 0.558208 0.000000 10597.5944103043 0.1473068331 6886.0567001006 3441.6269412820 269.7236043387 0.0375798888 0.0022779152
46 1.107434 0.856106 0.000000 25287.9803326325 107.1655989755 15495.7153268315 8530.2364194605 1154.4333607958 0.3945849671 0.0350417222
47 1.055188 0.883719 0.000000 34503.3365790021 203.8286850375 18242.4646861730 11868.0457385678 4174.8227161822 13.0754002389 1.0993528573
48 0.948183 0.803725 0.000000 19022.2762633427 7.3690065659 12102.7892529628 6275.3215013052 636.3194968735 0.4511829401 0.0258228854
49 0.679956 0.625850 0.000000 11489.8180200594 0.0460842147 7738.4494375406 3559.6913733689 191.5825193319 0.0447573021 0.0038483847
50 0.954143 0.873343 0.000000 21401.1773498277 0.0568562920 13312.9730491980 7317.6414478395 770.0804045406 0.3861614898 0.0394306487
51 0.810522 0.652978 0.000000 11650.4318004893 0.4456364554 7884.6323269321 3483.0269606884 281.0566083658 1.0294193656 0.2408487913
52 1.076380 0.905200 0.000000 20777.2685998513 25.3529750288 13158.2796790536 6680.7644845576 910.1060529755 2.3718660237 0.3935423301
53 0.826197 0.728845 0.000000 13467.7161993730 3.3694385711 8420.6988760999 4444.5603454581 598.9744099307 0.1053414482 0.0077879630
54 1.005548 0.798569 0.000000 18854.5891052288 28.1091283574 11540.9441419512 6129.5463691330 1155.7569180798 0.2189841675 0.0135636007
55 0.998033 0.813104 0.000000 21203.2944123836 22.1438800074 12814.3128155023 6891.6253899775 1474.0083604984 1.1154998129 0.0884666196
56 1.038183 0.786293 0.000000 25790.9075717347 433.6897264855 14027.9213776724 8612.7262818068 2705.5551866946 9.0938353159 1.9211637828
57 1.063232 0.871024 0.000000 42280.0204952328 1550.5796971178 20563.5960684871 13809.1183066879 6212.5562135265 114.0734896801 30.0967197578
58 1.052768 0.724593 0.000000 38017.3800123862 465.2857901796 19110.3159007017 13219.2138903261 5171.6738570405 40.0740927709 10.8164814413
59 0.737147 0.537398 0.000000 17880.6193051853 35.0296839355 9738.7053447769 6376.7038950457 1723.9375348569 5.4907364994 0.7521101933
60 0.955124 0.740514 0.000000 33880.9002111704 223.8453217019 18519.3106653846 12029.3860709042 3091.7147489644 14.8578018936 1.7856024505
61 1.003339 0.776319 0.000000 27537.0352871824 95.3373417064 14844.2249453180 10107.6221263069 2487.8903482888 1.7462814505 0.2142442599
62 1.047669 0.843166 0.000000 24350.8898333442 280.5969276471 14219.1325671182 8326.1000287285 1524.4435293628 0.5783473989 0.0384331860
63 0.672451 0.610232 0.000000 11107.8662086676 7.9998704080 7106.6092946213 3615.7133954303 377.3896528695 0.1416849581 0.0123104423
64 0.806603 0.652174 0.000000 11371.4033619624 7.4521053298 7349.1539158075 3699.8766268888 314.1388043439 0.6349473971 0.1469622223
65 0.786075 0.639320 0.000000 14185.2421016790 12.4350201382 8861.5878729792 4715.4940716629 593.0122298050 1.9320930813 0.7808140635
66 1.151742 0.852432 0.000000 22664.4529461145 137.3459673649 13904.3496508252 7490.8667980910 1131.4246234234 0.4558365994 0.0100698815
67 0.927898 0.809482 0.000000 17083.4705991979 17.1573700559 10516.2950895627 5759.7577542472 788.7425262227 1.4381852175 0.0796739845
68 0.762578 0.643127 0.000000 11161.5897979076 0.6550332146 7089.3007009074 3814.6760661507 256.9464334902 0.0107513796 0.0008128213
69 1.080984 0.797025 0.000000 18387.7743375934 2.1738513737 12157.6379771799 5959.2981408025 268.4363330225 0.2121464882 0.0158888309
70 0.720776 0.627128 0.000000 13699.1188269091 0.0379345198 8522.0802922320 4656.6469676735 520.3198196912 0.0321005801 0.0017122725
71 1.074314 0.879171 0.000000 24220.3055784491 1.1302858930 14199.5941509894 8500.7108807248 1517.7600931855 0.9996884633 0.1104792903
72 0.849961 0.710025 0.000000 17937.8348243962 3.7812664831 10788.4346025345 6095.4496758724 1047.9256948001 1.9297128735 0.3138719106
73 0.781580 0.671474 0.000000 11769.4676859472 33.7452358817 7210.1431744713 3929.8740384987 595.6133694241 0.0852414031 0.0066263474
74 0.641849 0.551644 0.000000 10506.8003382436 1.6036937585 6610.4626532487 3469.3277223515 425.2630688823 0.1325739332 0.0106261384
75 0.948744 0.746179 0.000000 14111.6985451158 0.0569694248 9363.3301742292 4520.8283843494 227.4716448074 0.0106457646 0.0007266634
76 1.055966 0.867124 0.000000 24832.7290294949 0.1462804326 14870.2237505001 8761.8707634885 1200.1501777480 0.3158198013 0.0222376579
77 1.167173 0.809816 0.000000 23139.5003612123 0.8954264647 14170.1028504536 7917.1834532009 1049.7940863536 1.2179830010 0.3065618714
78 0.941802 0.733817 0.000000 26497.3624256234 0.1241666929 15533.4788165025 9507.9260829447 1454.5769705189 1.1291881922 0.1272008495
79 0.956266 0.824484 0.000000 18692.6098591151 0.1905210617 11867.5412838583 6179.8218214216 644.7694851673 0.2649988967 0.0217488290
80 0.744373 0.657959 0.000000 13226.6545308440 14.1416154043 8817.2864908212 3997.2659449306 396.9155319388 0.9249861712 0.1199616514
81 1.161316 0.811845 0.000000 24677.5384562955 3.3444819362 15836.3554102721 8009.1314034739 827.5811078294 1.0281239492 0.0979290204
82 1.023939 0.732857 0.000000 25137.1120112607 28.0092820692 14619.5038133050 8762.0021364213 1726.4165798748 1.1138390627 0.0663607380
83 1.142790 0.825293 0.000000 33840.5735165087 118.6138775330 18238.9012715170 12006.8674542831 3472.6075043187 3.1813261254 0.4020829203
84 0.844204 0.740034 0.000000 16090.4110169920 1.3260994763 10035.5080167538 5492.2375273810 561.2839604775 0.0530213499 0.0023917851
85 0.610571 0.563057 0.000000 12151.5860647104 35.7650012890 7007.9269987559 4235.4609926752 870.9152287343 1.4035474910 0.1142958884
86 0.983764 0.820961 0.000000 22983.0588259850 131.6058712133 12076.9139104845 8116.8974913586 2655.5672322414 1.8898451192 0.1844757454
87 0.521272 0.572446 0.000000 8083.0627036401 130.9140850347 4421.1490339767 2750.6493966330 778.7810729741 1.4993982752 0.0697168458
88 0.943762 0.731044 0.000000 16257.0291046127 160.4160073268 9341.1011594138 5369.9799742529 1383.8272271453 1.6042797107 0.1004568067
89 1.156108 0.803362 0.000000 19982.3511933667 17.2501390634 12213.9694402147 6685.1821222514 1064.7851825241 1.0241624605 0.1401469915
90 0.711596 0.608993 0.000000 9547.5498958608 0.5329879985 6194.1673187572 3100.3772510915 252.3922689494 0.0734349701 0.0066341863
91 0.597006 0.520235 0.000000 7569.0424530839 12.7533340136 4930.4449869803 2455.6056036846 170.1565010188 0.0744938137 0.0075336441
92 1.079102 0.830135 0.000000 18105.3682984831 121.4751022397 11120.8130544607 6066.8667504149 794.9581754233 1.1178974203 0.1373186629
93 0.910939 0.738985 0.000000 13554.5919337309 83.0079824918 8442.3983482948 4319.2834941759 708.2003963565 1.4886116594 0.2131008718
94 0.989463 0.821041 0.000000 13895.0938523016 39.9538154531 8808.3460927199 4544.9155037169 501.8150268860 0.0583141950 0.0050994987
95 1.082570 0.869800 0.000000 19694.0898129306 34.2017665490 12148.7846338223 6439.8800441893 1070.8744074424 0.3178629542 0.0310981228
96 0.951898 0.792229 0.000000 14980.1525190708 23.5742161523 9515.0552348037 4708.6873299801 732.1652075298 0.5994149581 0.0711157762
97 0.969640 0.803846 0.000000 16199.6034360297 16.8229365767 10093.2945213442 5228.0220580919 860.4398109414 0.9410047281 0.0831045910
98 0.936465 0.796668 0.000000 20601.9282889317 0.7408828105 12733.8236643310 6798.5142984806 1067.3101664971 1.3451613080 0.1941159525
99 0.650744 0.599875 0.000000 9394.3065305947 50.7123655452 5710.5537296200 2926.2214381338 704.7172275757 1.8122462422 0.2895236697
100 0.817247 0.726429 0.000000 18517.7894240594 29.2199552427 10944.7801399988 6061.9710256448 1476.0272508807 5.0074983813 0.7835540587
101 0.877901 0.795765 0.000000 26198.3941070337 255.3903326998 14663.0267538132 9103.1861182303 2148.8260680294 22.2880120248 5.6768224045
102 0.774523 0.733495 0.000000 18720.5415799136 127.3731352246 10623.9752992389 6429.3266263853 1527.8170570619 10.0836972571 1.9657648163
103 0.962248 0.824362 0.000000 21476.3052838616 147.0322264440 12223.2863515104 7212.0369009214 1889.0508413886 4.6171851797 0.2817784867
104 0.743363 0.661524 0.000000 15070.4312162727 7.1450295125 8698.1675349552 5317.9881899983 1046.6540189398 0.4442903041 0.0321527014
105 0.903767 0.729926 0.000000 14462.8233926711 0.3527213425 8880.1633112691 5120.1386355457 462.1093768538 0.0550592351 0.0042884972
106 1.187809 0.898706 0.000000 23344.5976385406 34.2740302686 13930.4460126709 8106.3834723564 1273.1061963420 0.3547682278 0.0331588825
107 1.247294 0.938199 0.000000 37813.0982231898 6.8444784881 20302.9405402987 13852.4597033876 3649.5594485029 1.2301617352 0.0638913113
108 0.988867 0.827078 0.000000 27524.8394028306 2.5282584061 15071.7280865169 9994.6470746093 2454.1881048502 1.6060930614 0.1417856904
109 0.767209 0.644117 0.000000 10993.5712583570 1.8344143669 6385.7614592627 3896.0813997980 709.8401547556 0.0509398977 0.0028904725
110 1.037736 0.807586 0.000000 21830.3824653959 3.6635153892 12657.1274529567 7672.0095405253 1497.2015157221 0.3617217253 0.0187192697
111 1.038723 0.812282 0.000000 22455.0787560174 1.8076079056 13041.2919215214 7849.8911202406 1561.4836147115 0.5595456041 0.0449462110
112 0.823491 0.611487 0.000000 11256.2922398649 5.4042751457 6635.2163199030 3993.3879313238 622.2430504679 0.0379209813 0.0027422072
113 1.179800 0.879986 0.000000 24451.6872527881 5.3311154209 14825.8267988926 8476.3094661762 1143.2927729447 0.8402362191 0.0868633261
114 1.072836 0.829573 0.000000 20604.6551236748 14.5325732132 12046.4376626835 7338.1590429141 1201.1893522228 3.3048143670 1.0316784189
115 0.955907 0.779101 0.000000 18012.1843630113 1.7344824085 11390.6630408485 5986.1489307915 633.3578767394 0.2565437357 0.0234888669
116 1.223639 0.918572 0.000000 26910.6164934966 8.4394080177 16237.4556990817 9453.8359316901 1210.6126368540 0.2480760007 0.0247420894
117 1.107321 0.888822 0.000000 20461.5502909295 0.6428386518 12699.0842601673 7013.3411175492 748.2463433760 0.2096244502 0.0261070177
118 0.805905 0.714415 0.000000 15711.9871163165 0.2392093889 9819.1760831477 5323.6212136547 568.6430718195 0.2735819838 0.0339564544
119 0.677325 0.626973 0.000000 13740.8693549285 1.7037766006 8446.9854359906 4523.2795405115 766.4140302155 1.7881972119 0.6983746291
120 1.089019 0.908769 0.000000 22785.1633657281 31.8787587965 13838.2395363003 7696.7334251712 1216.2614249766 1.8189162777 0.2313043555
121 0.961315 0.753604 0.000000 15830.5002828390 0.0609440203 9342.3627725220 5242.4429889281 1245.4431045820 0.1854434376 0.0050296965
122 0.684048 0.574465 0.000000 8693.2182507394 0.2485942286 5589.0735762913 2720.8822273062 382.9835768181 0.0295049622 0.0007714060
123 0.766282 0.665987 0.000000 12068.5716684668 0.1646861511 7352.5342706024 3789.7447645678 925.8975284048 0.2218488937 0.0085699791
124 0.939468 0.731753 0.000000 13604.1594201322 3.9295680487 8807.5290245739 4310.6308878044 481.9737818855 0.0905654638 0.0055927267
125 1.086919 0.773464 0.000000 23402.3980537806 73.0271491142 14114.4508693260 8047.8568109447 1164.9616542514 1.7667332259 0.3348373309
126 0.874316 0.806199 0.000000 26073.5664374780 78.9655667225 14242.1944590823 8887.1412869458 2861.3011559480 3.7365200065 0.2274488751
127 0.865593 0.710680 0.000000 14991.6315690844 68.7955019208 8909.3563873660 5067.9776563666 944.9356925570 0.5413914130 0.0249395939
128 0.866420 0.713370 0.000000 17833.1130717158 47.0391465690 9719.6890314174 6188.1904353998 1876.2380104513 1.9066548369 0.0497931014
129 0.876391 0.731476 0.000000 13297.0826568246 51.2506224227 8156.4331799373 4568.3129155426 520.6288423900 0.3956776887 0.0614188941
130 1.129017 0.813048 0.000000 20550.5449527020 0.4335930980 12590.1984715343 7334.5056941237 625.3087769271 0.0928981232 0.0055192084
131 0.982069 0.783693 0.000000 22643.7518097746 82.7900444910 13116.0165727094 8015.8794958185 1428.2091338250 0.7189838520 0.1375791468
132 0.870235 0.653932 0.000000 16899.2603293187 1.3237123158 9982.5190005763 5944.8103035029 970.3413748236 0.2414956436 0.0244425903
133 0.676521 0.548741 0.000000 8542.3190751505 0.2069307160 5034.4693737011 3012.2764968695 495.3428684384 0.0217558361 0.0016496528
134 0.929867 0.672445 0.000000 17066.4337395012 0.2685985062 9933.9478287793 6078.7847023974 1053.3274140887 0.0979296621 0.0072661056
135 0.912946 0.664064 0.000000 11244.5955906961 0.1206606457 6943.4275799581 3929.6025805799 371.4267207009 0.0170415680 0.0010075473
136 1.246197 0.853096 0.000000 25539.0950764846 7.0142496863 15604.9405719822 8898.6040634565 1025.7930663435 2.1525323372 0.5905929109
137 0.944740 0.715309 0.000000 12381.7007330273 0.5648315270 8130.6147220074 4028.6174496232 221.8439382587 0.0549012211 0.0048904988
138 0.943638 0.746474 0.000000 10001.7299514002 0.6788913575 7228.3892660654 2666.8657260496 105.7596817909 0.0332951527 0.0030912535
139 1.084237 0.804602 0.000000 12937.5621548503 2.5682614214 9114.3674674261 3637.2714636307 183.2413085683 0.1041068155 0.0095471372
140 1.116285 0.927775 0.000000 18395.0248309947 297.0854641818 11202.7955422920 5935.1670981635 955.9648239095 3.5878799582 0.4240226141
141 1.137414 0.878925 0.000000 20442.1594400381 208.5251511689 11955.3537049656 7055.6315518520 1222.0716892772 0.5371005362 0.0402424464
142 0.880425 0.792515 0.000000 22645.8274310132 346.8732773636 12038.0622014933 7873.3749206950 2378.4407466474 8.4894258952 0.5868591273
143 0.725307 0.697705 0.000000 17584.9393620651 5.3292939596 10444.5958336707 6062.4162111274 1071.9167239754 0.5984212790 0.0828782097
144 1.040616 0.876317 0.000000 24180.9619329487 0.4317181221 13506.4382600273 8875.8701712008 1797.4046539962 0.7588023392 0.0583274836
145 0.987857 0.828402 0.000000 17923.5263200526 0.2497588112 10211.4357518661 6385.1002384394 1326.2624308598 0.4451116083 0.0330287414
146 0.871120 0.736355 0.000000 19357.3375307964 72.8753126342 11392.6923019435 6726.7502914417 1164.3528893018 0.6227255645 0.0440102163
147 0.863942 0.708818 0.000000 21590.8868921906 11.2890464849 11847.6929715673 8035.1377395258 1696.1061143307 0.6177281854 0.0432924261
148 1.029461 0.775204 0.000000 24999.1618897670 0.2268771965 14045.3988545634 8946.9546312301 2005.8267663387 0.7019765714 0.0527844839
149 0.879452 0.643608 0.000000 13299.1394539626 0.0605401485 8208.1434539174 4397.7151620606 693.0010809058 0.2086631050 0.0105545270
150 1.036641 0.711821 0.000000 14270.4368989681 0.3348914157 9361.0736971811 4663.0712281770 245.9336912193 0.0218771077 0.0015144192
151 1.024855 0.726752 0.000000 15936.4419286274 0.0558135095 10255.4588418584 5248.9720805879 431.9035978453 0.0480458619 0.0035495894
152 0.986104 0.698533 0.000000 15569.6798531816 5.4238384882 10160.9836470365 4854.9347291690 545.9701862902 1.9462789124 0.4211734881
153 0.991880 0.793062 0.000000 11727.2545733098 0.6848907036 7948.3329451027 3550.0697585314 228.1198443275 0.0433347927 0.0038000233
154 0.861061 0.694943 0.000000 9731.7806783748 16.9364939293 6523.4241530302 2936.9115635137 254.4928635732 0.0142951292 0.0013092135
155 1.077257 0.856540 0.000000 18660.5998807583 51.8299793691 12124.8176011421 5770.6710859239 712.0710998769 1.0978940776 0.1122204930
156 0.833867 0.723501 0.000000 10134.1492381959 7.2494705627 6537.5567437140 3107.9917148071 481.3072348432 0.0413072922 0.0027671096
157 0.930896 0.729125 0.000000 12600.5922740050 84.9461839370 7889.8291084300 3812.0445226363 813.5538851720 0.2018130141 0.0167608085
158 0.986800 0.770469 0.000000 17264.8372333874 0.7124213991 11006.4298163774 5792.7579281803 464.8650497142 0.0666858156 0.0053320682
159 1.111666 0.920636 0.000000 22367.8183685377 0.7682238077 13275.7639540819 7896.2699144477 1194.8423206369 0.1647164465 0.0092395225
160 0.846119 0.817725 0.000000 21937.3363967562 36.9381711197 12986.2420897476 7495.8672650459 1416.7267908713 1.4496689486 0.1124113254
161 0.896705 0.809479 0.000000 17205.6813261354 4.9753000707 10506.0161758500 6073.4108856139 621.2491404883 0.0281932630 0.0016312584
162 0.687947 0.641298 0.000000 11873.1043575276 0.3406620184 6922.4378153113 4421.4433577805 528.8602353755 0.0212415689 0.0010455853
163 1.016411 0.882896 0.000000 19923.4894722855 0.2440707720 11870.0429755216 7095.3433442662 957.4566476663 0.3679422395 0.0344920860
164 1.046161 0.909877 0.000000 25752.0851951046 78.5102873711 14223.4352618682 9056.8048114416 2388.0220114841 4.6077400987 0.7050829816
165 0.641117 0.545534 0.000000 6410.1197606563 0.3567524906 4088.8116710817 2091.0190156134 229.8985940557 0.0315764302 0.0021511147
166 0.820552 0.707086 0.000000 14278.2090243835 8.3193359300 8625.4983078459 4800.9011568329 840.6399562159 2.4217223019 0.4285455362
167 0.908463 0.659267 0.000000 11266.8794858191 38.2843093182 7156.1324199654 3550.0558557488 522.0827008564 0.2964957367 0.0277042904
168 1.068913 0.782967 0.000000 20998.3319981285 63.3460344746 12245.2572363969 7250.6485875788 1435.1468181212 3.3191590442 0.6141625785
169 1.072804 0.814649 0.000000 17022.4404842872 20.2866958798 10119.2553992054 5677.2555161546 1203.5143903719 1.9371989208 0.1912839944
170 1.165803 0.887299 0.000000 17706.5483202942 47.7154740671 10848.0394361442 6003.4567821711 807.2426314805 0.0877519236 0.0062448471
171 1.065246 0.853843 0.000000 19348.3378312088 251.1830298456 11251.7130789362 6644.6815213687 1195.3869534127 4.7348255106 0.6384223024
172 1.023973 0.762066 0.000000 13190.5934237844 11.1349781464 8181.1128935345 4556.8370175313 441.3101010534 0.1883453629 0.0100882952
173 0.940392 0.773811 0.000000 14550.3444133574 25.5922580633 9529.2844391166 4515.4825403345 479.8101782553 0.1630072168 0.0119905994
174 0.713772 0.627439 0.000000 8626.5154881020 8.2056096024 5692.0418579893 2781.8611743898 143.4799443280 0.8280139013 0.0988881030
175 1.252643 0.978426 0.000000 22336.8285984108 1.8750830069 13595.7797338734 7939.7994787759 798.6470887560 0.6668999767 0.0603140445
176 1.072802 0.846069 0.000000 12507.6437759714 0.2433667463 8069.7650491581 4197.4981734171 240.1255735680 0.0107728967 0.0008403975
177 0.780208 0.668931 0.000000 10054.1777519106 0.0855625305 6314.4494732372 3579.5565432820 160.0799238111 0.0058365009 0.0004126960
178 1.107908 0.817766 0.000000 13329.5431796906 0.0115678187 8328.7233734970 4741.3179008725 259.4536346609 0.0339280064 0.0027749895
179 0.932181 0.745315 0.000000 11716.0278407417 0.0423230882 7768.7866474264 3783.0225465169 164.1682230491 0.0075474498 0.0005533065
180 0.652836 0.607355 0.000000 6941.4603733244 0.0317618859 4454.7990884811 2315.6937896413 170.9174487348 0.0173153364 0.0009693783
181 0.736127 0.582841 0.000000 8564.7546250172 0.0292322657 5374.7522302972 3068.9059128558 121.0635495574 0.0035260896 0.0001741367
182 0.675875 0.597793 0.000000 9632.0480067284 0.0119958769 6071.9271781608 3412.5334512473 147.5633080879 0.0112875268 0.0007859962
183 1.107158 0.872263 0.000000 17306.6680603466 1.0884446002 10684.8832675360 6224.2156234122 396.3735572231 0.0989135904 0.0082541677
184 0.909067 0.705348 0.000000 8769.5793543818 0.0014198921 5940.5094329953 2758.5772308462 70.4841466054 0.0065720934 0.0005520711
185 1.004575 0.767122 0.000000 12336.3391334013 0.0058496305 8152.5134395367 4030.3430272007 153.4722827513 0.0042345022 0.0003001318
186 1.061493 0.846942 0.000000 13412.2139188943 0.0771380862 8655.9063218888 4445.2103985185 310.8902456116 0.1160325866 0.0137824860
187 1.123698 0.814667 0.000000 16010.6713196240 0.1072928040 10240.5003263824 5343.4810097872 426.5567496489 0.0242897921 0.0016513996
188 1.048277 0.794948 0.000000 13675.8594633302 1.5942743544 9031.3691305439 4443.7010313401 199.1690929673 0.0238025730 0.0021316050
189 1.099949 0.847965 0.000000 17173.5766409704 30.4531616092 11117.6765763390 5649.1661109984 376.0804008660 0.1835406003 0.0168507657
190 0.716194 0.625962 0.000000 8107.5777512665 5.4974922813 5258.2581261526 2701.7554629419 142.0481347822 0.0170103490 0.0015248620
191 0.625144 0.560330 0.000000 8271.8933935928 0.0121275281 5115.3033875029 2941.7544927234 214.7879631308 0.0326429054 0.0027800768
192 1.170759 0.917582 0.000000 18872.7116595243 17.3602060844 12110.0822196398 6133.2155967306 610.0205072731 1.7788705254 0.2542596120
193 1.117854 0.919480 0.000000 24502.9159149391 236.8166501452 14369.2158227367 8326.7703478479 1554.0532190823 11.8493058727 4.2105694926
194 0.870770 0.686000 0.000000 12983.5919130415 8.9604172531 8595.2823629136 4172.1276095114 207.1952500588 0.0244327642 0.0018407706
195 1.157396 0.906651 0.000000 19187.6270306998 0.4993321090 12051.0873231112 6420.9257003639 714.6452655923 0.4322464356 0.0371633613
196 1.018763 0.732736 0.000000 12139.1527604164 32.4105301431 7643.8527601258 3951.9926098468 510.6846729996 0.1948225128 0.0173649210
197 0.882880 0.728382 0.000000 10681.2536839337 17.2328851725 6992.0010354722 3384.8770107903 286.9786484199 0.1485585956 0.0155456191
198 0.926894 0.757910 0.000000 14138.2076003955 42.7675444697 9027.9390606508 4617.8960262997 449.2690020706 0.3016850930 0.0342819262
199 0.861032 0.747585 0.000000 14041.9497127742 121.4096192225 8553.8238703465 4668.2888850510 697.5297069027 0.7842961308 0.1133352958
200 0.847334 0.699410 0.000000 11552.7883506580 69.5481381563 7590.3616328049 3424.5463975168 467.8192496364 0.4580161878 0.0549165711
201 1.255023 0.932287 0.000000 19349.6353301476 195.9652180678 11948.4397884611 6287.4469099599 915.9819740379 1.6676779281 0.1337619148
202 1.010251 0.813398 0.000000 9642.0336533857 107.1935593283 6417.1740355020 2903.3730291124 214.2782535181 0.0136940005 0.0010820186
203 0.951056 0.728487 0.000000 12917.5467056484 127.7358980090 8171.4321614639 3911.8630127091 706.4279936029 0.0820981252 0.0055418238
204 0.827669 0.669206 0.000000 14457.3921855055 93.7394189164 8744.9950584632 4704.0665418599 913.7261729910 0.8251138563 0.0398794875
205 0.825704 0.613154 0.000000 9082.6930693251 46.3958796995 5769.4669551326 2833.0588511396 433.2299729002 0.5044834307 0.0369271431
206 0.778565 0.675250 0.000000 8626.2800175399 37.1315401120 5515.8373629087 2588.5894387449 484.5652692800 0.1462914199 0.0101152391
207 1.084762 0.851314 0.000000 17489.6943545223 68.1123460282 10867.8749160806 5745.0540215437 808.0266290522 0.5618987475 0.0645431850
208 1.019980 0.831572 0.000000 13756.7229919546 3.7467130728 8590.2144063068 4535.6114898980 626.9177100113 0.2197610832 0.0129118834
209 1.207354 0.928585 0.000000 19857.0131375526 84.7995628366 12582.7534905689 6064.5575222391 1122.2163940322 2.3433886897 0.3427793545
210 1.220647 0.951572 0.000000 22615.1526567484 57.9760660371 14045.5846014305 7255.4877089770 1254.4360136817 1.5439274991 0.1243393248
211 0.996084 0.756292 0.000000 15139.0866663190 6.4815281930 9554.9026526002 5044.4011492096 533.2065764460 0.0878159692 0.0069443892
212 0.916221 0.739030 0.000000 16715.9163961115 0.1483058842 9830.7562025809 5825.8638876416 1059.0143767945 0.1246340379 0.0089896713
213 1.101448 0.834361 0.000000 15300.0384435695 2.6765860554 9679.5382316086 5035.5076561261 582.1746481941 0.1326277161 0.0086942612
214 0.940134 0.762613 0.000000 11413.1698109401 3.9266701446 7070.2979763447 3763.9014061429 574.2214410838 0.7832782117 0.0390391127
215 1.099485 0.835225 0.000000 16100.4681737620 0.2041917868 10067.3886876830 5304.6026928986 726.8414743057 1.2986868101 0.1324407992
216 0.682180 0.600184 0.000000 5986.9513412936 0.0451568914 3886.9877175335 1961.0525874417 138.8616072015 0.0040586385 0.0002139788
217 0.998606 0.771538 0.000000 15139.0678454623 0.2706396773 9501.0219011468 5189.8356143022 447.9061696221 0.0318877087 0.0016335361
218 1.077776 0.805367 0.000000 17358.6203613859 0.8666419992 10252.9408066510 6371.1021934288 733.6694889139 0.0393779580 0.0018527403
219 1.094794 0.824700 0.000000 13747.2846169255 0.0546688316 7983.4291500167 4997.7221245635 765.8886436733 0.1734257800 0.0166049691
220 1.086303 0.852361 0.000000 15253.9836367756 0.4986503038 9423.9076271385 5290.1343107146 539.2209753865 0.2043493499 0.0177244702
221 0.893242 0.705488 0.000000 9667.9943451097 0.9286661680 6077.0406075842 3273.7564876204 315.9139817011 0.3159300893 0.0386722442
222 0.726417 0.629802 0.000000 12506.6450986439 0.0327205422 7287.2201641927 4446.9567701208 771.4878767795 0.8639685362 0.0835988631
223 1.286111 0.996801 0.000000 19411.7988509035 0.5608352851 12292.8671312291 6578.4939486006 539.5908763783 0.2602815833 0.0257785526
224 0.872186 0.683066 0.000000 13203.3813623720 0.4281305859 7924.4198164801 4646.5402213208 631.8795723573 0.1060794136 0.0075427832
225 0.815227 0.637083 0.000000 12261.2142312655 0.0725502145 7054.0469380860 4447.9444479173 758.9850827497 0.1564319814 0.0087808672
226 1.085594 0.918443 0.000000 18210.2394047055 132.1183155584 10832.2803944206 6305.4873046443 939.4456358292 0.8176634773 0.0900911707
227 0.709532 0.660767 0.000000 9990.7512340931 0.1860425918 6046.2471636989 3480.1158087219 464.0719250732 0.1256526607 0.0046418702
228 0.928172 0.817389 0.000000 16133.3757321484 3.4326148286 9715.9892758619 5748.2307419756 665.2227298960 0.4469316038 0.0534386182
229 0.898398 0.741154 0.000000 14021.9555776210 0.1702493486 8811.7183191629 4900.9356126932 309.1167792162 0.0137417664 0.0008759034
230 1.074773 0.827116 0.000000 15652.0931497630 0.3502401619 9508.8265771787 5682.6169116735 460.2472769043 0.0492575175 0.0028866836
231 0.880934 0.685746 0.000000 10840.0294863530 1.0383028846 7045.5650588961 3504.3341053537 289.0295634412 0.0585089256 0.0039470204
232 0.686033 0.575067 0.000000 7867.6106571342 4.0501001022 4893.7611475079 2747.1020225953 222.6521704688 0.0416482136 0.0035684482
233 1.243125 1.026170 0.000000 29407.8313403895 91.6345979666 16962.2400209880 10488.8392951916 1861.7385501602 3.1622386324 0.2166380694
234 0.902653 0.748740 0.000000 17084.7782344516 0.6980819414 10105.5938314054 6385.9252253283 592.4585310318 0.0956290441 0.0069360374
235 1.226503 0.860796 0.000000 13345.1467137567 12.0852042847 8294.0135963432 4688.1768944040 350.7172206884 0.1419268256 0.0118715793
236 0.840620 0.649625 0.000000 9684.5503923370 1.7777659171 6046.0119619097 3462.8129291216 173.9304181998 0.0158922701 0.0014250309
237 0.795058 0.664721 0.000000 9291.2561497200 4.1847919481 5665.4266350851 3406.4501329435 215.0943510160 0.0915807346 0.0086582940
238 0.950016 0.675082 0.000000 11064.8243720591 25.7109784472 6837.0830922836 3999.3888089538 202.5737044516 0.0622073738 0.0055806797
239 1.134239 0.820511 0.000000 19154.9807364384 72.1966665647 11222.2952903231 6949.0885047543 907.1219751932 3.4382956653 0.8400048454
240 1.049207 0.780847 0.000000 12478.9666975431 98.1691153474 7599.6511103357 4028.2228821004 750.5876635791 2.0907586018 0.2451681886
241 0.781659 0.637211 0.000000 8449.7946475082 88.9749906997 5164.1998620424 2691.2044696600 503.9593037287 1.2641417879 0.1918797499
242 1.084869 0.846810 0.000000 14889.6157838221 106.8412103212 8863.7654366754 5180.5323824239 737.7928299163 0.6273087741 0.0566159997
243 1.038515 0.742795 0.000000 12004.2356882902 86.9095106759 7454.7080159834 3798.7107567154 663.3546283542 0.5053199575 0.0474569756
244 0.980152 0.781082 0.000000 14017.5667219701 67.1560461043 8687.8265824691 4632.1326417462 629.7256264012 0.6686720617 0.0571538103
245 1.006692 0.817197 0.000000 14376.0519072991 15.7782396337 9119.3855479448 4734.5642988051 506.1051841156 0.1984087044 0.0202290930
246 1.006422 0.757098 0.000000 11722.2991801337 1.5917587447 7687.7872234304 3838.0278655664 194.8550453776 0.0344944667 0.0027930841
247 1.035126 0.794948 0.000000 14775.6856417331 43.5348949697 9366.3964339831 4970.8918369565 394.7381225791 0.0896701783 0.0346835395
248 1.115687 0.855392 0.000000 18856.8294991393 97.3614291891 11527.1924484677 6025.4404399265 1205.8661119715 0.8815486445 0.0875213203
249 1.025010 0.753851 0.000000 14839.3251533732 76.9172291682 9262.9953255242 4916.2599167955 582.7155508345 0.3867416169 0.0503897096
250 1.150312 0.876825 0.000000 15759.1099540315 34.9786296703 9893.0172237827 5418.1008191905 412.9600169729 0.0491713033 0.0040934462
251 0.848697 0.724628 0.000000 11739.1828916609 0.0484358693 7475.3304877162 4003.7578693927 260.0282095398 0.0164890681 0.0014008885
252 0.928404 0.785876 0.000000 14100.1026273412 0.0485381853 8891.1108931227 4949.3455289068 259.5672071549 0.0279774546 0.0024829384
253 1.085756 0.933576 0.000000 19805.3397072767 0.3752834105 12175.2788592163 6861.4571595170 767.9229197590 0.2788555754 0.0266308553
254 1.086439 0.860415 0.000000 11348.6221117944 13.5877337947 7444.9538316829 3696.9857576464 193.0307305516 0.0586044197 0.0054539144
255 0.970262 0.741119 0.000000 12546.5860499490 18.1996155580 7971.8441028088 4360.1175781702 196.3632061147 0.0561384783 0.0054091000
256 0.936581 0.724350 0.000000 11031.7080165108 0.1915963054 7268.9395095883 3607.1473559456 155.4235655641 0.0055320624 0.0004580178
257 0.753980 0.617228 0.000000 8179.3554115986 0.0895039594 5564.8438227614 2496.3360673503 118.0717664277 0.0130714786 0.0011801400
258 0.870790 0.630344 0.000000 9664.8995914703 0.0786045534 6282.3032133146 3270.6391811756 111.8604706011 0.0166248159 0.0014972396
259 1.322013 0.978451 0.000000 25115.1062033467 0.1985565286 14847.3851386114 9459.9341503592 806.9274139078 0.5948957362 0.0660486115
260 1.081348 0.827327 0.000000 13204.6878491693 0.0940282002 8284.6339563078 4565.8630064766 354.0659768456 0.0284588971 0.0024234456
261 1.026929 0.830971 0.000000 17772.3772052988 0.0274496543 10679.7684884321 6378.8062709791 713.5867194554 0.1732923803 0.0149848494
262 0.756877 0.620306 0.000000 5410.5063508011 0.0517535514 3609.7938285545 1723.7407752885 76.9149350131 0.0046653362 0.0003936941
263 0.845886 0.745312 0.000000 10856.1077099192 0.0128553051 7146.2817919789 3508.3775809200 201.4148155290 0.0191089356 0.0015577710
264 0.812140 0.676782 0.000000 9046.2219024787 0.0216003719 6090.9800534057 2821.7456449504 133.4610991325 0.0125373929 0.0009680811
265 1.059533 0.816867 0.000000 12932.8898191862 0.0787956640 8322.3170291562 4365.7317052166 244.6994999805 0.0580282769 0.0047613692
266 0.764298 0.650544 0.000000 9760.7358024517 0.1289465547 6243.9522180009 3369.5999943620 147.0301473164 0.0226311904 0.0018653855
267 0.839010 0.617727 0.000000 5998.6338577632 0.0087788854 3906.2709575024 2044.4933951854 47.8587738404 0.0018186776 0.0001343317
268 0.734109 0.676220 0.000000 8184.9143880154 0.0214308587 5120.9953834140 2913.1283527565 150.7605521205 0.0081012468 0.0005680742
269 1.221279 0.920556 0.000000 17724.6165504983 0.0292108240 11227.9588518487 6077.9253065045 418.6439692365 0.0544837252 0.0047291356
270 0.870295 0.730860 0.000000 13260.8390533614 0.1993970731 8075.0454316459 4743.5367289826 441.8876889982 0.1555656795 0.0142414044
271 1.131472 0.797523 0.000000 14047.5813765820 0.2613423897 9050.7085088913 4756.5757512823 240.0232023182 0.0116420691 0.0009300499
272 1.068782 0.836226 0.000000 17806.6400194977 0.3400147669 10711.8364201096 6418.2912857182 676.0175592573 0.1415767444 0.0131636933
273 0.929586 0.773759 0.000000 13219.5995068606 0.2251302135 8397.0604112596 4560.2675203136 262.0392703054 0.0066161258 0.0005598508
274 0.923720 0.814808 0.000000 21104.0969884090 0.2376803591 12803.9633183144 7382.9271583267 916.8781428248 0.0843400761 0.0063496847
275 0.946687 0.798692 0.000000 16276.7845505380 0.1864246182 9997.8457887613 5667.9854731088 610.6075494820 0.1506145396 0.0087008057
276 0.749932 0.645967 0.000000 9121.0697888252 0.1288881374 5694.7919504161 3174.1237385995 251.9945143044 0.0294961575 0.0012017742
277 1.083984 0.825021 0.000000 13131.8978245996 7.3558769531 8308.4335001427 4443.9765201482 372.0469977021 0.0777480730 0.0071818535
278 0.900480 0.716944 0.000000 9101.4138188991 1.8565332203 6278.7200342882 2695.5755620764 125.2385665257 0.0211734307 0.0019496927
279 0.812928 0.627720 0.000000 9673.4731621700 7.8016037377 6300.9120468797 3144.8282676703 219.7595235023 0.1569512054 0.0147693155
280 1.276997 0.951427 0.000000 19046.8061047796 9.0510908378 12211.3178165439 6400.7917467210 425.3283253797 0.2897858738 0.0273397427
281 0.982239 0.787390 0.000000 12388.1195732599 3.6209998143 8019.2124690242 4105.7799894863 259.3158280028 0.1738023564 0.0164846746
282 1.288884 1.030748 0.000000 17990.4449406543 15.1110148198 11638.2127635488 5892.0622865059 444.5444023984 0.4693458001 0.0451279210
283 0.899419 0.685555 0.000000 10154.2907270841 14.2630937249 6486.8275370177 3312.1124781978 339.8523284269 1.0200227976 0.2152670237
284 0.896669 0.688821 0.000000 5745.0046323721 6.3419504111 3791.2422409789 1816.4588215407 130.7756837911 0.1649644480 0.0209713101
285 0.736346 0.597270 0.000000 5676.3166296211 8.1278906403 3796.0351638014 1754.8742535539 117.0641856066 0.1915875303 0.0235486515
286 0.751593 0.641335 0.000000 10179.9844263094 15.6062754614 6411.9459354085 3385.5098848306 364.7679627183 1.7438832333 0.4104848756
287 0.749779 0.651013 0.000000 10040.1449289343 10.6150178746 6214.5903485996 3516.7549506640 296.1976822544 1.5243784593 0.4625513376
288 0.858402 0.702915 0.000000 13798.8637313890 24.7709594441 8251.1090006838 4865.6363083823 653.2344116917 3.0928412669 1.0202102217
289 1.073375 0.825826 0.000000 16925.1348165484 43.0240735949 10036.7857522488 5979.9662040855 860.5644908646 3.8165012529 0.9777947484
290 1.153347 0.856825 0.000000 15947.3574088490 42.2925532866 9591.8002986158 5495.2437921219 813.7442298944 3.5516559596 0.7248792139
291 1.027542 0.750903 0.000000 12438.6663797011 32.0289381338 7919.4972885720 4110.3659389396 376.5319010165 0.2215446325 0.0207684926
292 0.982993 0.729340 0.000000 10552.1212706178 9.6993153545 6698.9991055185 3598.0940950240 245.2383637723 0.0827275944 0.0076638583
293 1.103463 0.866723 0.000000 16602.8350993245 11.1022977368 10614.7583710748 5320.1425180577 656.1145014924 0.6499934308 0.0674179109
294 1.074791 0.824864 0.000000 18448.2542649780 7.2578465304 11264.5356567840 6127.1646229022 1044.0137727732 4.1942637433 1.0881026116
295 1.205257 0.878715 0.000000 18818.5962377254 1.7961904429 11841.4531077433 6443.3556984130 531.9231830031 0.0620930091 0.0059656180
296 0.990389 0.780356 0.000000 15705.7026332238 0.8012067268 9773.5683622921 5385.9597153015 545.3200558326 0.0489414743 0.0043520302
297 1.190430 0.895735 0.000000 16916.0604049682 0.2486572925 11359.5330567137 5171.1758521754 384.9312453979 0.1570707401 0.0145232697
298 1.157123 0.947331 0.000000 17432.9639944684 0.0747553170 11507.4783847079 5444.4153034281 480.7052433362 0.2608665906 0.0294416752
299 0.685135 0.579702 0.000000 4027.6537288354 0.0444035214 2999.6694180489 981.7539894320 46.1837768939 0.0019780356 0.0001632895
300 1.067903 0.846988 0.000000 15070.2517352521 0.0224539171 9886.4978290660 4757.7914830447 425.8923469798 0.0438400484 0.0037828487
