1 0.130503 0.174632 0.000000 2217.9836488537 45.6630075240 1373.6120297057 690.5885557805 107.6714213343 0.4007692498 0.0478652594
2 0.194482 0.234716 0.000000 4278.4628935461 149.4163011254 2323.8555541609 1372.1413197909 430.1924339265 2.5672670998 0.2900174427
3 0.107265 0.206500 0.000000 1284.1815793993 27.2976924261 746.2734380324 415.1323707192 95.3350479493 0.1339094682 0.0091208041
4 0.148336 0.222735 0.000000 3698.6269454917 61.0659394212 2077.2807493723 1204.8962128873 349.8539010881 4.5429385644 0.9872041587
5 0.113253 0.189618 0.000000 2625.3912267254 67.2700398361 1447.6718258796 865.2725188585 245.0398202169 0.1270631532 0.0099587812
6 0.172019 0.246331 0.000000 3181.6820376094 33.5738831715 1937.4870421043 1018.4031957858 191.9680023022 0.2308584792 0.0190557666
7 0.219903 0.289993 0.000000 6089.2505243204 85.6844250897 3514.7617341455 2012.2427692545 473.5610145056 2.7810723071 0.2195090184
8 0.060851 0.142793 0.000000 505.7424753155 0.7647088779 334.5618319138 162.4963058701 7.9183495492 0.0011767478 0.0001023568
9 0.345494 0.361740 0.000000 10481.0713372082 70.6204545353 6249.3800909924 3491.9550002531 668.1611598199 0.8881121020 0.0665195055
10 0.131040 0.189210 0.000000 2730.1548435503 5.0656596639 1801.0524867089 842.0616959806 81.9601196217 0.0136942482 0.0011873276
11 0.197134 0.229155 0.000000 7031.1072390742 73.3589306270 3981.7702166123 2376.8479599672 597.2573921001 1.7201062813 0.1526334876
12 0.181519 0.234789 0.000000 3348.8727979351 5.1317403222 2231.5846124143 1039.7977540439 72.3458674782 0.0117989498 0.0010247286
13 0.298358 0.309345 0.000000 6582.2111333290 22.6104682038 4149.3330646073 2089.6032521739 320.4028709643 0.2434454780 0.0180319010
14 0.121430 0.229618 0.000000 2314.5268888568 2.4784497997 1505.6757509603 729.5666752713 76.7797354316 0.0241267270 0.0021506669
15 0.330084 0.374376 0.000000 8848.6624762588 39.6758645305 5319.8691497757 2989.2342215311 499.7030110917 0.1687747544 0.0114545764
16 0.117636 0.221386 0.000000 2530.5223582206 15.2746769262 1527.1745725474 843.5913122494 144.3452671631 0.1279627212 0.0085666141
17 0.139760 0.204879 0.000000 3217.0357142512 3.5880228377 1881.1747696138 1099.1776886638 232.6012050501 0.4299926823 0.0640354052
18 0.152806 0.223181 0.000000 3157.9832687859 6.9059108516 2018.6733665217 1001.3124920425 131.0431684026 0.0453461148 0.0029848547
19 0.085097 0.167481 0.000000 1747.9268807620 3.9570059695 1086.4371138959 562.1428060624 95.3488010528 0.0383413163 0.0028124659
20 0.169578 0.237473 0.000000 3896.0622740529 24.8454304706 2291.7079080988 1288.6163884484 290.7924217265 0.0939992557 0.0061260538
21 0.123876 0.203372 0.000000 2057.0257334470 2.2396429917 1320.7610429731 662.8519072843 71.1516576230 0.0199556341 0.0015269431
22 0.212125 0.277165 0.000000 4125.3003337419 12.3941413434 2545.9232072961 1370.8476232379 196.1121789532 0.0213125351 0.0018703799
23 0.088196 0.225021 0.000000 1792.8275797937 1.9484866453 1071.4896402199 584.0295934885 135.0228588160 0.3055396055 0.0314610200
24 0.145152 0.262608 0.000000 3044.0160909879 6.3639070672 1853.7512242531 990.4956521080 193.2279137344 0.1664464795 0.0109473465
25 0.146386 0.218768 0.000000 3716.1898594735 8.1437226636 2190.0184915382 1251.4792983604 265.3943016118 1.0411304789 0.1129148213
26 0.056358 0.200030 0.000000 402.0628490347 0.0094559319 274.9086903677 121.3463372753 5.7979439775 0.0003892205 0.0000322699
27 0.171780 0.268834 0.000000 7395.0901625775 71.9972531697 3956.4962261603 2577.0091504164 786.7304246619 2.6293888319 0.2277193390
28 0.362818 0.364492 0.000000 11725.8445287815 78.4614461158 6571.1254353621 4028.4319298295 1045.9118066230 1.7864845327 0.1274263199
29 0.307311 0.328181 0.000000 7169.0454646264 17.8771793236 4362.9040807046 2412.3528341894 375.8485879749 0.0583249406 0.0044574933
30 0.143055 0.236275 0.000000 2905.2040610368 4.5108549088 1782.5996046215 948.6884869357 169.3819493551 0.0214300425 0.0017351764
31 0.101714 0.208904 0.000000 2152.8665843997 10.1394827651 1300.1891157418 694.7773214387 147.7062225496 0.0499594864 0.0044824195
32 0.276876 0.295393 0.000000 7667.2694792160 45.6761309373 4517.3573183049 2588.5381918043 515.4091707438 0.2631968005 0.0254706292
33 0.184506 0.280955 0.000000 4735.6397366496 4.4193732605 2893.8206602361 1550.2420831074 286.7858444803 0.3407986093 0.0309769584
34 0.068559 0.175084 0.000000 756.1480306012 0.0709737785 474.1347992697 254.3310420927 27.6094532460 0.0016399458 0.0001222746
35 0.262883 0.301567 0.000000 5067.9219749432 6.8925917136 3122.9211722497 1690.7824434565 246.9884169536 0.3041949290 0.0331556487
36 0.086997 0.223390 0.000000 608.2345089789 0.0079057511 420.6622225375 182.1266972209 5.4371505650 0.0004884414 0.0000444721
37 0.072778 0.218613 0.000000 444.3398181748 0.0009592181 309.9731128245 128.1897911261 6.1753983782 0.0005119970 0.0000446335
38 0.274764 0.343110 0.000000 8827.1198009003 74.9752298125 4974.2276288269 3020.8593385208 754.3634043719 2.3462387597 0.3479606075
39 0.126589 0.220452 0.000000 2075.5478685432 11.8874185087 1252.1204285805 685.8528173282 125.6044533933 0.0756082371 0.0071425098
40 0.192753 0.269675 0.000000 4765.0558188405 24.4880079386 2722.2342647932 1642.0990033157 375.7948640360 0.4161211876 0.0235575724
41 0.076674 0.212808 0.000000 1050.6191797587 0.0077582715 660.2180259549 354.8199675937 35.5698076341 0.0033746327 0.0002456797
42 0.118472 0.207734 0.000000 1616.4543343971 0.3914819726 962.3216159219 527.7330043373 126.0040712943 0.0038890428 0.0002718311
43 0.075813 0.178490 0.000000 785.3998031171 0.0562344034 498.4813372773 238.0356163941 48.8230140835 0.0033828827 0.0002180853
44 0.117215 0.243362 0.000000 1744.2482658536 4.4692287840 1064.8744197265 544.2142759725 130.6693536083 0.0198503126 0.0011374546
45 0.137696 0.227240 0.000000 2208.8194710783 0.2449312044 1362.1501145579 748.8327587386 97.5800978858 0.0107954504 0.0007732473
46 0.098654 0.239618 0.000000 2067.0268031399 0.4804488964 1235.7517046635 738.2248262937 92.5554962537 0.0133813329 0.0009457098
47 0.177673 0.276191 0.000000 4333.7495089381 1.2877984355 2484.9621396630 1524.4738872105 322.9826225581 0.0397006258 0.0033604520
48 0.180462 0.250636 0.000000 3383.8371560902 0.1583024439 2010.9776030616 1177.7600676836 194.8920777686 0.0452305000 0.0038746351
49 0.092559 0.222359 0.000000 1024.1395262839 0.2705951422 614.1056690364 350.9284877711 58.8305947092 0.0038541446 0.0003254822
50 0.290742 0.316267 0.000000 6926.1248577994 2.1546008541 3941.2845171075 2467.6963256459 514.8528717783 0.1273978998 0.0091445231
51 0.083898 0.214100 0.000000 694.5650813882 0.0029147014 453.2287273257 213.9947412158 27.3378289517 0.0008093677 0.0000598319
52 0.181686 0.269731 0.000000 4312.0344228951 6.5325869527 2456.2420465715 1525.0099341354 324.2177457251 0.0298624851 0.0022470301
53 0.098067 0.177575 0.000000 1418.1721670520 5.2044146157 795.5741633716 500.7738435021 116.6103169516 0.0087193559 0.0007092573
54 0.084567 0.160550 0.000000 957.1264488847 0.0104934160 588.8837858699 322.5253539960 45.7050880807 0.0015897660 0.0001377602
55 0.266519 0.287348 0.000000 5665.5873727861 26.3284801585 3200.0958051405 1928.4237039135 510.2717181069 0.4301521370 0.0375133379
56 0.265984 0.297485 0.000000 6279.1918408046 43.8163454097 3635.2180326703 2151.9925251220 447.9674977615 0.1825518863 0.0148879601
57 0.190081 0.283053 0.000000 3995.2522114393 12.4065046835 2376.1239961877 1364.7884109244 241.8620067449 0.0655324641 0.0057604368
58 0.046240 0.164519 0.000000 1030.9114643587 2.3870969838 570.8689079448 364.2796189409 93.2842493371 0.0815936868 0.0099974722
59 0.127927 0.210001 0.000000 3577.3190781442 8.3907430085 1966.0518274755 1253.2516443672 346.7535693284 2.4154539858 0.4558399791
60 0.141259 0.252235 0.000000 3490.5774672623 8.9167075467 1994.9389492603 1247.1018788880 239.3879974360 0.2076918841 0.0242422523
61 0.110820 0.191330 0.000000 2004.3025219765 5.2442209792 1122.6414457985 700.1093441641 176.2903789655 0.0161872498 0.0009448306
62 0.106721 0.180621 0.000000 2175.4603984401 0.7001260828 1194.8403435856 767.2217095791 212.5241501716 0.1615684094 0.0125006176
63 0.105242 0.201049 0.000000 2985.3405181791 29.7440635858 1463.4531063890 1031.2410533392 460.2196688280 0.6370037426 0.0456222959
64 0.009680 0.132522 0.000000 0.1670453319 0.0016646173 0.0818871188 0.0577031662 0.0257522406 0.0000356451 0.0000025529
65 0.161926 0.278361 0.000000 3019.8818238563 10.2784419563 1655.2629021099 1024.4506673273 329.6739264345 0.2023105309 0.0135755131
66 0.146302 0.200928 0.000000 2089.1111859149 0.4603630220 1242.6654614490 699.7101816483 146.2594565052 0.0146704335 0.0010528604
67 0.159570 0.235088 0.000000 4484.3652548172 37.2804123378 2256.6593237929 1539.3894330347 649.6034432457 1.3371056436 0.0955367623
68 0.263457 0.309933 0.000000 6057.8790932600 20.2270950216 3494.5551410111 2066.7981254687 475.8353203579 0.4324434877 0.0309679157
69 0.065641 0.182660 0.000000 1227.6209258680 0.0445379397 745.1373678216 429.6614228597 52.7400552230 0.0344568934 0.0030851388
70 0.123529 0.209071 0.000000 1550.6958686184 0.2062516481 944.1381329536 546.7624349188 59.5823984985 0.0061238867 0.0005267224
71 0.079473 0.218622 0.000000 554.9061604428 0.0000396769 359.9018869270 185.5456202095 9.4579236183 0.0006348732 0.0000551439
72 0.230128 0.324216 0.000000 4492.2629900328 0.0213661349 2766.8636650195 1559.7660825148 165.5358296792 0.0699433871 0.0061032964
73 0.126635 0.205390 0.000000 1580.1925685961 0.0045898273 1032.0889480117 523.7000914355 24.3949964318 0.0036284104 0.0003144900
74 0.125606 0.188223 0.000000 1275.1928281435 0.0018015016 869.4705531541 396.7433877066 8.9765701177 0.0004754293 0.0000402374
75 0.088140 0.214030 0.000000 552.1411489712 0.0018794075 417.1222576827 134.2125283911 0.8044286178 0.0000505784 0.0000042967
76 0.083491 0.197345 0.000000 1304.9183942506 0.0007395836 864.3590992134 414.3715146387 26.1765655827 0.0096952978 0.0007799405
77 0.191946 0.206145 0.000000 2535.5484804679 0.0038633998 1682.6503289239 830.8054458345 22.0879199533 0.0008513219 0.0000710393
78 0.151070 0.236302 0.000000 2138.5578334721 0.0045062534 1362.1237036038 730.9833821624 45.4353925382 0.0100032249 0.0008456976
79 0.222490 0.265231 0.000000 2982.1994206867 0.6276626977 1829.0576183105 1049.8918754409 102.5367549177 0.0780793221 0.0074300008
80 0.097332 0.239978 0.000000 559.4949106076 0.0820560345 366.9417884669 183.5354917669 8.9353222825 0.0002337223 0.0000183354
81 0.200600 0.271854 0.000000 3639.8089795494 0.2143095431 2281.7772933747 1235.9745375245 121.8069677037 0.0330004774 0.0028709279
82 0.180188 0.228985 0.000000 2965.4515364690 0.0167434649 1824.1864321901 1025.6955749526 115.5450108122 0.0071747902 0.0006002946
83 0.355311 0.355242 0.000000 5876.5068133386 0.8953862986 3743.1531386802 1960.0031962976 172.4364287046 0.0172285546 0.0014348349
84 0.120824 0.201272 0.000000 1690.5672336123 0.0106347800 1066.1626720102 568.9086989928 55.4832248135 0.0018449522 0.0001580649
85 0.137697 0.233069 0.000000 3913.9888876689 4.3257657516 2255.5960026438 1397.5416537190 256.3423895505 0.1690032207 0.0140727938
86 0.364651 0.359188 0.000000 10856.4796187119 26.4240934627 6192.1826622503 3733.7664273436 901.4226605964 2.3561046820 0.3276703998
87 0.254441 0.311529 0.000000 4942.7943434567 21.7145669518 2906.9123994660 1659.9866990793 353.8359056787 0.3201079387 0.0246643483
88 0.126624 0.206748 0.000000 4054.1093684841 2.9441608763 2190.8532910170 1484.7747091532 372.2697667312 2.3870161927 0.8804245145
89 0.128874 0.216181 0.000000 1811.3679270844 1.5776430715 1124.4746452048 596.8931157432 88.4066695348 0.0148628729 0.0009906726
90 0.189774 0.213184 0.000000 3694.2597348004 8.6060326488 2148.0109371345 1228.8810249045 308.5051999372 0.2464708980 0.0100692873
91 0.229896 0.239206 0.000000 4149.9829292197 51.6374028322 2331.9236876100 1307.7204075970 457.5514906838 1.0546852237 0.0952552821
92 0.194335 0.272844 0.000000 3215.7822698374 10.1321354533 1911.4280604895 1053.9794107676 240.1422144719 0.0923289942 0.0081196646
93 0.116113 0.177851 0.000000 2456.0421856455 1.0393113489 1492.4960191423 791.2776858320 171.1856329033 0.0401573066 0.0033791396
94 0.105304 0.170381 0.000000 1427.1875292108 14.9231903825 853.9804391031 441.0357028338 116.1641055656 0.8303878940 0.2537034440
95 0.282359 0.314464 0.000000 4887.4430581035 14.1717135879 2931.4435863322 1663.0577220400 276.2956044597 1.7426209798 0.7318107081
96 0.126268 0.201971 0.000000 2309.1602778456 14.7180478981 1371.7292670813 779.0667484189 143.6216446789 0.0228008466 0.0017689352
97 0.224445 0.285865 0.000000 3556.6970557402 8.1316960550 2138.2845269811 1223.5857561009 186.6443746188 0.0471765521 0.0035254468
98 0.204543 0.291575 0.000000 3436.5645341853 18.2122593405 1931.5325042039 1138.1074594360 348.4138264604 0.2669690826 0.0315156648
99 0.045279 0.196735 0.000000 457.8330599923 2.1816014662 253.1486407538 164.6839033970 37.8063805762 0.0115743806 0.0009594208
100 0.320040 0.361459 0.000000 8318.0374950727 38.4904895595 4366.6482919117 2800.0175845768 1112.0157788936 0.8166282485 0.0487219068
101 0.086179 0.223944 0.000000 651.9810197973 0.2427371424 335.9522478502 240.5996966166 75.1746694000 0.0110648068 0.0006040016
102 0.058738 0.160141 0.000000 1197.0333932142 5.1761134860 632.6017394936 414.1371094934 145.1027913537 0.0147611328 0.0008782670
103 0.087054 0.186903 0.000000 1508.3522577548 3.0340505741 832.8781390517 522.5415042350 149.8857562943 0.0120345117 0.0007730977
104 0.077230 0.188139 0.000000 1721.8233116203 3.7775318802 966.3187486784 593.4326977288 158.2092119951 0.0800709518 0.0050504021
105 0.178459 0.247792 0.000000 4423.6193740954 23.2563259530 2372.5431393171 1542.5211165977 484.2983962841 0.9337116915 0.0666842812
106 0.061710 0.164834 0.000000 1497.4210924632 28.9220210243 762.7373927598 521.3816503377 183.8633360105 0.4765067374 0.0401856146
107 0.084541 0.193805 0.000000 1790.5994452008 30.3887436662 933.2701136202 605.0888514002 221.6565812819 0.1837692851 0.0113859559
108 0.146737 0.218194 0.000000 2876.7603842526 24.0541589808 1553.3791013185 983.3389092377 315.8984153142 0.0834534182 0.0063460008
109 0.310581 0.301793 0.000000 6561.2199137509 13.3356470699 3763.2273805877 2298.2836225874 486.2215683192 0.1399532790 0.0117419155
110 0.211031 0.254088 0.000000 3963.1957190491 22.1154960034 2215.1303606488 1343.5507636841 382.2327080508 0.1538047664 0.0125858958
111 0.098386 0.219955 0.000000 884.7401248534 0.2728769418 543.8683006455 300.2904126088 40.3059313821 0.0024294227 0.0001738631
112 0.118464 0.237529 0.000000 1816.5416483257 3.5986389902 1083.2786349752 604.9610774136 124.6374885962 0.0606022865 0.0052060766
113 0.224732 0.271726 0.000000 4831.3171656191 7.4187367721 2862.6724209022 1655.8554189761 305.3320006403 0.0354776774 0.0031106556
114 0.097107 0.196722 0.000000 988.0152930327 0.0948164264 595.8367549879 341.0022926161 51.0790359032 0.0021947755 0.0001983277
115 0.384416 0.324890 0.000000 12272.3974297159 0.8808244445 7008.2438098397 4440.5627554500 821.7879174268 0.8183845219 0.1037380531
116 0.052014 0.163444 0.000000 763.4581783028 0.0001101287 482.8765475868 250.2445693190 30.3240548673 0.0118352696 0.0010611462
117 0.134569 0.247099 0.000000 1831.6022998005 0.0064208140 1157.5965346892 593.1598496304 80.8201844695 0.0180149316 0.0012952738
118 0.141668 0.203383 0.000000 2792.9459056787 3.0251139820 1668.0893914797 949.0793592484 172.7064840660 0.0432412930 0.0023156136
119 0.043349 0.181701 0.000000 156.4813280894 0.0057242630 95.2955397206 53.6780400303 7.5006151063 0.0013199898 0.0000889800
120 0.255646 0.281526 0.000000 5699.6803039597 0.0113415958 3392.4762053124 2015.3721855115 291.5668584437 0.2313978375 0.0223152616
121 0.186032 0.223396 0.000000 3348.1824145876 2.8708905040 2065.3765215256 1142.6676134915 137.2371750717 0.0277138376 0.0025001577
122 0.179054 0.288603 0.000000 2600.1529203341 3.4509034614 1631.3834690090 857.6703699204 107.6300161412 0.0168202924 0.0013415371
123 0.080393 0.173477 0.000000 699.0823684836 0.4054934745 482.1356246808 199.7024393675 16.8373759198 0.0013166848 0.0001183567
124 0.159067 0.235332 0.000000 1978.7276750858 3.1494094565 1330.5794113156 583.9084661518 61.0566141777 0.0308328088 0.0029411955
125 0.217357 0.268906 0.000000 3113.4353638740 4.7429276801 1901.0828833911 1055.0652967555 152.5265144125 0.0165750008 0.0011666596
126 0.059231 0.195247 0.000000 688.0784980124 0.9210636820 438.1536608094 227.4963171212 21.5029961788 0.0042860715 0.0001741575
127 0.211358 0.271497 0.000000 2099.2280238488 4.9382619047 1369.9217220568 641.0246468056 83.3395102397 0.0037094359 0.0001734127
128 0.211708 0.303667 0.000000 3485.2578934945 0.2708192316 2183.3258278042 1207.9759037462 93.6751028267 0.0094807700 0.0007591133
129 0.112970 0.227856 0.000000 1196.0186238802 1.5195653952 765.6728506217 386.6625848846 42.1600142279 0.0033992487 0.0002095042
130 0.216537 0.257806 0.000000 3965.7905667536 3.8653020352 2536.9711244038 1317.6883635595 107.2573167364 0.0078172269 0.0006427999
131 0.285628 0.322599 0.000000 3355.1376989377 0.5490242699 2237.7661918018 1063.7210479585 53.0984103382 0.0027901100 0.0002344805
132 0.228464 0.311505 0.000000 4430.5678597601 0.0373457514 2775.9089846552 1503.0148624792 151.5883180248 0.0170384181 0.0013104421
133 0.144807 0.214601 0.000000 2223.2359152938 0.0082709668 1390.8113487411 788.5415091393 43.8652390669 0.0088044765 0.0007429077
134 0.262669 0.275779 0.000000 4863.8905798445 0.2247232245 3018.8896191194 1671.0196728229 173.7432634345 0.0123983415 0.0009029209
135 0.247115 0.279484 0.000000 5756.2194738796 0.2469765605 3363.9801670928 2034.2877146998 357.6130925610 0.0864131285 0.0051098481
136 0.186395 0.200450 0.000000 2239.7308874336 1.3143007516 1377.5265173144 756.3908643742 104.4961426197 0.0029479368 0.0001144518
137 0.207990 0.260935 0.000000 4912.2297254448 0.6399997508 2823.6886268445 1723.5902958245 364.0062172464 0.2817565678 0.0228292239
138 0.094976 0.192618 0.000000 1043.9540858267 0.0114513930 657.5944093871 363.4185726442 22.9288938306 0.0007270299 0.0000315527
139 0.132892 0.259337 0.000000 1371.4423227466 1.0271084915 920.0600912128 429.3422077964 21.0116627698 0.0011920144 0.0000604734
140 0.108571 0.180103 0.000000 1024.7118856183 0.0315346395 698.5719382602 311.8096254642 14.2977665401 0.0009637319 0.0000569888
141 0.206157 0.223679 0.000000 2487.4155218485 0.5975800128 1591.5498541466 843.9568623848 51.3102373101 0.0009420741 0.0000459322
142 0.110570 0.145855 0.000000 1170.3930200011 0.0114106281 759.7729414176 395.4319796785 15.1763526388 0.0003152463 0.0000203931
143 0.070554 0.223939 0.000000 138.1676078378 0.0007641112 103.0622517205 34.8324383588 0.2721486722 0.0000046767 0.0000003031
144 0.257606 0.283415 0.000000 4043.8036892239 0.0860367386 2612.5277499213 1361.2333128055 69.9537012930 0.0026741589 0.0002143162
145 0.117862 0.193536 0.000000 1397.9616143679 1.0560407183 889.5619775535 482.2951602240 25.0480459644 0.0003622786 0.0000276317
146 0.218219 0.283970 0.000000 3657.7974826313 0.0188457616 2271.4991039590 1261.7152326207 124.5347303536 0.0280947529 0.0014751910
147 0.291340 0.342937 0.000000 6129.3311958654 0.0837681147 3603.4055610069 2172.2870153354 353.4176238100 0.1268116229 0.0104159848
148 0.163276 0.286917 0.000000 2445.8098296980 0.7271431461 1496.2545124829 836.7832053923 112.0185346140 0.0246475449 0.0017865230
149 0.216893 0.242670 0.000000 1997.2768558208 0.0633578666 1309.5314994445 654.8897876787 32.7862814246 0.0054957033 0.0004337031
150 0.353258 0.348990 0.000000 7371.6040113443 16.7835953504 4427.5747024721 2543.5196410009 383.6168948516 0.1003504715 0.0088272162
151 0.140875 0.225558 0.000000 2662.4823573934 0.0114106437 1625.3781866887 933.6571436216 103.4208069754 0.0136588332 0.0011506578
152 0.117556 0.235846 0.000000 1159.5828525823 0.0112978520 723.0155623602 393.8156579914 42.7359553226 0.0040355293 0.0003435269
153 0.262543 0.287155 0.000000 4511.3967322521 14.5214939154 2659.7704597746 1536.7293004633 300.0109855443 0.3323732605 0.0321192981
154 0.156256 0.264875 0.000000 1590.0797420270 0.0152392882 1080.5924191604 490.8165368253 18.6529448066 0.0024026326 0.0001993152
155 0.134122 0.247883 0.000000 464.4765442887 0.0019790037 363.3892177006 99.4540337808 1.6310486237 0.0002438756 0.0000213259
156 0.141010 0.209258 0.000000 1740.1063117511 0.0032396154 1162.0075880985 546.8660527887 31.2095693751 0.0182008203 0.0016610580
157 0.079790 0.170430 0.000000 837.5861447550 0.0135237403 533.9054681241 283.5192018512 20.1472530930 0.0006531844 0.0000447617
158 0.189678 0.280982 0.000000 1862.4117620638 0.0575252631 1318.3907340091 530.5001984996 13.4612901608 0.0018470910 0.0001670467
159 0.063871 0.168766 0.000000 58.4892896918 0.0009401346 43.5188754748 14.8237932513 0.1456490393 0.0000290925 0.0000027042
160 0.194265 0.287201 0.000000 2079.8505768072 0.0030621688 1372.0641305893 684.6465171141 23.1354316339 0.0013196552 0.0001156559
161 0.261037 0.297329 0.000000 3572.9197456184 0.0076465756 2390.0027978192 1142.0811742976 40.8255907791 0.0023375380 0.0001986154
162 0.160938 0.206455 0.000000 2366.1829975524 0.1119790277 1594.2496535050 746.3847094719 25.4351582263 0.0013743845 0.0001229394
163 0.093078 0.216125 0.000000 1732.2761458001 1.0302853449 1068.1359643476 579.8853658081 83.2210175659 0.0032267103 0.0002860415
164 0.158757 0.231311 0.000000 4009.4638629667 23.3140530625 2355.6635299199 1389.0262479695 240.0965712554 1.0778095529 0.2856512184
165 0.205125 0.283657 0.000000 4396.8685611017 2.2629560252 2603.1467328740 1617.6913732231 173.7326389201 0.0318507024 0.0030093558
166 0.177632 0.264974 0.000000 3836.0740176655 2.0944884236 2206.8114496216 1390.6245676562 236.0275226225 0.4489198649 0.0670694967
167 0.095841 0.185966 0.000000 1069.9432846917 0.4999413313 642.3797256605 381.7940807281 45.2665989078 0.0026965807 0.0002414965
168 0.184739 0.285937 0.000000 3391.8609877785 1.4719123587 1931.3933265854 1215.6786628957 243.1660215250 0.1381509734 0.0129134386
169 0.136443 0.244667 0.000000 1473.1517671497 0.7889377061 911.0868091937 494.9263018893 66.3427819550 0.0064548305 0.0004815886
170 0.094527 0.209321 0.000000 1781.9906019256 0.0903049821 1076.1433885250 632.4376387507 73.3121415204 0.0066336406 0.0004945536
171 0.148398 0.207810 0.000000 1786.6690233359 1.3925841676 1142.6483319053 576.1410066188 66.4855491147 0.0014611736 0.0000903558
172 0.132886 0.234536 0.000000 2166.7485656997 0.2598262225 1293.0409418921 768.7991586273 104.6366082503 0.0113444729 0.0006862579
173 0.141444 0.193033 0.000000 2118.9744431413 0.0758885151 1252.4084308680 743.0560916568 123.4230434540 0.0101899864 0.0007986624
174 0.127835 0.220994 0.000000 2106.5011818957 0.1780780030 1182.8261298748 749.6472254957 173.8301022042 0.0186498439 0.0009964698
175 0.171609 0.253140 0.000000 3643.0241588232 17.9759095768 2014.3080234064 1257.2495367514 353.3358022373 0.1432216982 0.0116651598
176 0.175254 0.217127 0.000000 4554.0497700662 18.1489632994 2467.5260178003 1623.2644505879 444.4096771833 0.6588084097 0.0418527791
177 0.129288 0.248080 0.000000 1905.8212789507 3.4190011762 968.9178083504 680.4828008056 252.2997002888 0.6590967106 0.0428716204
178 0.063382 0.181285 0.000000 990.7959711814 0.6052641219 572.5736018278 337.0688828868 80.5061429763 0.0403450559 0.0017343352
179 0.286813 0.294782 0.000000 4989.2603730326 2.9120694996 2963.6670143310 1722.5170307332 300.0353642111 0.1211869852 0.0077073011
180 0.206159 0.249067 0.000000 3382.2292586460 0.0096472073 1890.2880157282 1223.3700059383 268.5256504656 0.0339772989 0.0019620091
181 0.016512 0.221268 0.000000 0.2909847756 0.0011140635 0.1620043364 0.1048487144 0.0230145826 0.0000029114 0.0000001681
182 0.215467 0.238208 0.000000 2302.3212125317 0.0424422253 1477.6426274645 756.0807163576 68.5511680969 0.0040037303 0.0002546607
183 0.211799 0.235115 0.000000 3214.2415733275 0.0086714145 1948.0433622949 1111.3796310385 154.7485034148 0.0573150983 0.0040900931
184 0.239663 0.268257 0.000000 5065.3628708363 1.1748077086 2899.3948748197 1749.9619401661 414.7741409789 0.0540584825 0.0030486900
185 0.098050 0.188658 0.000000 1256.1800859700 0.0163310635 721.8696885273 459.7864828414 74.4912900718 0.0155840136 0.0007094713
186 0.188193 0.256570 0.000000 4152.4399499190 0.0071303012 2494.8590276087 1476.1899319078 181.3199706728 0.0603531404 0.0035362888
187 0.007486 0.126526 0.000000 0.1552665719 0.0000128106 0.0932794674 0.0551926697 0.0067792372 0.0000022565 0.0000001322
188 0.187660 0.266730 0.000000 3453.2909882877 10.3632975863 2071.2982601670 1166.5188368945 205.0539497800 0.0521214904 0.0045223741
189 0.131011 0.225105 0.000000 1127.5960032909 4.2160371643 743.4566031799 333.4678071659 46.4512790523 0.0039324801 0.0003442621
190 0.019939 0.133960 0.000000 32.3506824273 0.0124156563 24.0864811731 8.0623570251 0.1894011827 0.0000250947 0.0000023033
191 0.171176 0.266841 0.000000 2774.6028574053 13.1033341237 1717.0705758947 890.6513043872 153.6904336192 0.0802520439 0.0069573558
192 0.073345 0.206329 0.000000 424.6761296302 2.8359557520 302.5073190105 115.3951240462 3.9373334840 0.0003643022 0.0000330567
193 0.327327 0.353392 0.000000 7313.3652217110 63.2297362286 3916.5987026400 2569.3693636827 763.9211804310 0.2342944959 0.0119442530
194 0.318077 0.333852 0.000000 9662.6434847473 91.6723964349 4929.4360818509 3378.2179662371 1260.3448414176 2.7084423050 0.2637565087
195 0.160562 0.290228 0.000000 2899.1524126146 44.0628502822 1511.6212268573 1001.4406129382 340.4836645153 1.4438157840 0.1002422536
196 0.210292 0.271026 0.000000 4310.6266557733 57.0427167748 2280.2486589890 1438.5889385130 531.5262484126 2.5742458826 0.6458472055
197 0.174247 0.267820 0.000000 2416.5333373097 8.8930764864 1382.7193678054 802.1388917580 222.4855290566 0.2795928972 0.0168793316
198 0.100746 0.240252 0.000000 1725.7671649551 13.7334159564 993.4480640923 568.4731183837 150.0447333728 0.0637158694 0.0041173084
199 0.104687 0.248812 0.000000 1077.8334281623 1.8419539191 697.5808733003 332.9422726183 45.4458159020 0.0210111186 0.0015013049
200 0.126361 0.211326 0.000000 1989.6847090931 0.1327777365 1229.4773323432 680.1051721219 79.9128792078 0.0528102833 0.0037374328
201 0.178133 0.214243 0.000000 3671.3461595471 3.3213156113 2195.9555875608 1196.2506634362 275.5223446287 0.2689002302 0.0273481109
202 0.198067 0.271281 0.000000 4991.9151068254 2.6836026278 2869.0707206090 1747.3148828194 372.5935234639 0.2380744744 0.0143028711
203 0.216167 0.231666 0.000000 3194.1833781710 0.6360197222 2010.1656599922 1061.9441847490 121.4340078844 0.0033388228 0.0001670100
204 0.158698 0.218434 0.000000 3069.3098877228 0.0124029688 2010.5749067186 1005.5867474680 53.1261149891 0.0090442086 0.0006713900
205 0.213894 0.260274 0.000000 3196.0315058942 0.0499760871 2112.7640541048 1026.6795197110 56.5220505965 0.0146080533 0.0012973335
206 0.139653 0.221983 0.000000 1609.3441745318 0.0167158144 1136.2359727194 457.7371624630 15.3532551335 0.0009847878 0.0000836115
207 0.152860 0.226595 0.000000 1861.8107998206 0.0158685452 1224.6232284631 628.9081070661 8.2630880404 0.0004667912 0.0000409160
208 0.280511 0.244366 0.000000 3969.7560901805 0.1518041862 2590.0374680924 1281.8580826056 97.7032565643 0.0050334371 0.0004452971
209 0.043751 0.124863 0.000000 155.1666129662 0.0105417307 124.2684413107 29.7726412734 1.1149103405 0.0000717322 0.0000065938
210 0.068546 0.178049 0.000000 909.4102080165 0.0017076883 612.6172507259 271.7271604607 25.0634185993 0.0006352469 0.0000353243
211 0.117264 0.176480 0.000000 2302.7223153665 1.0047370760 1454.4819006413 756.3718939402 90.8517869486 0.0110788957 0.0009178659
212 0.202073 0.242805 0.000000 3419.8131634930 2.6078261584 2205.5080619577 1109.9558845001 101.7101919636 0.0286902768 0.0025086394
213 0.389890 0.361935 0.000000 7187.0448985283 42.5402866634 4305.7310707072 2376.2838938080 461.5402812490 0.7581462725 0.1912198243
214 0.138623 0.230175 0.000000 1751.6360375002 7.3796853603 1063.2081303003 534.2307749619 146.0190036095 0.6576432311 0.1408000388
215 0.232481 0.249514 0.000000 3255.8093373368 19.7254032098 2036.7919378264 1017.9752476573 180.9490063622 0.3156315053 0.0521107769
216 0.053335 0.196496 0.000000 1163.0730442139 1.0512539496 729.2690462915 373.4862653525 59.2248109266 0.0387531529 0.0029145472
217 0.121233 0.240474 0.000000 1394.2520541209 10.9288695000 838.6553536546 433.7832801549 110.8633944219 0.0201852617 0.0009711402
218 0.113022 0.222659 0.000000 1670.2999873801 0.4872857470 1070.2279180217 531.3911657240 68.1356706726 0.0548547627 0.0030924634
219 0.190194 0.264305 0.000000 3151.3163639104 1.0025465267 2043.9165063241 961.3916258028 144.7935320776 0.1621644246 0.0499887851
220 0.124483 0.290906 0.000000 3130.9719715487 1.3825864386 1915.4475464834 1050.5401835129 163.5070134323 0.0837374848 0.0109042241
221 0.146022 0.250638 0.000000 2314.8339906499 6.2081514429 1316.0352597696 835.8617137628 156.7191091797 0.0090511869 0.0007053262
222 0.116784 0.214442 0.000000 564.5949093780 0.0069776283 397.5289572136 152.2444304042 14.8133382374 0.0011480295 0.0000578618
223 0.247510 0.282479 0.000000 4098.5286797599 16.4961984607 2272.0376103818 1428.1585439577 381.1505204682 0.6065181321 0.0792883759
224 0.187681 0.233656 0.000000 2145.0847522490 5.8530346641 1303.6038246642 662.0282372665 173.4863982553 0.1064130752 0.0068443508
225 0.154990 0.239616 0.000000 1518.3446131467 1.0120776906 1057.7984995096 407.8976761528 51.2160114605 0.3666024762 0.0537458662
226 0.274815 0.261711 0.000000 5683.5175595349 0.5887609908 3396.5162032884 1896.1391378798 388.7313475204 1.3781191496 0.1639907275
227 0.150622 0.221537 0.000000 1395.7056520458 0.0182239566 977.3705377614 369.2225324546 49.0840760650 0.0095968352 0.0006849710
228 0.104615 0.169974 0.000000 1350.3915985874 0.1071987164 834.3970542824 447.6389498908 68.2164357478 0.0296490096 0.0023109348
229 0.069048 0.179065 0.000000 887.0092232134 0.0170326393 540.7180099449 297.7552136555 48.5119011922 0.0065233148 0.0005424693
230 0.161495 0.246573 0.000000 4736.1106255524 45.7122963252 2632.9556226083 1566.8698638727 488.9190783101 1.5403441383 0.1134203094
231 0.202494 0.246412 0.000000 3667.8728628163 39.6832088167 2084.2572338698 1237.0736480055 306.3942274158 0.4410114631 0.0235332676
232 0.152250 0.241107 0.000000 1667.0909620555 0.5401312126 1027.4757144571 553.4924720941 85.5678545816 0.0139548493 0.0008348882
233 0.034723 0.201505 0.000000 18.9259816472 0.0000207121 12.6116521594 5.3255013844 0.9887135348 0.0000878082 0.0000060515
234 0.302919 0.305087 0.000000 4808.8164094234 16.7927135492 2753.9791991543 1696.0682762451 341.9028015112 0.0687648381 0.0046541548
235 0.166515 0.224882 0.000000 2566.1332009072 0.0553749240 1512.0016465551 919.6345673621 134.4102531525 0.0293069792 0.0020519491
236 0.292261 0.293919 0.000000 5596.1469734271 0.7760225889 3269.9311598809 1982.7292955544 342.4691698908 0.2190833347 0.0222421937
237 0.158302 0.222368 0.000000 1938.8903381666 0.0213607276 1229.1937915993 641.4996280803 68.1726309133 0.0027827854 0.0001441179
238 0.100144 0.203097 0.000000 1015.3362785412 0.3498693466 693.5578594787 307.7879302956 13.6372569711 0.0030825208 0.0002799407
239 0.296401 0.316542 0.000000 3117.1315753220 2.8088978373 2111.1741354034 955.5561216300 47.5842168072 0.0075344445 0.0006692346
240 0.199431 0.238114 0.000000 3098.5510823368 0.0948565083 1980.5189184830 1044.6184373974 73.3075171608 0.0107463370 0.0006064727
241 0.132515 0.203385 0.000000 1572.8854927111 0.0018102909 970.5280009175 580.1062617670 22.2487059089 0.0006727628 0.0000410666
242 0.288446 0.338871 0.000000 4189.2222917695 1.6874509482 2717.4454451619 1396.5817619090 73.4998552429 0.0072300535 0.0005484902
243 0.118071 0.204251 0.000000 909.0500275975 0.0438013340 597.8814508991 302.6627748471 8.4618107920 0.0001756504 0.0000141063
244 0.097131 0.198107 0.000000 1409.0897929991 0.0044382407 869.7530853224 519.1938809358 20.1379497638 0.0004105023 0.0000282345
245 0.180106 0.277154 0.000000 3128.5739711047 0.0233882710 1931.9583676693 1071.6778414901 124.8812761597 0.0307690546 0.0023284857
246 0.130631 0.215359 0.000000 1472.4508627049 0.0218849697 976.2323150225 479.5978298403 16.5983018300 0.0004985853 0.0000324992
247 0.135678 0.217137 0.000000 1991.7381718128 0.0066060856 1300.4425846537 661.6811804428 29.6069182497 0.0008364305 0.0000459641
248 0.138404 0.205760 0.000000 852.5311233895 0.0079332466 592.1787807944 254.0556347844 6.2886883876 0.0000805191 0.0000056652
249 0.218194 0.290021 0.000000 2900.0069897144 0.0052810040 2009.4009371342 858.9905065528 31.6090598509 0.0011237327 0.0000814568
250 0.264877 0.323853 0.000000 4805.9150169729 0.0103806992 3129.7512772229 1585.8945769966 90.2360683753 0.0212495339 0.0014641609
251 0.145607 0.249509 0.000000 1637.4043283391 0.0069657341 1107.0360424574 499.9572433944 30.4032015608 0.0008133879 0.0000618058
252 0.040310 0.200723 0.000000 38.7094248041 0.0000116471 29.2334458447 9.3824186621 0.0935462626 0.0000022153 0.0000001777
253 0.239554 0.310554 0.000000 2577.6133258227 0.0074228822 1752.0328662652 793.6806525115 31.8909022772 0.0013689214 0.0001129796
254 0.060908 0.177417 0.000000 724.8270557996 0.0002892543 486.6282923311 225.9267630746 12.2703674204 0.0012378764 0.0001058593
255 0.174216 0.243237 0.000000 3110.1382964440 0.0017029153 1918.3723843560 1077.2461629481 114.5033836293 0.0134999718 0.0011626455
256 0.209366 0.241396 0.000000 4418.9604785835 0.0113211454 2753.3249484602 1482.2075051393 183.3412426440 0.0693982722 0.0060629451
257 0.186606 0.255894 0.000000 2088.5436747721 0.0026205273 1418.3770088482 642.5230259313 27.6394335621 0.0014639076 0.0001220086
258 0.158901 0.260697 0.000000 2548.5163289378 0.0290358241 1657.0418994537 853.5474200625 37.8952577435 0.0024952493 0.0002206416
259 0.221708 0.268066 0.000000 4251.8890390662 0.0435743532 2643.9053922667 1417.4658500187 190.3960458412 0.0717982386 0.0063783721
260 0.154152 0.232408 0.000000 2136.8664498832 0.0659497803 1344.2294619889 720.0275739861 72.5358187806 0.0070281200 0.0006172404
261 0.137414 0.217533 0.000000 2030.1094801966 0.1890542472 1282.0210780344 695.4662783793 52.4287594727 0.0039654670 0.0003446218
262 0.236261 0.294320 0.000000 3895.8346041052 0.3831385219 2374.7957476082 1358.5421478540 162.0118467434 0.0932634140 0.0084599851
263 0.139444 0.215854 0.000000 1256.3319034620 0.0015481362 870.0980495301 378.9995626014 7.2319191117 0.0007559003 0.0000682042
264 0.295725 0.264501 0.000000 3872.5578328474 0.2330616535 2637.2746567525 1175.1455375432 59.8891419614 0.0141257335 0.0013092236
265 0.201325 0.304377 0.000000 3385.7464953162 0.0113810036 2239.1002921339 1087.9503422230 58.6741445934 0.0094932230 0.0008421863
266 0.260382 0.311820 0.000000 3432.3565709480 0.0557029671 2307.4264121699 1026.0712943432 98.7914567574 0.0107766386 0.0009280857
267 0.084127 0.237324 0.000000 283.8095804413 0.0010903602 208.1330388245 73.6582187424 2.0170466818 0.0001702915 0.0000155512
268 0.188377 0.205121 0.000000 2600.2111506951 0.0124207082 1671.8854827404 781.5006920103 146.8079374473 0.0042653038 0.0003524893
269 0.248181 0.273115 0.000000 3568.2146177603 0.0771001135 2291.3825341385 1106.5217883692 170.2178426906 0.0142085164 0.0011439408
270 0.124158 0.270130 0.000000 1180.2678600631 0.1235028874 778.2617743236 358.4904341852 43.3899560729 0.0020199516 0.0001726491
271 0.089043 0.184340 0.000000 1163.8620098720 0.0015683351 770.0623898009 376.7548924210 17.0428876165 0.0002526991 0.0000190264
272 0.251772 0.255045 0.000000 5643.5042237790 45.1667191499 3276.2625509202 1931.0197131967 390.8305608274 0.2104796406 0.0142000664
273 0.144647 0.241683 0.000000 2111.0111093029 1.1182519715 1266.1304757401 742.7908648313 100.9633498512 0.0077530907 0.0004138440
274 0.160096 0.289305 0.000000 2534.1512456842 0.0183191369 1551.5121143894 913.3626692901 69.2545558689 0.0034300665 0.0001569509
275 0.369850 0.367085 0.000000 7058.4555559255 0.4784316624 4244.3593211217 2413.7490580531 399.7298184182 0.1320753220 0.0068513534
276 0.113166 0.222050 0.000000 615.7200795912 0.0095142084 466.2347518089 141.2288374145 8.2468074289 0.0001628833 0.0000058677
277 0.147137 0.240446 0.000000 1239.3311184687 0.0270772527 800.7099606088 405.3553681967 33.2380707058 0.0006202518 0.0000214654
278 0.135782 0.235631 0.000000 1341.6735301240 0.0330045106 911.0913479766 402.6177793415 27.9309955811 0.0003852367 0.0000174980
279 0.053403 0.127258 0.000000 185.4968094567 0.0020793757 144.4470504741 40.6085948148 0.4390461222 0.0000357282 0.0000029676
280 0.104025 0.216004 0.000000 837.1987090818 0.0053827312 611.4224826314 220.1507885229 5.6198589095 0.0001845772 0.0000117192
281 0.102603 0.224709 0.000000 1174.8931579742 0.0110144860 766.9989335807 393.0713658608 14.8113506601 0.0004646996 0.0000287093
282 0.079538 0.160924 0.000000 696.7515081150 0.0348499239 463.3163257400 224.5867544295 8.8132991670 0.0002635729 0.0000153172
283 0.193501 0.241493 0.000000 2457.7217235699 0.0849562482 1592.4383554467 826.1228203805 39.0745511942 0.0009745742 0.0000657462
284 0.120540 0.199536 0.000000 459.1562382025 0.0070074455 301.5210059120 147.5487407553 10.0794040483 0.0000743188 0.0000057374
285 0.130089 0.219633 0.000000 1066.2213272192 0.0037231876 681.8480369320 345.4660092057 38.9030475962 0.0004783651 0.0000319721
286 0.183857 0.264715 0.000000 2543.2311630542 0.0207256730 1630.7762633786 854.3903094193 58.0430959916 0.0007177739 0.0000508533
287 0.192219 0.240425 0.000000 2516.2557595925 0.0026403398 1618.2019341202 842.6714548444 55.3786625983 0.0009933775 0.0000743362
288 0.141652 0.251950 0.000000 2889.2879681607 0.0120148593 1777.1649251346 993.0800882847 119.0253910498 0.0051685629 0.0003803075
289 0.336509 0.373233 0.000000 5659.7535156406 0.0529538568 3572.0938673119 1897.8824138792 189.7046471985 0.0184059841 0.0012274347
290 0.041120 0.178398 0.000000 69.8885652158 0.0005797998 49.3195906045 20.0154174723 0.5529714994 0.0000055315 0.0000003104
291 0.273291 0.307670 0.000000 2537.7890144559 0.0064764393 1750.2345036410 754.3589829215 33.1872675616 0.0016653104 0.0001186044
292 0.078885 0.230285 0.000000 229.8507584796 0.0001005937 164.8654562657 64.5129953416 0.4721895718 0.0000158914 0.0000008875
293 0.110756 0.224880 0.000000 1604.3089367183 0.0008181050 1146.2474046828 449.3455716060 8.7147337433 0.0003854286 0.0000232153
294 0.270401 0.273320 0.000000 4200.1813493263 0.1793721230 2713.7964789805 1394.6748163267 91.5213359535 0.0086956009 0.0006503348
295 0.094120 0.207645 0.000000 1006.6942867138 0.0057036368 652.2115232437 339.7425948511 14.7338212797 0.0005969277 0.0000467916
296 0.170802 0.246560 0.000000 1721.5932676941 0.0101340939 1177.6586503304 519.3957582765 24.5280831055 0.0005951374 0.0000467757
297 0.113788 0.211267 0.000000 1434.5016538735 0.0115362856 992.9211283776 428.4594666346 13.1091214185 0.0003712808 0.0000299211
298 0.080806 0.214167 0.000000 972.9857978739 0.0009988461 652.9248527748 311.8548293550 8.2047874633 0.0003048356 0.0000246315
299 0.120379 0.227032 0.000000 1018.2964289250 0.0053802011 690.7592999051 319.7073233038 7.8242176935 0.0001915716 0.0000162731
300 0.202511 0.291028 0.000000 5681.2924600786 0.0243608696 3235.4325914930 2067.3225500523 378.0565335778 0.4042518566 0.0521722532
