1 0.676188 0.614498 0.000000 29105.7274078083 797.2791770987 15240.3948621267 9391.7921756894 3570.1765454905 75.3653299125 30.7193174918
2 0.769432 0.708671 0.000000 42024.0638522641 612.3252271275 22242.8277951330 13968.4478364120 5070.2770980225 98.3625951090 31.8233004629
3 1.084816 0.951085 0.000000 58746.2013889809 392.7786687585 32050.1291553150 19881.6678214722 6321.0489230504 79.5891162578 20.9877041327
4 0.993567 0.874276 0.000000 63511.4392878541 936.7790170294 30780.7937777924 21437.9972405765 10070.4256121744 216.5434186212 68.9002216650
5 0.830905 0.702692 0.000000 32071.0940774831 99.9884102582 17355.3009460768 11102.8884819640 3493.9558324158 16.6326538838 2.3277528954
6 0.939340 0.801904 0.000000 45314.7661054570 186.1009450837 23197.0793884913 15680.5443257036 6174.7323764511 61.6515655316 14.6575042068
7 1.250854 1.073177 0.000000 70094.4337991885 322.7400321753 37196.8735460388 24213.9925520323 8176.6447440925 138.3202773512 45.8626475198
8 1.034742 0.875227 0.000000 38794.1729958637 49.8082587141 21749.6868968193 13623.1933593104 3355.3946863513 14.2778949833 1.8118996841
9 0.944597 0.770579 0.000000 39341.3402899924 389.2090661832 20074.4570319890 13488.9943279219 5321.3958330524 56.5086095951 10.7754212655
10 0.744490 0.622556 0.000000 29624.5847709228 137.1351945772 15428.9969574357 10337.5910803236 3684.1449389013 31.0207316180 5.6958680777
11 0.885679 0.804048 0.000000 41853.0426773767 206.2134056691 22694.1583866051 14450.4071468707 4449.1417731864 44.5844578411 8.5375072144
12 0.718800 0.644849 0.000000 27953.8680165263 116.6767453505 15040.0931573828 9588.3018088278 3155.4120685536 41.8817483522 11.5024880653
13 1.006850 0.816658 0.000000 32993.2080626621 60.6076927505 18902.3497738894 11440.2714597815 2579.6589598785 9.2568183509 1.0633580343
14 0.997689 0.832243 0.000000 40969.2754566693 73.5130440625 21676.4485535360 14386.9134098337 4804.3137386469 24.9563353143 3.1303753226
15 0.808088 0.725845 0.000000 29303.8981434710 46.8634509145 16466.8228580335 10296.3865022235 2476.7806400657 14.2220870034 2.8226052782
16 0.909232 0.734352 0.000000 29914.2389388605 40.6331323311 16948.8537553696 10345.2930425084 2571.1947116786 7.4042202665 0.8600767268
17 0.842194 0.691858 0.000000 32516.3148937906 9.5273299920 17907.9499584730 11439.3646263242 3145.1584976013 12.6048419250 1.7096395386
18 0.912443 0.797438 0.000000 32711.5341254748 28.5827005045 18023.4793864402 11522.6828783835 3127.4943017027 8.4172856973 0.8775727623
19 0.893097 0.737934 0.000000 23995.5837765252 4.8779572329 14165.0037961018 8326.8060336265 1497.2662125673 1.4905614357 0.1392155876
20 1.035230 0.875844 0.000000 47171.2564107445 91.3488298887 24871.2707861426 16754.4512479599 5430.1574703752 21.7872916811 2.2407847174
21 0.970293 0.796892 0.000000 34072.7347842527 37.2761864386 19439.8834806123 11911.5299248214 2673.4860019550 8.5169385189 2.0422519778
22 0.910241 0.775958 0.000000 34704.9474839459 9.4821603905 18982.6399471558 12315.6143685852 3383.9505754345 11.7882657083 1.4721667181
23 0.762678 0.736253 0.000000 29067.7294760648 39.9763736585 16420.6083598923 10180.2486673053 2420.2340510441 6.0045365392 0.6574876711
24 0.714410 0.632718 0.000000 16058.6926280453 0.2999665517 10061.8285291208 5299.5381694708 696.3240551520 0.6545438560 0.0473639395
25 1.140721 0.997713 0.000000 42042.5828055901 7.8358818709 23782.4471661695 14701.7636105382 3541.8742208987 8.1537790311 0.5081471437
26 0.929727 0.812352 0.000000 38150.8289288543 64.6044658092 20822.7530993676 13480.7332506165 3765.1392053983 15.4578731694 2.1410345434
27 1.008367 0.881955 0.000000 35987.7154628354 73.7947794028 20060.1797403470 12532.1000328685 3311.0427971170 9.6990666945 0.8990464394
28 0.940224 0.790313 0.000000 30123.0997186594 11.1961596980 17301.5325164250 10361.2578974359 2438.7055884669 8.8062731067 1.6012835907
29 1.093993 0.919180 0.000000 45820.7600345823 11.7140186837 24350.2771604272 16232.4014706153 5208.5179938037 15.5620274589 2.2873636674
30 0.868647 0.732913 0.000000 27788.8326651770 116.1461744517 15335.1724530711 9663.3757500154 2667.8455595756 5.4109852291 0.8817428508
31 0.994474 0.816037 0.000000 30944.8338367111 120.3734694736 17007.8468477145 10749.3129702260 3059.0170907360 6.4597881954 1.8236703507
32 0.823963 0.669326 0.000000 18815.0320682723 34.2524499067 11421.5684894732 6263.7271288445 1093.0077786620 2.0046681863 0.4715531939
33 0.892147 0.702657 0.000000 36273.9602578210 106.5380810982 19300.0829361625 12311.9823391883 4521.0284138574 29.9029582228 4.4255294045
34 0.949729 0.838026 0.000000 36418.5321634611 187.3907170027 19485.0572425775 12247.7063575464 4447.6874623603 43.6118290479 7.0785550233
35 0.970653 0.762248 0.000000 30318.9405755619 123.3677673771 16316.3105035376 10039.1048296091 3815.3564973774 21.1192516240 3.6817260802
36 1.058555 0.892108 0.000000 40686.2225639864 209.7529225053 21774.3169601285 14022.3910038545 4650.9210479908 26.2287621541 2.6118675134
37 0.932623 0.763689 0.000000 31553.6098759981 30.7927865335 18157.3660297556 10903.7133955056 2455.7256382320 5.6333190531 0.3787070071
38 0.623462 0.475925 0.000000 11186.7024115084 2.9065773112 6799.2641033168 3862.1309686844 521.7739317838 0.5846911061 0.0421393951
39 1.051251 0.892459 0.000000 34700.6225517285 21.1974165830 20122.7473019793 12182.9619719534 2369.6665986546 3.7700249245 0.2792377848
40 1.016911 0.771165 0.000000 30907.7345065059 33.7194714387 16777.3565445612 11015.5996088959 3070.6398122482 9.6134886400 0.8055807892
41 0.957263 0.750249 0.000000 25769.5729723419 1.4197053853 14392.3479848959 9000.9291077426 2372.4682244775 2.2475914844 0.1603584221
42 0.862285 0.744666 0.000000 28427.3774162180 81.2534993522 16175.1827395975 9829.2332871025 2334.4052066183 6.6973922456 0.6052914665
43 1.048679 0.974981 0.000000 44523.2195362764 9.2021026273 23766.8120358835 15688.0052060260 5036.1495079783 21.1648716895 1.8858122175
44 0.893661 0.695493 0.000000 25503.6561384615 18.3724259823 13873.0871546444 9014.9190211674 2591.2185764953 5.6402486782 0.4187116306
45 0.730573 0.562796 0.000000 14918.4559464502 18.3726040148 8856.8095649655 5221.8595457038 821.1677687586 0.2295044314 0.0169586150
46 1.155797 0.857790 0.000000 29663.7120021558 178.7240051763 17738.3644195705 10173.6700812503 1570.3673515315 2.3029585505 0.2831861176
47 1.061229 0.901417 0.000000 28402.7800896957 6.0039087048 17323.5307622443 9728.0373134883 1343.7300486475 1.3670022539 0.1110544101
48 1.046171 0.806041 0.000000 29029.7083833110 44.8683512358 17357.3419989807 9950.4739723124 1675.6057675890 1.3458902461 0.0724030028
49 0.750678 0.617461 0.000000 16266.2847790345 0.1569770935 10355.0835095227 5352.8622759721 557.9850498442 0.1877663473 0.0092004024
50 1.201914 0.887123 0.000000 38888.1728988342 0.9521059622 21117.3248373047 13765.2161973259 3988.1181428751 14.4471793946 2.1144361639
51 0.869249 0.639404 0.000000 18915.5342876210 3.8069784325 11003.5808760700 6540.1955336572 1364.8325893362 2.7629783799 0.3553318266
52 1.151314 0.914229 0.000000 36370.1577596389 3.0022359693 20011.1587541517 12907.6135609925 3439.2511333020 8.3490454102 0.7830298941
53 0.957270 0.749908 0.000000 28520.5045200061 10.1821814228 16282.1788268733 9888.7201478289 2333.4146949137 5.4903801644 0.5182889130
54 1.043197 0.772210 0.000000 24779.5055211094 25.3770325704 14596.3631437731 8589.7611357594 1565.8935913530 1.8774857814 0.2331319891
55 1.100532 0.815742 0.000000 26475.2345829597 39.1561087985 15309.9372198208 9468.7440771741 1654.0866827836 2.8787591077 0.4317353879
56 1.086741 0.806796 0.000000 27596.7574663903 155.3146429560 15718.3090175666 9465.1368150662 2252.7594123504 4.6100446524 0.6275338725
57 1.178427 0.861809 0.000000 32626.8813253968 4.2999924732 19924.5009592791 11133.4906095125 1561.8921512043 2.3835234019 0.3140896640
58 0.952526 0.725398 0.000000 26750.8343838179 70.2579421240 15505.3640562581 9281.2841406031 1886.0643465072 6.4647088293 1.3991895721
59 0.712320 0.538671 0.000000 12693.9178741989 3.8338043341 8083.7623799122 4036.0963087580 569.1284247050 0.9549801191 0.1419764730
60 0.891768 0.747957 0.000000 21445.0885334096 196.4707894692 12628.1494402332 7044.2993814149 1566.4479057926 8.3604326724 1.3605838878
61 0.870433 0.780366 0.000000 31553.1352942462 2.8340995227 17778.3396491897 11127.7207466615 2634.6241296337 8.7154830332 0.9011863673
62 1.048833 0.851995 0.000000 29538.0963229114 6.2188473254 16995.9689561112 10363.3618486821 2163.1274508394 8.4137077207 1.0055124349
63 0.693622 0.614690 0.000000 11020.5516484746 0.4743775306 6976.7038973166 3503.5310138368 539.4239697859 0.3927772493 0.0256128431
64 0.778080 0.648274 0.000000 18773.5212076940 2.8218989593 11442.3162420792 6301.6046632612 1025.7987775101 0.9297764386 0.0498495104
65 0.765814 0.645290 0.000000 24765.9984848834 24.7530429012 14000.0623191263 8490.7585683032 2238.5544109820 10.2968887978 1.5732547641
66 0.944595 0.845819 0.000000 27348.8770561450 122.1227231670 15209.8022431041 9063.2316088719 2934.3303004754 17.4011670383 1.9890135646
67 1.014328 0.821467 0.000000 31655.6359826145 169.3981731738 17141.9737670433 10511.2145404324 3818.2776009367 13.8020696856 0.9698314813
68 0.840084 0.664419 0.000000 19988.4280079524 2.8100741491 11342.3601532438 7055.5860380230 1585.3570078149 2.1149109672 0.1998238799
69 1.013679 0.785403 0.000000 27111.9400021932 68.6305617502 15423.7110633264 9502.3400758786 2114.1144825992 2.7940371178 0.3497816899
70 0.769418 0.643757 0.000000 18198.7605553441 0.7613788839 10515.7513361262 6418.6052560541 1262.9392073065 0.6491606586 0.0542164455
71 1.030335 0.864275 0.000000 31915.0553122742 10.7708772862 17857.9104082272 11260.3664908975 2775.3975777532 8.2287624122 2.3811959551
72 0.831991 0.736271 0.000000 19549.8198056255 5.0735143894 11793.3219686971 6473.3042654852 1275.8668974254 1.9514080063 0.3017517824
73 0.813795 0.674350 0.000000 20178.4538200309 2.4555705565 11725.6542629518 6986.0061816678 1462.2444262246 1.8589197353 0.2344589864
74 0.669934 0.545920 0.000000 11372.9539796877 9.9231556106 6668.5463914657 3746.6455747553 946.2926676578 1.4762788255 0.0699114832
75 0.945336 0.756575 0.000000 24658.3248069281 38.7828265652 14316.1496310441 8749.4930375786 1552.0422120744 1.7228504497 0.1342494745
76 1.054476 0.859509 0.000000 35148.8458600270 40.0485067231 19701.3074447109 12253.7831242270 3144.4555205789 8.4957342091 0.7555296826
77 0.979995 0.810119 0.000000 26133.7586256825 53.3536655479 15508.0616195293 8923.4946051461 1643.4787074557 4.4707200039 0.8993081586
78 0.805521 0.723686 0.000000 20849.6918397939 9.1062040959 12206.3861482817 7176.6490995147 1454.6556948948 2.5610008409 0.3336924329
79 1.091539 0.844006 0.000000 25936.0723512186 23.4986942348 15440.3216443660 8876.1278912118 1594.1471781902 1.7241499323 0.2527934161
80 0.831354 0.661948 0.000000 16294.0131140288 27.5245236540 9377.2181497615 5653.1011488299 1235.2481089220 0.8866776848 0.0345053222
81 1.009471 0.823014 0.000000 22016.1489875946 2.2723600758 13053.9732453409 7539.2212221188 1418.2209478942 2.1855982386 0.2756142370
82 0.915092 0.719749 0.000000 24997.7857601358 20.7844368922 14116.9778251678 8816.1061203457 2033.5289951555 9.2185313613 1.1698512667
83 1.119674 0.852218 0.000000 29738.2259101622 0.3597175533 16869.5117569848 10544.2320228682 2320.5928806176 3.2943520590 0.2351802604
84 0.869545 0.733612 0.000000 21897.2734181787 0.0975913641 12555.3192048746 7606.1618847056 1732.5866401406 2.8135623095 0.2945348959
85 0.684982 0.561647 0.000000 10244.1365743790 0.0537667126 6252.1686647024 3321.4229148560 669.4628069424 0.9250790142 0.1033423092
86 0.971178 0.815372 0.000000 20664.3044887102 0.6548460569 12409.5703912532 6878.6409356201 1373.6693212467 1.5724883616 0.1965062565
87 0.731459 0.590639 0.000000 12656.0140260830 0.0526239471 7771.1120645992 4327.6447518375 557.0533048932 0.1446070897 0.0066738712
88 0.874913 0.726975 0.000000 17468.5761920916 0.1123087478 10935.4124126686 5838.0713976833 694.6217257073 0.3276119363 0.0307355771
89 0.926009 0.818503 0.000000 27333.2816382945 1.3591486959 15848.8078671731 9606.1356196722 1874.5743391707 2.1301257493 0.2745381541
90 0.615504 0.609049 0.000000 10422.9647970567 0.0572363643 6692.4438139049 3436.0707264913 294.3438022794 0.0464973148 0.0027209701
91 0.515969 0.517032 0.000000 8915.5236658748 0.0063477991 5740.8627014421 2943.9994369052 230.6241430404 0.0300186966 0.0010182960
92 0.958773 0.840196 0.000000 18925.9511458447 0.0171763536 11913.3319513821 6284.5479867478 727.7463667949 0.2900728003 0.0175922402
93 0.867422 0.734570 0.000000 17388.6631551795 0.3415540562 10772.9224715524 5745.9448221484 869.1726957882 0.2716736951 0.0099385866
94 1.048414 0.831857 0.000000 18705.3313338017 0.5518906522 11742.3948268499 6009.8788662064 951.3365302628 1.1222050996 0.0470152421
95 1.119013 0.873702 0.000000 20143.5231903760 0.0941386718 12802.4967517159 6415.7388321566 924.9427784405 0.2398705327 0.0108194591
96 0.982928 0.790997 0.000000 19972.7506489860 2.4657717755 12668.4179624263 6592.8067853189 708.9731963701 0.0844835202 0.0024501568
97 0.939967 0.824596 0.000000 22363.3179928641 3.0483764386 13547.0260626996 7644.2825615445 1168.3160407928 0.6232287139 0.0217228172
98 0.852699 0.788444 0.000000 32699.5307707472 2.8704960623 17801.3240034920 11790.8323210205 3090.1192150239 12.5383054195 1.8464299881
99 0.676392 0.611034 0.000000 19787.5090215577 5.9188832525 10741.8650986231 7042.2996939128 1986.6073525070 9.4136064028 1.4043869850
100 0.825234 0.734158 0.000000 20250.5627846354 13.1852343691 11826.3682982405 7089.6111874065 1319.7468946473 1.5251258603 0.1260442550
101 0.921162 0.795053 0.000000 24830.6086452230 101.1722947525 14008.1176957940 8803.8722689195 1909.6772513168 7.1555889857 0.6135457162
102 0.797383 0.743762 0.000000 33954.3055557466 340.0640578821 17325.4763141128 12154.9153920749 4096.7082396315 32.1495573201 4.9919949800
103 1.114102 0.819601 0.000000 27095.6122891068 131.6532783915 14798.4649058648 9621.4108653739 2537.5994380436 5.8816223098 0.6021792890
104 0.774661 0.663727 0.000000 20158.8810910885 9.6849971474 11124.3884691661 7272.4505929042 1748.3915059741 3.5811064052 0.3844195981
105 0.894159 0.750773 0.000000 26525.3450343676 4.9968143427 14010.7173889516 9602.4188991798 2900.5507317605 6.0110125785 0.6501877492
106 1.167208 0.905438 0.000000 27331.0070635347 1.0673062813 15148.3044209200 9869.8262600765 2310.0368213354 1.6918515113 0.0804034844
107 1.130141 0.945255 0.000000 29720.4136550136 0.2885015510 16996.2357121412 10633.0858925914 2089.2245959925 1.4785565640 0.1003963321
108 0.986996 0.822079 0.000000 22214.5974555711 0.1122986661 12876.0702554328 7912.2806073820 1425.5745691569 0.5429273864 0.0167977406
109 0.728191 0.655673 0.000000 23569.9248310155 2.3527635819 12848.1946753238 8499.8214924986 2215.3214187167 3.8769504997 0.3575306129
110 1.053895 0.800786 0.000000 29258.4155902881 4.2922143251 15994.6472343489 10406.2298624187 2849.7559353786 3.2509309927 0.2394128727
111 1.123179 0.803971 0.000000 25570.5233344089 7.7218271942 14672.9270305243 8939.0021758775 1949.9623306839 0.8599267020 0.0500435690
112 0.783919 0.634559 0.000000 22013.1970116467 5.8384157430 12164.8588556952 8023.7547687296 1817.6061471466 1.0957304758 0.0430939877
113 1.149936 0.870415 0.000000 33528.8354888064 26.8013666901 19257.4595049701 11977.3867863581 2265.7946911701 1.3105482717 0.0825914762
114 1.101332 0.837697 0.000000 24563.0351681903 88.3006328268 14426.2382189042 8523.8086866631 1523.9703119164 0.6944960001 0.0228220258
115 1.038638 0.771444 0.000000 19454.2856009644 12.1757499984 12159.4881109640 6412.3466686856 869.9167898597 0.3259597527 0.0323218188
116 1.344007 0.935267 0.000000 31744.3678594863 108.2831782781 19665.3991024100 10407.5413261715 1561.8029931157 1.2760666311 0.0651930301
117 1.230438 0.883222 0.000000 24564.5922142115 1.3636282444 15030.8152950301 8114.5019368055 1417.3422806118 0.5225200951 0.0465537218
118 0.912076 0.731881 0.000000 19278.1241140881 8.3096758353 11772.2750049486 6362.2172884274 1134.0662847334 1.1164159820 0.1394443760
119 0.738354 0.638934 0.000000 18386.6984201119 1.0501705185 10770.4478168971 6392.6417820903 1221.6227108879 0.8694522164 0.0664878092
120 1.084286 0.908945 0.000000 34642.0302699136 22.5466364024 19409.7252091309 12409.0452747610 2793.4413770530 6.3335117141 0.9382610254
121 1.005562 0.764592 0.000000 17298.6826557560 35.9495405187 9930.9815453785 5936.9477379685 1393.2440275579 1.5025284381 0.0572759894
122 0.671470 0.574175 0.000000 10413.9364043385 1.0387533878 6152.3922144329 3562.0592809553 696.6561541814 1.6550129166 0.1349885538
123 0.862349 0.679832 0.000000 18423.6931817665 53.9079934523 10664.5079814447 6300.7326910212 1403.5387080717 0.9231217214 0.0826862117
124 0.968507 0.730525 0.000000 20036.6124903219 18.6562356301 11755.1767184155 6889.0405901567 1371.5668271226 1.8816790137 0.2904402105
125 0.998963 0.773300 0.000000 21053.3798589763 88.2153623079 12529.5146088024 7212.8305598028 1221.4738371284 1.2131536973 0.1323372789
126 1.072940 0.806972 0.000000 29141.7243700529 154.9262755791 17293.5868880346 9786.9799535518 1898.8892043836 6.0727793673 1.2692693614
127 0.924245 0.723013 0.000000 22358.4064995088 10.7517584902 13416.4807408933 7891.7198383571 1038.0819863692 1.1631375439 0.2090381160
128 1.039554 0.718732 0.000000 16710.4149701027 0.4283692142 10517.0285341488 5747.4391799710 445.4075710056 0.1042188636 0.0070972500
129 0.941778 0.731329 0.000000 18333.5586339761 1.4747550468 11171.5097842896 6440.3470288397 719.3275957868 0.7974309463 0.1020393605
130 1.075796 0.831884 0.000000 23526.6242544119 8.4858204449 14470.2900637218 7970.6752314677 1075.9403448076 1.1191784169 0.1136157215
131 0.987504 0.782044 0.000000 17830.8884104867 2.2171100558 11216.5250898471 5980.8225485737 631.0241805584 0.2744828248 0.0249987450
132 0.800330 0.650701 0.000000 14064.4670198837 61.8958713799 8708.1677071186 4711.1926431092 582.7351969323 0.4390894731 0.0365120028
133 0.680116 0.547615 0.000000 9294.6277989449 0.0063842556 6055.5160536381 2981.8641665609 257.1633451765 0.0729786830 0.0048708613
134 0.863876 0.679033 0.000000 16091.0518038915 0.0128255018 9612.7778657198 5690.0194141994 787.8433449648 0.3616386125 0.0367151530
135 0.902995 0.663921 0.000000 14723.4022993613 0.6745779870 8751.9891506915 5061.4995626410 908.3419199389 0.7860955441 0.1109927534
136 1.099105 0.864701 0.000000 23630.1418082288 10.4478349790 13481.1906883714 8240.5606210188 1894.0729215692 3.4619160919 0.4078263907
137 0.821561 0.705780 0.000000 19383.7587887314 1.3292352918 11040.5059958596 6902.9479525975 1436.8562931773 1.9955793391 0.1237326536
138 1.071058 0.778001 0.000000 17427.8340533952 1.2412649182 11143.1671659120 5595.7603681560 687.0271555804 0.5926655792 0.0454334472
139 0.997831 0.789199 0.000000 17711.8653457044 0.6759563245 11308.7917867431 5751.1269395636 650.8246997213 0.4106102767 0.0353532897
140 1.314159 0.936304 0.000000 28473.2627359506 38.4437084200 18023.5072382490 9143.5972422995 1263.1577238953 3.9835880293 0.5732352443
141 1.171187 0.881695 0.000000 23238.0233885750 14.7677670577 14503.5344488071 7752.2576878285 963.7085694448 2.9973231771 0.7575922630
142 1.008170 0.800224 0.000000 17827.9426082323 8.9500198174 11520.9231506466 5795.7662240054 502.0415174586 0.2406614891 0.0210350672
143 0.835176 0.700658 0.000000 15707.6277003633 15.3503365287 9909.2701037649 5297.6929754021 485.0158726105 0.2734399771 0.0249722165
144 1.086840 0.881335 0.000000 16606.1865957542 26.3992493434 10674.4796979456 5400.3691486379 504.8850255342 0.0492301437 0.0042443095
145 1.090492 0.840979 0.000000 25390.1352510772 8.9236369611 15033.2131161141 9073.4837284216 1273.7034444562 0.7247645878 0.0865606595
146 0.935776 0.736275 0.000000 14687.4195679154 0.1143344209 9372.3009272097 4833.2365476289 481.6448400529 0.1099653504 0.0129533567
147 0.933413 0.715519 0.000000 21794.2282058666 15.2778954673 13111.1948891805 7441.2846005131 1225.4859510433 0.8875447712 0.0973250235
148 0.857590 0.752559 0.000000 21807.9451444722 177.1797913746 12200.5226693975 7596.5547237887 1826.9016597607 6.0848567863 0.7014435295
149 0.773881 0.654941 0.000000 18939.8348239069 215.3623745584 10092.8600378867 6510.1715731638 2108.6743209951 11.5229732405 1.2435441063
150 0.865977 0.707893 0.000000 26030.0116499253 253.6623811188 13164.6863443214 8948.1382308157 3628.7596961475 30.7695085854 3.9954890847
151 0.880067 0.726526 0.000000 19078.1175427928 432.8251518771 9817.3620213678 6230.8002817389 2578.9234611076 16.5250232585 1.6816035839
152 0.873279 0.710630 0.000000 22654.5487371326 435.8458539826 11449.7514004516 7440.1779384497 3299.8845854630 26.7834538355 2.1055051545
153 1.012011 0.797747 0.000000 29873.4579750568 361.5798506438 15361.2253559420 9842.0608015463 4261.4841155238 42.2197172276 4.8881343064
154 0.861892 0.698409 0.000000 24350.1597290108 299.5307953329 12629.5232261490 8133.4913555883 3232.9004338329 45.8990479581 8.8148702783
155 0.986886 0.867547 0.000000 34361.8496932850 632.1203788792 16991.1126389120 11370.0162676491 5286.0464950619 74.3921890227 8.1617238533
156 0.978321 0.728107 0.000000 23738.1678873544 192.0795530969 12549.2281704918 8353.0228377154 2593.7869477214 39.7086350477 10.3417433182
157 0.869079 0.740101 0.000000 30655.6873905457 19.2869845669 15770.1982538480 10918.4766421641 3921.8520033739 22.1560849122 3.7174218070
158 0.934657 0.776824 0.000000 24352.0500645537 2.0291980774 13033.5405361382 8926.2656787918 2384.9526059448 4.6782283761 0.5838173368
159 1.153558 0.927312 0.000000 27315.5966529299 0.6316402986 15193.0297128236 10152.8923441504 1966.7135538084 2.0517657028 0.2776364716
160 0.983540 0.835687 0.000000 32236.5097043557 48.6170664863 17202.8267786599 11706.2321060088 3271.0926626071 6.6184971698 1.1225937372
161 1.013512 0.819027 0.000000 23837.6903958163 0.0079784154 13773.3745469582 8484.1733140295 1579.4497415702 0.6634227835 0.0213929719
162 0.743941 0.627379 0.000000 14163.9004031748 0.8920189414 8597.4098403098 4888.5454971920 676.5614917776 0.4620060425 0.0295497061
163 1.217167 0.903561 0.000000 27969.0887454495 4.2742957503 16914.6018852104 9754.8122509812 1294.4407024936 0.8802341159 0.0793776947
164 1.042574 0.914857 0.000000 26942.9203801905 90.4720312090 16135.9494505158 9086.1008209947 1628.9608714836 1.2983447392 0.1388616448
165 0.634361 0.541729 0.000000 7969.8598239632 11.7571547369 5053.8344280544 2598.0556552074 305.7521443362 0.4171588623 0.0432831196
166 0.850917 0.699307 0.000000 14452.4511713111 119.6626213258 8764.2712232109 4833.0507062519 730.4559989754 3.7207620042 1.2898598959
167 0.888081 0.667854 0.000000 14276.6114920230 25.5902855718 8620.9476172602 5061.6443816011 567.1473729779 1.0280594769 0.2537751249
168 0.947161 0.803913 0.000000 19196.7267626093 101.5102468438 11533.1180796153 6503.8720653637 1056.1376934868 1.8687145435 0.2199632412
169 1.029556 0.804685 0.000000 16261.5927469697 0.3272852363 10675.5836954140 5184.1334978303 401.3502479832 0.1839583037 0.0140624498
170 1.197842 0.896642 0.000000 29639.1652313293 4.4371954304 17395.2319736112 10506.8378402266 1729.4349928534 2.8631601000 0.3600696096
171 1.040143 0.864204 0.000000 22876.1357689917 7.8065728164 13276.7071445421 8025.6511564797 1561.9595382696 3.4811660555 0.5301909135
172 0.886237 0.746636 0.000000 20477.5767871690 15.9773779343 11905.2059124872 7139.5820058529 1413.8327052557 2.6617228709 0.3170631660
173 0.944165 0.799306 0.000000 17223.8773326245 11.9450659707 10520.3810686961 5792.0145548715 896.8666273820 2.0635244758 0.6064917312
174 0.791727 0.623655 0.000000 14077.0949346334 21.4950070242 8514.7071435981 4755.7761143206 783.8893334737 1.1108887735 0.1164476528
175 1.260531 0.999417 0.000000 32519.8921961701 24.6455230243 18748.7444225504 11456.4432226450 2281.1489809614 7.3837473784 1.5263001574
176 1.064546 0.847024 0.000000 21149.8249097305 4.5320308833 12844.2411150673 7362.0622858246 938.1911046251 0.7253381505 0.0730358708
177 0.819884 0.666408 0.000000 16058.0079147221 4.1619801532 9677.9331106577 5519.8548725640 854.6811327812 1.2116412774 0.1651779023
178 1.029861 0.819035 0.000000 19849.6204076283 6.1444625012 12367.5566481339 6524.7454207899 949.0400917796 1.9083821126 0.2254025931
179 0.926841 0.767588 0.000000 16462.7297784080 1.6006459557 10366.5202401599 5545.9457963731 548.1242304489 0.4918992263 0.0469664916
180 0.805318 0.591840 0.000000 8250.4941176147 2.7750735514 5397.1632449809 2635.5863816965 214.8400104295 0.1188781555 0.0105290165
181 0.770085 0.603189 0.000000 13059.5665630665 20.3592605182 8241.3782199563 4173.2334064909 621.8670734528 2.2522215070 0.4763812708
182 0.693030 0.607615 0.000000 11427.8132120492 16.8602859695 6930.2357259726 3913.9461461928 564.5135955503 1.8832764680 0.3741823264
183 1.138700 0.847446 0.000000 26114.2588926772 56.3152536192 15655.8248450876 8863.4409338296 1528.8389411690 7.5265679674 2.3123513392
184 0.922562 0.725789 0.000000 16504.6167189536 29.8238998322 10091.9257920246 5581.9684455061 799.0392438190 1.5508406997 0.3084974349
185 0.961506 0.764202 0.000000 16517.8486822939 5.9787606065 10776.7972227961 5157.0841285855 577.6395410227 0.3194521941 0.0295773352
186 1.014030 0.864413 0.000000 25273.2920832594 9.7835676151 14882.4822041156 8872.6587850644 1506.2773225471 1.8669244122 0.2232799186
187 0.961642 0.804891 0.000000 26634.3751449545 154.8553640378 14788.6213252580 9382.9726422108 2299.3258835190 7.4549062159 1.1450239525
188 1.018664 0.806729 0.000000 23114.1415254293 124.6590387518 13295.2658259067 8031.3834761598 1657.6064190373 4.4005523096 0.8262135892
189 1.089945 0.839635 0.000000 20635.3995144263 5.0633700062 12415.8580836410 7158.3371413724 1055.3829354867 0.7005493211 0.0574349178
190 0.853583 0.642329 0.000000 13050.3978928672 0.0923694636 8087.6339645989 4524.5703392147 437.9473163800 0.1448300221 0.0090735727
191 0.772311 0.568511 0.000000 10855.0780598583 0.0784917078 6697.9087073416 3754.0007327571 403.0441853618 0.0439822809 0.0019610387
192 1.194764 0.919073 0.000000 18599.1247160872 0.0594182346 11135.3308019425 6376.4273660491 1087.2027586465 0.0986685309 0.0057033162
193 1.147740 0.920163 0.000000 36033.9019609458 2.4983511308 19834.3832202725 13032.7667209284 3154.2019469994 9.3760410745 0.6756806899
194 0.827261 0.682751 0.000000 22646.1581843997 0.0397719519 12398.6321105973 8169.6616782433 2074.2240715741 3.3449287926 0.2556233889
195 1.210759 0.907242 0.000000 31043.8869335097 0.0823915275 16755.7765065664 11568.8966895321 2716.7864451955 2.2261505188 0.1187507280
196 0.962580 0.733869 0.000000 18006.3151600603 0.0131108540 10199.4574833699 6550.2585306155 1256.2943728270 0.2799314283 0.0117317628
197 0.962153 0.728629 0.000000 12843.4978360540 0.0082029349 7621.0231735939 4544.0834400273 678.2507706132 0.1280476005 0.0042020573
198 0.999751 0.753253 0.000000 18421.7192239761 0.1111869620 11062.4689618188 6455.2052922457 903.6814570498 0.2373059810 0.0150202924
199 0.925010 0.750559 0.000000 22038.2048972177 0.4173069895 12429.4834836504 7987.8541488594 1618.7411489459 1.5438947263 0.1649144705
200 0.846683 0.709403 0.000000 19191.5105413883 0.0302393192 11253.6047222319 6879.8291607655 1057.6278267084 0.4021009408 0.0164919914
201 1.335115 0.941673 0.000000 23732.5990235412 0.0186143374 14369.7171904358 8128.4560994197 1234.0910309419 0.2960260665 0.0200630044
202 1.079963 0.818148 0.000000 26564.4090501041 0.2765362071 15408.4298291842 9257.9943609378 1896.0201434026 1.5881368451 0.1000437393
203 0.880084 0.725875 0.000000 20521.1789542578 0.0142322668 11687.5050176114 7207.2194693358 1624.2227986170 2.1289336298 0.0885031261
204 0.847073 0.669499 0.000000 12992.1723189361 0.0158847983 7742.0637466366 4427.9133343632 821.9024972308 0.2687697598 0.0080865229
205 0.717655 0.611279 0.000000 10899.6279155944 0.1039558715 6173.5538444246 3676.7815138123 1048.6809958456 0.4680467680 0.0395591908
206 1.033996 0.689971 0.000000 13512.6933881583 0.5193326160 8314.7327255679 4535.6948257933 661.2025816420 0.5040912779 0.0398314651
207 1.178072 0.850309 0.000000 20890.3811774231 0.8382884610 12657.8112402102 7230.0430422448 1000.0277429153 1.4696799430 0.1911840549
208 1.118205 0.846098 0.000000 20892.0056965155 0.1299375953 12648.2181647889 7326.6562009410 916.2993831180 0.6406723316 0.0613384092
209 1.192175 0.919277 0.000000 18283.1477501173 0.0370252630 11447.2313850906 6281.7639066709 554.0178442839 0.0903732890 0.0072161973
210 1.246408 0.959127 0.000000 24982.4114809312 9.6747937992 15482.9412147158 8455.1507062939 1031.4840797000 2.7819473183 0.3787393913
211 0.954888 0.752637 0.000000 23283.1350329148 44.9527840710 13959.6535363295 7933.5621947540 1338.8380818066 4.9784978527 1.1499387344
212 0.984993 0.744861 0.000000 18504.7691302394 0.0555118757 11475.5058444372 6378.3516182074 650.6939726194 0.1528016598 0.0093817389
213 1.043244 0.853365 0.000000 38137.8103134498 2.9842214458 21183.4815814435 13706.9134557576 3240.2162165419 3.8422294733 0.3726092702
214 0.936926 0.745769 0.000000 19715.8195641248 1.0785506093 11720.2619081953 6778.7523131799 1214.0025721730 1.6253181730 0.0989023271
215 1.114119 0.839586 0.000000 24059.6457656008 0.4874321767 14702.8151033760 8125.9308419908 1228.8301462316 1.4322207836 0.1500217141
216 0.793599 0.607931 0.000000 10622.3907368580 0.0041582412 6779.8759784785 3527.8532924315 314.6436836768 0.0130714574 0.0005529856
217 0.905884 0.769720 0.000000 18692.6567406476 1.1640387808 11008.6758790151 6425.4244117434 1256.7710830558 0.5740423795 0.0472862477
218 1.039638 0.813314 0.000000 22847.7637185667 0.3340161401 13270.1498737910 7722.7108786929 1853.6746937150 0.8316147466 0.0626420012
219 1.046227 0.813179 0.000000 19450.5831030795 8.7902351219 11673.5892057414 6540.1570580329 1225.7553090689 1.9649459183 0.3263496499
220 1.096870 0.860390 0.000000 21631.9160771437 22.9657776317 13157.5472639471 7407.3951985007 1040.8656352532 2.7249820952 0.4172198600
221 0.853087 0.696897 0.000000 15211.3665884467 5.9680417160 9276.2501436536 5183.9709657823 743.3171113463 1.6177800783 0.2425459716
222 0.807984 0.634720 0.000000 10521.5688355870 12.9465272214 6649.6092124109 3469.3405807095 387.5653218944 1.7034525134 0.4037412403
223 1.372097 1.025640 0.000000 24964.4352496836 23.9776015889 15384.8750672898 8237.1506383012 1310.5240727568 6.2724114850 1.6354587358
224 0.892313 0.680951 0.000000 13628.7406637865 1.3706365927 9086.3339801455 4168.3746434220 372.3995979917 0.2388466800 0.0229593676
225 0.869517 0.649938 0.000000 12619.2134615870 0.5994350155 8395.2639631803 3914.9087957511 308.2392862775 0.1845833546 0.0173983377
226 1.093835 0.908915 0.000000 24417.4408947616 16.4625210254 14860.2393557630 8435.1445619607 1102.7174089592 2.5374036095 0.3396440403
227 0.802021 0.671798 0.000000 14006.3693214235 6.0201081501 8999.1836659543 4548.8701908896 451.6566532323 0.5804222644 0.0582813576
228 1.025587 0.829003 0.000000 21479.6435473656 0.8235094840 13439.6738348004 7224.8810749843 813.3537839219 0.8189933313 0.0923513898
229 0.910337 0.728537 0.000000 10563.7278908106 1.7030138453 6950.3018294393 3419.0614678367 192.6419325140 0.0181095713 0.0015378772
230 1.088268 0.843454 0.000000 17687.0116576407 0.5113544052 11388.4324211153 5793.2256346975 504.7232372920 0.1099550836 0.0090556702
231 0.861863 0.693254 0.000000 13403.4609653808 1.2316771552 8432.0875764544 4452.0836753130 517.7558602116 0.2751940807 0.0269827315
232 0.695799 0.575942 0.000000 6592.1999998013 0.0068138680 4608.8615597632 1917.3771007158 65.9484228801 0.0056018599 0.0005011657
233 1.277533 1.037989 0.000000 30453.7538616455 0.8643809808 18601.7280616977 10330.6377282487 1519.3181292575 1.0906337975 0.1149283498
234 0.985136 0.760325 0.000000 16292.3531749763 81.6249817753 10229.9703418706 5131.7796351655 847.9273780398 0.9303224740 0.1205159595
235 1.035996 0.866188 0.000000 20579.7936104201 181.9316339978 12765.8012154928 6588.2038213889 1038.2871897807 4.8261654839 0.7435843834
236 0.739013 0.655011 0.000000 14075.0332113155 9.6465983762 8992.3531530410 4558.8267837378 512.8550714356 1.2124895315 0.1391155029
237 0.858330 0.670893 0.000000 11761.4818002355 0.5580412514 7884.7183780843 3669.1247338143 207.0276379752 0.0488031924 0.0042062553
238 0.890517 0.674245 0.000000 13394.5878443670 66.7186135536 8199.7959005190 4548.4160398439 579.1080657395 0.4816859828 0.0675390314
239 1.126839 0.824443 0.000000 19766.7183600324 92.6938401143 12099.2907669343 6668.2397112557 905.4206627843 0.9382117342 0.1351672126
240 1.098507 0.778401 0.000000 12136.8804711959 22.3802247831 7822.6960170793 4020.9902031944 270.7625927372 0.0474639065 0.0039697275
241 0.779582 0.633109 0.000000 12361.8443793967 46.4863279628 7720.6252991842 4137.9568010070 456.5618716937 0.1952888236 0.0187910855
242 1.093620 0.854709 0.000000 23785.7036595989 5.8056972152 14178.4752011264 8413.4702414182 1187.2390233229 0.6512976858 0.0621995946
243 1.029620 0.751985 0.000000 16231.4045779402 0.2103898549 10381.0028953394 5470.2830466767 379.8013499552 0.1000315020 0.0068655493
244 1.031335 0.769481 0.000000 16500.5208610377 11.2072048395 9991.9829115993 5919.8209112742 577.3255043274 0.1719177581 0.0124118604
245 1.048147 0.829758 0.000000 22911.4806973594 25.1105474358 14092.8588162591 7812.7821355775 979.7079123767 0.9294416613 0.0918447198
246 0.958100 0.761145 0.000000 18667.5548262042 20.7061878120 11523.8049105691 6310.6366630192 811.8353059153 0.5268674213 0.0448923209
247 0.918118 0.801847 0.000000 19156.9685324395 1.0871154981 11723.7193919489 6604.0726413511 827.1615409581 0.8089748541 0.1188686024
248 0.945211 0.851086 0.000000 19073.5165366665 0.5352590083 11607.5771969203 6662.8833073894 801.9572851931 0.5160210133 0.0474677724
249 0.980623 0.753932 0.000000 13054.9725369443 0.0607763241 8499.4895998923 4232.7347113941 322.6559517194 0.0296743085 0.0018240676
250 1.127305 0.893123 0.000000 25225.1054328921 1.4198198564 16039.2422981742 8271.2073537607 912.6342363073 0.5546374241 0.0470880137
251 0.952989 0.738938 0.000000 16755.1380972761 0.4277966431 10530.9588139726 5638.7504896281 584.5615870176 0.4049153373 0.0344952864
252 1.041099 0.775808 0.000000 20220.2639927712 0.1938362995 12401.2046509855 7205.4071414243 613.3726101097 0.0827539529 0.0030007685
253 1.188292 0.949984 0.000000 27687.3258472821 0.1532632252 16444.5558629764 9839.3658470541 1402.9479054054 0.2866968021 0.0162726634
254 1.175950 0.864129 0.000000 18478.6218167326 0.0462100821 11550.4267939934 6403.9298890122 524.1509476320 0.0641490680 0.0038276830
255 0.934330 0.743265 0.000000 12389.7721664678 0.0445726238 8030.1708786548 4103.4625965927 256.0745687680 0.0184732149 0.0010773726
256 0.917764 0.728110 0.000000 13970.2655511370 0.0248031754 8953.3051323225 4722.7708448155 294.1415629660 0.0218330680 0.0013754182
257 0.748984 0.610267 0.000000 9318.1664612118 0.0814623996 5891.2822576287 3184.5042361095 242.2397596528 0.0545140960 0.0042320346
258 0.882983 0.647862 0.000000 10341.1621856618 0.2318982358 6892.0295201125 3265.1341098785 183.7520862687 0.0135327014 0.0010392824
259 1.328992 0.992532 0.000000 25803.1113675954 11.1397388455 15728.6321661675 8977.3815046910 1085.5537921711 0.3739150047 0.0302518603
260 1.047852 0.821383 0.000000 19942.4064923828 0.1521914865 11916.1953984019 7169.0100449555 856.9945908832 0.0519030494 0.0023646624
261 1.093332 0.854581 0.000000 22983.4159470015 0.1975995820 13413.5193276157 8261.6214819905 1307.7852678255 0.2733368487 0.0189339001
262 0.843706 0.634365 0.000000 9570.7271998852 0.0945497270 6026.7843283372 3252.2011954678 291.6109040782 0.0343954516 0.0018273316
263 1.015588 0.752561 0.000000 18288.2940473395 0.0183082423 11221.7603724503 6369.2321711330 697.1118628421 0.1632776103 0.0080554948
264 0.893865 0.679438 0.000000 12525.0309964503 0.0369237142 7913.3020508147 4301.7782785740 309.8998855674 0.0133398196 0.0005185833
265 1.023184 0.812805 0.000000 21562.5955774996 0.0723952234 12516.7460784529 7775.8507833553 1269.6821208797 0.2310237625 0.0131762327
266 0.780787 0.660086 0.000000 10705.9036925122 0.0843338957 7002.0927653542 3418.0835853757 285.6007874089 0.0398510397 0.0023699872
267 0.738280 0.614410 0.000000 17805.8597443156 0.0066503496 10578.6845155081 6145.3312810909 1081.6459064480 0.1801685808 0.0112224680
268 0.849872 0.682336 0.000000 24444.9302119934 19.7886541726 13271.1270659798 8765.1672085591 2384.4618960071 4.2126033814 0.1727842251
269 1.200144 0.916794 0.000000 28231.6339770376 8.5498709362 15761.6969320512 9872.9742066355 2581.4282848023 6.4702957782 0.5143871218
270 0.900638 0.743506 0.000000 17270.0719008439 0.0463557682 10196.0790572861 6070.5168501544 1002.6314598052 0.7321004953 0.0660777153
271 1.037752 0.800756 0.000000 18466.3688463514 0.0387012496 11319.5704201523 6403.5100862270 743.0137714979 0.2227698522 0.0130978008
272 1.149982 0.834669 0.000000 17385.4817489413 0.0790655900 11142.5410872544 5697.7013394869 544.9983264852 0.1496514565 0.0122790257
273 1.095307 0.781179 0.000000 16600.4260376043 0.4762498717 10676.9780596488 5381.5420238042 541.3507064514 0.0737674781 0.0052306626
274 1.055669 0.820952 0.000000 23472.9963900712 46.0591592164 13524.4050074204 8112.5380946146 1788.7624421940 1.1112480878 0.1204385961
275 1.100926 0.798302 0.000000 20485.4127875048 78.2999240166 12221.0780963217 6838.1488540677 1346.8882183068 0.9423042697 0.0553907707
276 0.804167 0.653570 0.000000 11040.6964563856 12.7091283476 6962.2691720804 3537.1225444971 528.1571654794 0.4082859163 0.0301603547
277 1.134069 0.829236 0.000000 15685.7946635499 25.2352053398 9712.3932634086 5194.8835259913 752.5709908959 0.6275620473 0.0841164019
278 0.897273 0.721983 0.000000 11223.2039529343 44.7711897528 7071.8451242342 3602.5813745395 503.3607768551 0.5688114134 0.0766765376
279 0.860935 0.641220 0.000000 9523.5934125394 13.9456105304 6288.2751257106 2974.9574409153 246.1640886003 0.2248055177 0.0263414634
280 1.186423 0.962159 0.000000 20517.4112046912 181.4764876060 12290.3890960056 6843.0698142970 1200.4235517255 1.7935557301 0.2586995037
281 1.028486 0.814081 0.000000 16074.8894928776 239.3933827623 9677.2234328809 5198.0580448081 959.1173261546 1.0130154440 0.0842909704
282 1.344231 1.021539 0.000000 24186.8145110799 111.8579453604 15048.7304823079 7920.5835658877 1104.0993971285 1.3958211421 0.1472995920
283 0.915622 0.690314 0.000000 11896.9752904713 121.2090374344 7292.0510397764 3885.3356147096 596.8282905491 1.3170788390 0.2342292486
284 0.844312 0.692215 0.000000 11600.3272276035 0.3904428363 7587.1808139872 3729.2201237586 283.5002561249 0.0329951343 0.0025963784
285 0.732516 0.592287 0.000000 8095.2259223205 0.5048951051 5278.0163740895 2658.9361773850 157.7573838261 0.0102958580 0.0007964178
286 0.721067 0.642921 0.000000 10540.7122101851 0.0846845055 6983.4594393857 3357.0040298569 200.1444808171 0.0181897493 0.0013862168
287 0.835264 0.665670 0.000000 15577.7648338602 0.2080812855 9405.2040764870 5422.6780515827 748.9368111171 0.6448237409 0.0929900400
288 0.910400 0.690005 0.000000 12215.7333995957 0.0965219148 7800.5275319920 4055.7108796116 359.2847765537 0.1045520481 0.0091378213
289 1.145502 0.839259 0.000000 18110.8189385515 0.3315474966 11320.9876137042 6096.7729388894 692.5353741555 0.1771584791 0.0143062523
290 1.174388 0.855513 0.000000 22171.0131728855 45.5053641805 13588.3019822078 7435.0245177093 1101.5366385968 0.5869625211 0.0577081183
291 1.068184 0.758729 0.000000 15668.4270357316 6.4754481536 9667.6040554725 5245.9026203033 748.0343630014 0.3773611872 0.0331875846
292 0.925897 0.714604 0.000000 18234.5986430571 24.6547223932 10419.8139271186 6428.8293009894 1357.8904997287 2.8985710722 0.5116220956
293 1.218252 0.884884 0.000000 21324.2239258437 79.6508909231 12913.3133098211 7129.4417890680 1200.6516611065 1.0710666424 0.0952089295
294 1.116211 0.834187 0.000000 21258.5469013348 9.5540002424 12841.5331222027 7353.5300906515 1052.7038443060 1.0822801235 0.1435644085
295 1.221658 0.907456 0.000000 23306.8868598473 0.0157320012 13793.4728150495 8271.8551536864 1240.8978736555 0.6090984009 0.0361875282
296 1.002587 0.769013 0.000000 19142.5044001035 1.5088312558 11161.1745780236 7013.1023073589 966.4446046497 0.2549327431 0.0191464516
297 1.105459 0.899920 0.000000 18405.3185940812 0.0088708201 10985.7190023806 6442.0443851451 977.4347761221 0.1069947620 0.0045653836
298 1.159064 0.947547 0.000000 22574.6206130885 0.2260601043 13391.5236160472 8096.5937955418 1086.1228690175 0.1490487276 0.0052240588
299 0.644292 0.585348 0.000000 7763.5216177446 0.8625781393 4881.8393263457 2588.9140326679 291.8303116909 0.0706821506 0.0046870295
300 1.102018 0.850068 0.000000 16995.1654092784 0.8872112368 10614.6037631197 5772.9495287119 606.5104413763 0.1999073020 0.0145580597
