1 0.142798 0.179600 0.000000 1814.3404535203 32.5317081713 1185.1782149384 512.7318673919 83.6513265914 0.2247792725 0.0225571548
2 0.166820 0.225545 0.000000 2298.0911162843 30.0129361625 1445.2540085596 705.8462238544 116.8510940231 0.1153790810 0.0114746036
3 0.124826 0.209771 0.000000 2065.6066867794 38.5625757131 1218.9264544178 655.2737062889 152.5643228974 0.2559740050 0.0236534573
4 0.129691 0.225957 0.000000 2201.1079019219 30.9909888677 1345.1054236772 706.2698302896 118.5511232067 0.1748645731 0.0156713075
5 0.055293 0.177805 0.000000 335.3747081762 1.9783813563 220.3936540551 104.6607113178 8.3412277548 0.0006749543 0.0000587380
6 0.150792 0.243855 0.000000 2083.0512168250 19.9204042947 1316.6086541513 653.5041598791 92.9951015340 0.0210224356 0.0018745302
7 0.199480 0.293553 0.000000 2776.9303529421 29.7338787939 1699.7540020893 909.1069620676 138.1886579986 0.1344817137 0.0123702792
8 0.033991 0.144536 0.000000 0.0951223625 0.0010020291 0.0586065058 0.0308515402 0.0046573384 0.0000045321 0.0000004169
9 0.313952 0.369253 0.000000 8872.2135472746 171.8143250100 4895.6826459090 2956.2680814634 843.8091540186 4.0689323047 0.5704085695
10 0.069169 0.185246 0.000000 1290.5114533659 18.4248761800 757.7702931082 443.2183752418 71.0642964969 0.0308493942 0.0027629448
11 0.097788 0.234072 0.000000 1825.6467571819 1.0996754204 1157.3543579242 605.2305817961 61.9406407611 0.0202900122 0.0012112680
12 0.141227 0.228983 0.000000 4155.9537944630 44.1316196470 2451.4091271338 1374.5456603757 285.7818734525 0.0799968211 0.0055170327
13 0.238293 0.312344 0.000000 4834.9499100576 25.1557033828 3105.6969995451 1520.8853655499 183.1599968729 0.0480172959 0.0038274109
14 0.135485 0.229970 0.000000 2889.0419147746 20.8423615413 1788.3479246720 920.6133221247 159.1913705714 0.0435289364 0.0034069290
15 0.350791 0.381510 0.000000 10738.2620592862 50.3806728715 6464.1687252426 3552.0612257086 670.1897011306 1.3451635956 0.1165707389
16 0.114405 0.215314 0.000000 2164.9406446450 2.1189772425 1430.3941406334 685.4146005435 47.0073254732 0.0051951760 0.0004055771
17 0.085826 0.202615 0.000000 918.2201955486 0.6731850591 622.4964409571 278.8190694482 16.2306164597 0.0008115949 0.0000720306
18 0.075543 0.222214 0.000000 1011.3388302347 0.3661448179 683.3383576389 309.0169228723 18.6134552907 0.0036214610 0.0003281542
19 0.056408 0.167071 0.000000 641.0731554244 0.1444440010 429.4575507650 196.6156377802 14.8545989453 0.0008468134 0.0000771197
20 0.173313 0.249701 0.000000 4809.5573940997 35.5781604177 2877.9034438407 1579.1279638246 316.7827735955 0.1556774826 0.0093749392
21 0.107044 0.199534 0.000000 1086.1332416823 0.4220867729 728.7513334073 338.2039022289 18.7521791248 0.0034594150 0.0002807347
22 0.167970 0.271319 0.000000 2594.1609612395 1.1421758089 1552.4750087830 896.1105530008 144.3841770504 0.0458442398 0.0032023572
23 0.122955 0.224107 0.000000 3548.1961560696 30.8252890658 1983.5097388768 1218.9014704557 314.4224156556 0.4859727740 0.0512692415
24 0.255043 0.268657 0.000000 5112.0248526239 15.6802415311 2988.6522773999 1764.3028783040 343.3514601856 0.0350925957 0.0029026085
25 0.052587 0.209855 0.000000 378.3224506979 0.1232477484 225.7945208724 130.2193501878 22.1837211810 0.0014899611 0.0001207476
26 0.078088 0.209372 0.000000 1106.5948710238 1.2357321945 675.1774463548 358.0756106934 72.0965320700 0.0090032727 0.0005464397
27 0.138781 0.264219 0.000000 1787.2876215775 1.9156005791 1149.6927091986 556.4334001466 79.2061971865 0.0374110810 0.0023033851
28 0.286571 0.373383 0.000000 8146.0946180506 51.2680520220 4637.0872247215 2751.4215095180 704.5081362237 1.6886452087 0.1210503583
29 0.255458 0.328340 0.000000 5085.7131086233 54.2735395490 2915.5564120332 1705.0695544974 410.0375265080 0.6893838353 0.0866922003
30 0.119943 0.234283 0.000000 2019.2733705832 16.4477934078 1179.4426781168 675.0149293799 148.3285736469 0.0365567991 0.0028392341
31 0.062417 0.206450 0.000000 604.7791011199 0.5522374182 412.6957856687 184.4987350627 7.0304353698 0.0017462300 0.0001613736
32 0.214929 0.291689 0.000000 3699.5676213597 15.1342582816 2377.8338136417 1187.2238583721 119.3643688739 0.0104865475 0.0008356452
33 0.176165 0.274198 0.000000 2622.4959261006 4.9685325043 1696.5671655800 860.1256586523 60.8300840335 0.0041118471 0.0003734851
34 0.061833 0.187160 0.000000 739.4825631257 0.1180723171 496.5284426185 230.5987958225 12.2366573075 0.0005480512 0.0000470099
35 0.213620 0.295297 0.000000 5248.6326182055 23.4829854808 3127.6756734227 1777.4082517487 320.0170839568 0.0453308394 0.0032927602
36 0.116897 0.222213 0.000000 1875.6558221437 0.6543134806 1148.1754380946 638.2644629570 88.5532548773 0.0076779397 0.0006747950
37 0.092609 0.218240 0.000000 1017.3133152785 0.4385703664 656.9447795699 318.2297475571 41.6947666080 0.0050021843 0.0004489934
38 0.263204 0.337559 0.000000 4624.8360895727 10.5493332766 2834.1858342070 1525.2294634171 254.8127442698 0.0538544260 0.0048599794
39 0.143983 0.237998 0.000000 2134.7742513854 1.9957507997 1304.7648475856 717.7628333304 110.2386781615 0.0111691810 0.0009723290
40 0.132072 0.249886 0.000000 1580.7761771295 1.7134622032 1014.7815438733 509.0162525530 55.2582313571 0.0061500743 0.0005370695
41 0.097815 0.227057 0.000000 1894.4832012479 2.7972548055 1131.3703094820 664.0326244788 96.2672436482 0.0145170035 0.0012518300
42 0.069816 0.198924 0.000000 1446.0505091290 2.4611157617 853.6862629359 485.6857935863 104.1262770941 0.0845213427 0.0065384101
43 0.046373 0.178135 0.000000 450.0006257394 0.4888661406 282.9173468888 144.4427402607 22.1461857699 0.0050726596 0.0004140215
44 0.119122 0.254466 0.000000 2552.4856147827 13.0020459713 1492.5539433805 859.9106501639 186.7262757545 0.2694245881 0.0232749256
45 0.074283 0.222638 0.000000 648.0597255588 1.0597831967 400.9068581245 195.6745941042 50.4129269058 0.0051804547 0.0003827736
46 0.133705 0.241555 0.000000 1970.1852410031 14.6102382961 1135.7538428982 627.7297135919 191.9804693448 0.1024388996 0.0085379741
47 0.179271 0.278363 0.000000 3871.4642832600 56.2637706473 2174.2338805420 1287.2199929459 353.2808143558 0.4300529556 0.0357718170
48 0.101427 0.239972 0.000000 2155.9685518278 0.3501163001 1298.8107413097 766.7246836135 90.0740012302 0.0083028687 0.0007065063
49 0.087122 0.227169 0.000000 676.3646789411 0.0058424686 453.0986810229 209.3677356726 13.8916064951 0.0007488428 0.0000644405
50 0.226247 0.315736 0.000000 6302.4061065268 37.8378467789 3356.7920241135 2190.8430484331 716.3541237367 0.5411912213 0.0378722439
51 0.104006 0.213144 0.000000 1811.1190014742 0.7397972385 1002.7619573939 628.6476509135 178.9407072819 0.0268754581 0.0020131880
52 0.166300 0.262721 0.000000 3008.9883801226 1.3891503748 1717.7211991393 1026.5357907312 263.2936640177 0.0452437076 0.0033321546
53 0.048357 0.188034 0.000000 294.0117641625 0.0016822429 170.8505359999 94.7401392917 28.4175328733 0.0017427749 0.0001309840
54 0.019626 0.156298 0.000000 0.0178687870 0.0000000934 0.0103837689 0.0057575365 0.0017272745 0.0000001057 0.0000000079
55 0.244979 0.291731 0.000000 6120.1605183793 32.6581063660 3509.6738816087 2022.4093968078 554.8695352665 0.5103030405 0.0392952913
56 0.123931 0.298043 0.000000 1951.5394418328 5.0278086991 1127.6736692009 659.2192529385 159.4655803873 0.1425937539 0.0105368561
57 0.154204 0.275963 0.000000 1658.3360847904 0.9068816633 1031.9264482735 541.3780253008 84.1127378116 0.0110520353 0.0009397079
58 0.033794 0.161819 0.000000 17.0608169700 0.0000661138 12.3852842073 4.2577656696 0.4176569280 0.0000403975 0.0000036546
59 0.105024 0.217677 0.000000 1776.7488277861 2.3014318933 1070.8295052073 594.6717922121 108.8959607646 0.0461139175 0.0040237940
60 0.116976 0.249614 0.000000 1470.4654728097 0.6208903952 929.7551863405 483.5585126357 56.5218592274 0.0082924814 0.0007317334
61 0.075192 0.183548 0.000000 386.3223871820 0.0015914291 276.3230480144 108.0409568552 1.9563883010 0.0003678546 0.0000347310
62 0.056886 0.194084 0.000000 633.5444357626 0.0113100621 467.3119586517 162.1746652852 4.0458337635 0.0006119972 0.0000560023
63 0.084739 0.198900 0.000000 1119.7773398496 0.0070729037 803.4603091086 311.7398890594 4.5697049581 0.0003337377 0.0000300819
64 0.058699 0.141045 0.000000 466.8005266558 0.0388619684 314.3397275442 148.0242821776 4.3974072861 0.0002274632 0.0000202169
65 0.124499 0.283110 0.000000 1438.3732338378 0.0009206006 977.8255532041 448.4894750054 12.0566502735 0.0005816012 0.0000531539
66 0.037059 0.196363 0.000000 2.0374778651 0.0000000342 1.6807970830 0.3543373241 0.0023433111 0.0000001033 0.0000000095
67 0.127663 0.236385 0.000000 2647.5757559610 0.0071207494 1645.6461898067 919.6206932890 82.2807885908 0.0195707299 0.0013927995
68 0.179986 0.309379 0.000000 2215.9696516304 0.0972177554 1493.3835171489 682.6213300719 39.8652313589 0.0021707713 0.0001845273
69 0.059129 0.182350 0.000000 711.9006731729 0.0340014898 472.8635217689 228.1803771887 10.8211154748 0.0015206691 0.0001365823
70 0.090057 0.213469 0.000000 1307.5562513253 0.0620533700 859.8713661273 417.6129338455 30.0062336409 0.0033624710 0.0003018744
71 0.132754 0.210561 0.000000 1447.6863968517 0.0009557826 1048.7153460609 393.2916064139 5.6776352104 0.0007815805 0.0000718101
72 0.233626 0.323740 0.000000 3656.4084308531 0.0234109543 2495.0626670400 1125.5044605342 35.8135625440 0.0039722129 0.0003575728
73 0.093647 0.208215 0.000000 1759.0077859473 0.6908692772 1117.6122569897 592.8681759201 47.8336440654 0.0026247991 0.0002148964
74 0.050926 0.185775 0.000000 568.6600521680 0.0115896691 364.1035639985 187.4092625835 17.1337435560 0.0017355460 0.0001568163
75 0.098735 0.220136 0.000000 2262.4078713290 0.8137817915 1278.3133503441 803.9106580779 179.0910956315 0.2590698152 0.0199156716
76 0.049843 0.201932 0.000000 21.1578309292 0.0000905254 15.5667986346 5.4484708268 0.1424340330 0.0000342462 0.0000026635
77 0.046851 0.197458 0.000000 306.1990031502 0.0216714274 225.2394672001 76.9153114676 4.0218048290 0.0006934171 0.0000548109
78 0.144493 0.246471 0.000000 2670.7599168111 0.0146853208 1687.5883377351 876.4634443679 106.6262580393 0.0620159475 0.0051754048
79 0.137539 0.258136 0.000000 2344.5183143227 0.4550052601 1464.2372765724 796.0806020145 83.6745904984 0.0654369115 0.0054030683
80 0.159551 0.240873 0.000000 2661.1161839074 0.0134556758 1731.7738196487 870.4098382253 58.9102573644 0.0080954772 0.0007175196
81 0.155935 0.274858 0.000000 1974.9848068149 1.2019647991 1238.5779046542 654.3471530657 80.8403065610 0.0161411232 0.0013366165
82 0.091027 0.221371 0.000000 1135.4302271424 0.0076949484 743.7223121155 368.4016649135 23.2974752198 0.0009962461 0.0000837002
83 0.280943 0.351947 0.000000 3762.0096981562 2.2734556136 2554.6983731436 1129.5159525829 75.5130686742 0.0081208106 0.0007273355
84 0.063475 0.199993 0.000000 938.9896299326 0.0001923971 612.4468970739 301.7661619011 24.7754747288 0.0008336197 0.0000702142
85 0.060061 0.228934 0.000000 1939.6466489913 0.2466726937 1153.4067568563 672.8024558797 112.9529582501 0.2203486341 0.0174566798
86 0.282333 0.360315 0.000000 6913.8554651535 7.6742429271 3990.1790266890 2419.7264470499 496.1066431107 0.1575811486 0.0115242346
87 0.236139 0.318212 0.000000 7380.1994584842 82.6836928853 3905.3534561597 2490.7689760994 900.0049789140 1.2141712647 0.1741831610
88 0.099874 0.207160 0.000000 1846.0607024383 16.4742306996 997.4054939930 620.4618131470 211.1212739684 0.5492568673 0.0486337644
89 0.093789 0.217856 0.000000 1860.4807799753 5.0743984987 1008.2289446382 594.3864474098 252.7016127186 0.0840750230 0.0053016955
90 0.087503 0.207160 0.000000 2306.9018784352 45.4968963185 1180.8842541026 758.7835848667 314.3067269639 4.2382783760 3.1921378098
91 0.086775 0.234328 0.000000 2149.7496664695 54.7144378805 1030.4823276322 718.8401822555 344.8409822191 0.7755607719 0.0961757109
92 0.162632 0.276972 0.000000 2478.0439017692 30.4186690379 1286.5027471858 815.8438130240 344.0293708178 1.1241609056 0.1251408013
93 0.102408 0.191532 0.000000 1253.2746563641 6.1681345725 713.0726235987 424.1456211959 109.7826076907 0.0980534929 0.0076158136
94 0.044437 0.148863 0.000000 784.5206068098 10.6489228536 440.9171420807 253.2126194597 79.5964757663 0.1346461206 0.0108005391
95 0.243104 0.333492 0.000000 5076.9679745614 19.8745984134 2819.6723166407 1776.8183635485 458.5471480881 1.8208215870 0.2347262909
96 0.047642 0.198765 0.000000 4.1618806216 0.0154248374 3.0083097431 1.0784475574 0.0595243322 0.0001542917 0.0000198645
97 0.109911 0.281226 0.000000 1127.1920800289 0.0271301695 690.3553667467 390.6431956956 46.1604198513 0.0055791660 0.0003884059
98 0.144756 0.300466 0.000000 2232.8358128126 5.6455833785 1273.3279008363 777.4620850566 176.3239654065 0.0705542079 0.0057239279
99 0.058892 0.188733 0.000000 985.8161780645 0.0657362563 531.5242489252 342.3818315711 111.8376073681 0.0062465796 0.0005073666
100 0.329493 0.367158 0.000000 7355.8639707450 1.9579353048 4129.2366051190 2587.1861010525 636.2548176165 1.0668688227 0.1616428355
101 0.109546 0.220368 0.000000 2231.2781183631 0.1612002143 1346.9433564761 756.4366724192 127.7245041136 0.0115436847 0.0008414568
102 0.010975 0.159685 0.000000 0.0983392239 0.0000071043 0.0593639682 0.0333384471 0.0056291587 0.0000005085 0.0000000370
103 0.013125 0.188645 0.000000 0.0000000000 0.0000000000 0.0000000000 0.0000000000 0.0000000000 0.0000000000 0.0000000000
104 0.023162 0.197449 0.000000 0.0000000000 0.0000000000 0.0000000000 0.0000000000 0.0000000000 0.0000000000 0.0000000000
105 0.085827 0.240410 0.000000 655.1665065143 0.0013521659 401.5273450100 223.4715511552 30.1644586999 0.0016684559 0.0001310293
106 0.026638 0.167144 0.000000 204.3575156485 0.0000379355 127.3372700289 67.8853068254 9.1346316308 0.0002493482 0.0000198803
107 0.071596 0.195872 0.000000 959.8367018855 0.0014946978 593.2597518146 322.3390745579 44.2349305257 0.0013418815 0.0001084154
108 0.038422 0.202865 0.000000 261.2631438421 0.0012330434 159.6891565704 92.5609374959 9.0114713624 0.0003187603 0.0000266135
109 0.208664 0.310191 0.000000 4696.7675711448 8.0030321755 2849.3694751312 1622.6495707747 216.5823512666 0.1481108339 0.0150309672
110 0.140503 0.249518 0.000000 2070.7074575611 6.0792383888 1326.9073913778 692.8138651899 44.8997427256 0.0066942639 0.0005256148
111 0.116164 0.225697 0.000000 2597.1163341346 36.0610963122 1501.3233392281 843.9992426860 214.9095364973 0.7410300567 0.0820893570
112 0.101343 0.239336 0.000000 1224.4289579802 16.4285276812 693.8528938629 398.9918340273 115.1319315530 0.0218083344 0.0019625263
113 0.236183 0.275802 0.000000 4233.6578702725 43.0778594202 2433.2514991889 1403.7866451070 353.3697388388 0.1581504990 0.0139772209
114 0.034950 0.185927 0.000000 120.1580937007 0.0016920119 84.9122625630 33.6786486898 1.5652833546 0.0001898130 0.0000172793
115 0.272834 0.323773 0.000000 3712.4012154969 5.8076585081 2341.8092818396 1206.1466144634 158.6182993020 0.0177286832 0.0016327023
116 0.016094 0.165531 0.000000 0.1194809701 0.0001894399 0.0753678625 0.0388181539 0.0051049123 0.0000005706 0.0000000525
117 0.106288 0.237454 0.000000 1463.6027914831 2.7594850241 916.9795003419 474.4344947856 69.4122579093 0.0158264455 0.0012269852
118 0.084640 0.219766 0.000000 1276.3925778319 2.1912614481 805.7498654573 414.1994490995 54.2443651648 0.0070914895 0.0005451800
119 0.060613 0.192668 0.000000 1118.8429491328 0.6644762143 701.3930895141 378.5118565686 38.2682278174 0.0048904039 0.0004086174
120 0.182574 0.262058 0.000000 2866.9217470876 0.1977673102 1744.8750341580 994.4647526933 127.3392161841 0.0416110732 0.0033656657
121 0.036548 0.226409 0.000000 0.8761630680 0.0000208736 0.6187716222 0.2389046475 0.0184612913 0.0000042849 0.0000003495
122 0.216952 0.289994 0.000000 3481.4611478858 0.3189781062 2133.3126094308 1188.6082764834 159.1999854629 0.0198386838 0.0014597319
123 0.033529 0.171241 0.000000 19.0251285740 0.0000204209 12.7710336128 5.6481353578 0.6059197124 0.0000181207 0.0000013638
124 0.063496 0.228356 0.000000 975.0411555011 0.0810402768 574.2460257403 347.0955546658 53.6132361197 0.0049240517 0.0003746464
125 0.148394 0.274982 0.000000 1861.7660073203 0.0201579436 1140.8901228932 642.5913220229 78.2621118883 0.0021211381 0.0001714458
126 0.062809 0.190806 0.000000 486.7256816645 0.0002603187 339.2778198135 136.0310261540 11.4163782210 0.0001824039 0.0000147566
127 0.169521 0.271563 0.000000 2949.7288938931 0.0240402251 1903.1509518110 959.7177485210 86.8317929979 0.0040371192 0.0003232372
128 0.204021 0.302536 0.000000 3707.9143264108 0.3478918054 2250.6874239894 1263.6625700785 193.1831231830 0.0319610427 0.0013563248
129 0.058337 0.235204 0.000000 953.3950354011 0.0085745693 599.2112682190 318.4656245644 35.7014351721 0.0078014344 0.0003314517
130 0.077059 0.255295 0.000000 682.9734479879 0.0148221329 442.6141572063 220.2810605904 20.0629295666 0.0004552217 0.0000232729
131 0.247765 0.314725 0.000000 4319.7434918370 0.2091605622 2790.3148084907 1394.4145708089 134.7929360000 0.0113846625 0.0006313397
132 0.198876 0.322474 0.000000 1641.5758160842 0.0010924871 1188.1460459747 446.7971316370 6.6312230037 0.0003008046 0.0000221751
133 0.095128 0.207788 0.000000 710.0363242651 0.0004387606 534.6884030779 174.0048661547 1.3424215807 0.0001784503 0.0000162441
134 0.161222 0.280637 0.000000 1959.3449624221 0.0196881869 1377.2544958944 570.7359609891 11.3339268490 0.0008191444 0.0000713713
135 0.157428 0.281975 0.000000 1697.6053036055 0.0057686621 1215.0085924814 472.6681819631 9.9210654068 0.0015554414 0.0001396571
136 0.063414 0.198580 0.000000 1028.0287468888 0.0001260082 663.2229028657 353.9040363803 10.9011815186 0.0004586222 0.0000414968
137 0.072869 0.253268 0.000000 257.3429698662 0.0000975708 200.9215854273 55.9451415418 0.4760844270 0.0000557131 0.0000051872
138 0.073198 0.204220 0.000000 528.7197814950 0.0007623189 367.7170339270 158.6145633493 2.3872106115 0.0001934791 0.0000178119
139 0.146920 0.255395 0.000000 2687.5986049336 1.2651766848 1689.9317000924 909.5477551461 86.7454907704 0.0983526840 0.0101295706
140 0.029729 0.172851 0.000000 34.2596398537 0.0001895169 25.8541016145 8.2852629004 0.1200663070 0.0000177678 0.0000017482
141 0.163755 0.232184 0.000000 1972.4147816097 0.3015540788 1320.1129105760 633.2630428632 18.7357397660 0.0014080060 0.0001263232
142 0.042804 0.138849 0.000000 129.4432394793 0.0013567456 95.1008520795 34.0289060702 0.3120983156 0.0000241912 0.0000020773
143 0.087022 0.227266 0.000000 769.0968816414 0.0049711514 519.0944984738 242.0112286805 7.9856470591 0.0004941040 0.0000421753
144 0.180176 0.283123 0.000000 3039.0612918519 3.0790242763 1919.7527525491 999.0131443039 117.2071954100 0.0085175154 0.0006578135
145 0.044978 0.199565 0.000000 440.6510261010 0.0051818936 301.3925004924 134.5478830285 4.7052138326 0.0002290556 0.0000178122
146 0.122684 0.285533 0.000000 2495.7019294250 4.1997494854 1481.8832792198 889.6584503717 119.9487807355 0.0107771149 0.0008924981
147 0.295702 0.331745 0.000000 5963.9000010566 8.1775999119 3562.0631264471 2075.6824469202 317.9088211582 0.0625528698 0.0054537570
148 0.212218 0.284594 0.000000 3042.2113994775 0.0644687819 1894.4580687198 1038.0785087348 109.5884825383 0.0201150492 0.0017556565
149 0.095120 0.241497 0.000000 1475.5407727491 0.0577998544 905.2812829484 524.5084869183 45.6900286605 0.0029354287 0.0002389475
150 0.265798 0.353308 0.000000 3758.9416859424 0.1943563957 2390.7659829233 1279.6918199683 88.2860235082 0.0032438620 0.0002592898
151 0.131047 0.233153 0.000000 1289.0361258876 0.1140679439 865.1208042948 402.5122464287 21.2876280029 0.0012624380 0.0001167815
152 0.072234 0.233496 0.000000 190.5808275659 0.1211929707 147.3274054508 41.7385438357 1.3934801186 0.0001875786 0.0000176122
153 0.231815 0.280428 0.000000 4080.5646515787 7.2879583043 2486.5388143906 1369.5104639092 217.1239880438 0.0852850002 0.0181419400
154 0.154772 0.268038 0.000000 2392.9158288269 11.1896922912 1346.0511269732 827.1705644543 208.2778149360 0.2016838076 0.0249463741
155 0.142854 0.241927 0.000000 2674.0111515278 13.6171142319 1511.4053822723 892.5775963835 256.3559121126 0.0512727653 0.0038737638
156 0.088508 0.211143 0.000000 757.7855527354 0.0033188835 462.0435332206 240.1169812881 55.6135824813 0.0075369873 0.0005998812
157 0.019321 0.169703 0.000000 0.0267702101 0.0000001100 0.0163226738 0.0084825420 0.0019645971 0.0000002662 0.0000000212
158 0.231113 0.293895 0.000000 3298.0293682932 24.2288443350 1856.0244898037 1114.4231341238 302.7443910250 0.4644408603 0.1440681657
159 0.050300 0.165144 0.000000 321.4545230372 0.1518331440 201.8208891799 106.7619495626 12.7036311805 0.0145128044 0.0017071671
160 0.144573 0.291893 0.000000 2489.4979930535 22.6791495540 1324.7560681282 833.0283775673 307.6394764574 1.1023181917 0.2926031511
161 0.150881 0.283503 0.000000 942.7668340296 0.0633671304 600.5686192826 305.5803898947 35.9056089177 0.5228290264 0.1260197782
162 0.071546 0.212919 0.000000 462.6766312622 0.0013809305 285.6829155296 159.1910528622 17.7984289233 0.0026133875 0.0002396425
163 0.123338 0.214979 0.000000 1597.5533414062 0.0225222246 951.4732192349 560.8902128347 85.1447928520 0.0207981906 0.0017960680
164 0.066512 0.223343 0.000000 1379.0871352684 0.0109237061 793.1092623440 467.7797045511 118.1155124424 0.0659429895 0.0057892393
165 0.135629 0.299458 0.000000 1132.1430836974 0.0343654982 671.7265740427 391.8749694525 68.4996307030 0.0070410630 0.0005029365
166 0.144164 0.251891 0.000000 1160.6791308433 0.1087947014 731.2208003532 384.6031292897 44.7309391475 0.0143252591 0.0011421086
167 0.019903 0.191231 0.000000 0.1211857071 0.0000124158 0.0763456900 0.0401557584 0.0046702281 0.0000014957 0.0000001192
168 0.218948 0.288506 0.000000 3448.2243454254 1.7503783057 2109.7032230412 1136.5203600376 200.1910454226 0.0548721437 0.0044664833
169 0.122103 0.244612 0.000000 1284.0011835606 0.1277664424 835.8425916030 406.7402917041 41.2811061074 0.0087934149 0.0006342899
170 0.069968 0.202341 0.000000 1773.0950933921 1.0132505250 1046.7150829884 623.7684876821 101.5591110613 0.0366973491 0.0024637966
171 0.101135 0.215832 0.000000 1115.6618259398 0.0011114662 707.4115386677 367.8976874619 40.3500675340 0.0013266997 0.0000941261
172 0.151891 0.235196 0.000000 2051.8940486016 0.1563295550 1292.9184209028 677.0902414512 81.7249037256 0.0038416745 0.0003113141
173 0.028778 0.183262 0.000000 19.0774277664 0.0000094199 13.5458615706 5.4535460867 0.0780026728 0.0000073522 0.0000006644
174 0.105446 0.234388 0.000000 758.7822565089 0.0011752483 554.5766392831 198.7513694067 5.4526678352 0.0003730072 0.0000317471
175 0.104256 0.235766 0.000000 1056.8799154686 0.0187309282 763.9178950287 284.0791159971 8.8632939419 0.0008176000 0.0000619771
176 0.068627 0.218264 0.000000 1158.0497483345 0.1328026379 734.6893298447 398.7606987490 24.4640227890 0.0026905236 0.0002037923
177 0.083460 0.250375 0.000000 879.4098634812 0.0027035972 558.7849275702 305.1077307069 15.5136727526 0.0007686792 0.0000601753
178 0.055709 0.184721 0.000000 389.2305282425 0.0028261629 264.8972435223 122.6412856816 1.6890920513 0.0000745371 0.0000063109
179 0.199702 0.300051 0.000000 3562.5013640879 0.9679168648 2160.5942371273 1247.7942042321 153.1153094381 0.0271976642 0.0024987680
180 0.178457 0.245686 0.000000 2855.7759888976 1.1642545162 1824.6592015551 928.4711552482 101.4703365134 0.0101645410 0.0008765292
181 0.095258 0.216912 0.000000 878.3111311562 0.0266393297 575.1514886525 281.3995494338 21.7269074505 0.0060039215 0.0005423777
182 0.151492 0.240253 0.000000 2543.3824105108 19.1700923307 1482.7805471135 860.5647510527 180.8076980192 0.0545607104 0.0047612880
183 0.097828 0.239882 0.000000 1345.0553257877 5.6964975555 803.4232529186 447.2671455417 88.6540961000 0.0132595316 0.0010741415
184 0.113358 0.263739 0.000000 1409.4385185555 0.0234113725 955.1089337407 406.7585018726 47.5112194594 0.0335167972 0.0029353180
185 0.021775 0.198571 0.000000 0.1055847485 0.0011847182 0.0707488449 0.0301294935 0.0035189896 0.0000024828 0.0000002174
186 0.074079 0.241063 0.000000 325.0240203851 0.1913242908 224.4616615571 96.4529900973 3.9175329048 0.0004688511 0.0000426881
187 0.043906 0.143585 0.000000 111.5079352586 0.0231415595 80.3512936089 29.9238024333 1.2095787880 0.0001092389 0.0000096313
188 0.176497 0.268377 0.000000 3087.8015889551 5.8844477616 2006.8428275773 999.6915979364 75.3691333191 0.0124763718 0.0011059934
189 0.054935 0.231745 0.000000 886.4973851397 0.0394550617 541.1282807107 312.0132452498 33.3141254370 0.0021258600 0.0001528191
190 0.044452 0.139993 0.000000 48.4794517608 0.0163057894 40.6760693055 7.7439942297 0.0430721151 0.0000094465 0.0000008774
191 0.224892 0.272794 0.000000 4093.0682611216 7.5752537264 2455.0997987405 1362.4787583696 267.4105025680 0.4347665396 0.0691811896
192 0.070596 0.201670 0.000000 800.7053005743 7.1587986484 468.3339561061 267.7183766552 56.9355348866 0.3452102058 0.2134240707
193 0.329454 0.345018 0.000000 7114.8971036628 30.9368696203 4272.1416562078 2283.9733779592 525.0167773455 2.1153308036 0.7130917401
194 0.318946 0.333367 0.000000 7030.9233250790 79.8266304530 3764.9387917847 2380.5305749913 799.6729052327 4.1616597663 1.7927628460
195 0.179097 0.290888 0.000000 2362.1063888712 1.4354261247 1405.6483044565 779.6968972239 175.0750350174 0.2258133958 0.0249126576
196 0.193615 0.278640 0.000000 2924.8935216994 0.6703712368 1841.0909870230 973.5861377567 109.4473716731 0.0873421138 0.0113119026
197 0.133377 0.269525 0.000000 531.8763410560 0.0070107535 375.6995485942 152.0146843619 4.1549574363 0.0001287687 0.0000111529
198 0.070569 0.237718 0.000000 249.3715672448 0.0020500757 179.1451927911 67.2036585959 3.0199856768 0.0006239992 0.0000561059
199 0.125111 0.245897 0.000000 2857.4808564978 1.2196702354 1721.5400172143 973.9046957016 160.7720200354 0.0410047911 0.0034485291
200 0.099919 0.210644 0.000000 1262.8259177715 3.7550395693 781.0709912332 400.6721078338 77.2496878162 0.0720143427 0.0060769814
201 0.034740 0.211642 0.000000 15.2301137425 0.0002386312 10.0370052306 5.0308164411 0.1620368872 0.0000153202 0.0000012345
202 0.128790 0.281444 0.000000 1500.1087213203 1.3314759507 959.4244524761 481.6484787427 57.6900315660 0.0131458989 0.0011366949
203 0.058316 0.216335 0.000000 948.3450969763 0.0689845965 595.9395550121 323.2462489528 29.0838106336 0.0059854452 0.0005123403
204 0.142178 0.226415 0.000000 1612.5843919035 2.1503929231 915.4241757572 577.2964164883 117.7004278637 0.0119920079 0.0009868670
205 0.188045 0.262321 0.000000 3793.4174341409 19.4843171705 2219.3600862756 1342.4029877951 212.0013607848 0.1561332196 0.0125488909
206 0.038883 0.219356 0.000000 9.9650728383 0.0028289833 7.8427044951 2.0838830158 0.0356416741 0.0000135414 0.0000011293
207 0.092714 0.224992 0.000000 903.3672783156 6.3354431119 514.0992073908 306.2605788770 76.6630137019 0.0084469236 0.0005883162
208 0.078352 0.242125 0.000000 880.9919767044 0.7806586868 502.7386271989 310.6507949517 66.8058513116 0.0151008457 0.0009437350
209 0.046152 0.144831 0.000000 158.1856534062 0.0001678241 98.7735277942 51.6559770810 7.7557824905 0.0001875530 0.0000106660
210 0.055863 0.182649 0.000000 569.5723439524 0.0298278016 342.8752907708 193.5020817702 33.1640553500 0.0010240916 0.0000641681
211 0.037964 0.179326 0.000000 275.9533739991 0.0000376448 183.9565770891 80.9156275774 11.0804740115 0.0006161268 0.0000415522
212 0.121922 0.236769 0.000000 2088.3145457327 3.5796686318 1253.9220515526 722.4983942922 108.2963740492 0.0168790923 0.0011781202
213 0.277377 0.372657 0.000000 5208.5214706139 0.2043993514 3164.0156929564 1811.0766723137 233.1987219176 0.0242589195 0.0017251637
214 0.089264 0.229667 0.000000 1074.2270792301 0.6537709134 704.3262898429 355.4631694408 13.7830362663 0.0007495552 0.0000632185
215 0.109929 0.251886 0.000000 1354.4945477104 0.0008575077 850.8145458830 465.8004648261 37.8765618196 0.0019628355 0.0001548567
216 0.106923 0.194873 0.000000 1035.8121679213 0.0002243087 663.8384800056 334.5659652565 37.4035628416 0.0036298133 0.0003057081
217 0.084589 0.233095 0.000000 23.2831225532 0.0000000315 16.4014063428 6.3950179812 0.4866795073 0.0000172833 0.0000014110
218 0.055028 0.227374 0.000000 994.0466240604 0.0000713377 622.5154386248 333.7405177853 37.7855287049 0.0046699434 0.0003976711
219 0.180101 0.261950 0.000000 3166.9414181975 0.1525920941 1940.3798096585 1057.3210841708 168.6999405592 0.3514888479 0.0365028860
220 0.201597 0.280797 0.000000 2684.3596071463 0.8348003631 1726.4403341459 877.4945991227 79.5811358013 0.0080911757 0.0006465420
221 0.181480 0.257395 0.000000 2481.0242999847 0.2404827677 1512.1010266319 808.6383016586 160.0234394592 0.0195524347 0.0014970328
222 0.181398 0.217390 0.000000 2611.9836972239 1.2123890690 1604.8905125307 814.5214871975 191.3428404213 0.0153049583 0.0011630472
223 0.165859 0.285804 0.000000 2079.4955035184 1.2304917709 1318.9714849232 641.8325229457 117.3734768847 0.0803398704 0.0071871277
224 0.119883 0.230926 0.000000 1835.2752050068 0.9215882441 1185.9895564623 580.6868545991 67.6685578761 0.0079390969 0.0007087293
225 0.067013 0.230280 0.000000 1714.7302778182 0.0687675752 1094.6778091681 541.4671481117 78.4346760168 0.0745884568 0.0072884993
226 0.125243 0.266998 0.000000 1847.7937636382 0.0446225280 1208.1031643579 609.7822406885 29.8624040123 0.0012351863 0.0000968812
227 0.071360 0.223857 0.000000 395.0743777932 0.0011232141 277.2233090263 115.4396455198 2.4101991819 0.0000929540 0.0000078994
228 0.043450 0.157050 0.000000 474.1654974945 0.0016708240 309.9448665257 159.2403889948 4.9784431984 0.0001188049 0.0000091492
229 0.013674 0.181209 0.000000 0.0184373011 0.0000027903 0.0120500039 0.0061909621 0.0001935537 0.0000000046 0.0000000004
230 0.130654 0.259515 0.000000 1386.2398736339 0.0040101236 921.6511064649 446.3353685784 18.2480328655 0.0012641815 0.0000914398
231 0.087101 0.241761 0.000000 674.1187190028 0.0024688529 464.6659447906 203.6073422500 5.8426640817 0.0002763609 0.0000226825
232 0.067847 0.236145 0.000000 1579.8601090957 0.0645030881 949.7994583338 557.9424290913 72.0180364548 0.0328678701 0.0028142779
233 0.066963 0.209964 0.000000 166.3038883891 0.0011109264 118.4172578685 46.5522025300 1.3331491887 0.0001564154 0.0000114694
234 0.189796 0.297099 0.000000 2388.6881710654 0.2650524227 1553.9534846359 764.6050304029 69.8234002179 0.0395074917 0.0016959141
235 0.112716 0.231818 0.000000 1014.3322838735 0.0153243873 675.9625081897 307.0945410639 31.2586876266 0.0011578902 0.0000647279
236 0.191541 0.287418 0.000000 2817.7163912572 0.0631339230 1675.5070784417 975.2993724827 166.8136450170 0.0317554369 0.0014059759
237 0.109003 0.221873 0.000000 1041.0770744171 0.0024426962 623.9713502447 352.0143788447 65.0881383884 0.0007336053 0.0000306422
238 0.108172 0.210102 0.000000 1449.0271763529 0.0750582460 862.2004442241 501.1089412073 85.6372161908 0.0052597757 0.0002567094
239 0.203688 0.315143 0.000000 4330.5857267876 0.6399841005 2406.2145453121 1527.0666048897 395.8546177978 0.7478035121 0.0621711844
240 0.100935 0.246369 0.000000 1298.7009743754 0.0104795828 774.8722433910 456.4304290870 67.3807680677 0.0066927512 0.0003615025
241 0.117210 0.199869 0.000000 871.0537315273 0.0261513320 551.6275128315 294.4331114157 24.9648655952 0.0019711014 0.0001192563
242 0.186241 0.320520 0.000000 2478.2508051349 0.0711044080 1518.7326236276 855.5952251367 103.8456190025 0.0058287657 0.0004041935
243 0.052922 0.212376 0.000000 1090.2668548710 0.0018107527 652.0925860586 396.0447920768 42.1256577803 0.0018712531 0.0001369514
244 0.111801 0.204306 0.000000 1565.2679860931 0.2718414634 884.1877073124 534.7298318632 146.0736804372 0.0046249995 0.0003000225
245 0.133213 0.272579 0.000000 3582.4569108936 8.7153059921 1903.8939149325 1289.0079628080 380.4311059955 0.3796154038 0.0290057609
246 0.117763 0.218158 0.000000 1983.9854613052 9.2012828738 1099.3918071274 710.8288030386 164.3987316653 0.1557865589 0.0090500637
247 0.109229 0.209874 0.000000 1383.7608733704 2.5869088759 846.1052714807 443.3119236181 91.7375043839 0.0181596040 0.0011054378
248 0.090326 0.217947 0.000000 1639.0850903137 3.5802462643 930.0456567677 586.2137689555 119.2012640688 0.0388853797 0.0052688918
249 0.177605 0.281362 0.000000 2423.0281024075 3.9686872693 1414.0770619136 868.1134751468 136.8574432200 0.0107068398 0.0007280364
250 0.225409 0.324884 0.000000 3972.0664045565 0.2195410941 2363.9419110483 1425.7931373695 182.0995718952 0.0114909667 0.0007521929
251 0.198518 0.252223 0.000000 3285.1766955369 0.3278443899 2066.8449302377 1119.2217251246 98.7715206427 0.0098445111 0.0008306387
252 0.098230 0.199041 0.000000 1460.8190620062 0.3860402843 959.4135122015 459.7342198632 41.2725176982 0.0117874986 0.0009844621
253 0.183201 0.306562 0.000000 5950.6777891235 0.3325751847 3392.6673856896 2134.4696856407 422.1541607716 0.9109293812 0.1430524542
254 0.054904 0.185430 0.000000 102.7061558319 0.0068015434 72.7706171879 28.5133978946 1.4152727541 0.0000619092 0.0000045451
255 0.154691 0.236177 0.000000 2010.5359109223 0.8405013531 1215.6621848642 683.7664861526 110.2618790211 0.0046566767 0.0002028711
256 0.082693 0.240933 0.000000 478.9558723703 0.0021737166 349.6567714026 123.7985091975 5.4980164251 0.0003794879 0.0000221442
257 0.177115 0.244457 0.000000 2773.4440097804 0.0128922425 1760.7693843301 928.0506707479 84.6027826988 0.0078155326 0.0004642489
258 0.149951 0.278513 0.000000 2755.2682462744 0.2755204953 1662.8948691700 897.5822077086 194.4818407693 0.0317431726 0.0020649651
259 0.064683 0.263795 0.000000 304.3968415605 0.0049816361 192.7233620690 93.4586338318 18.2091385820 0.0006896460 0.0000358040
260 0.161265 0.232543 0.000000 1386.0834795820 0.1186263514 924.2282332095 410.1347546595 51.5788450318 0.0216361474 0.0013841867
261 0.063598 0.210597 0.000000 124.1902177670 0.0014269556 99.3905276847 23.7818576826 1.0161084593 0.0002734071 0.0000235817
262 0.189405 0.305830 0.000000 1520.9184816058 0.0942051754 1093.5248217735 407.9053474193 19.3642834514 0.0274062444 0.0024175463
263 0.068289 0.216194 0.000000 20.3664663807 0.0003884558 14.7673841584 5.5514439059 0.0472463578 0.0000032784 0.0000002326
264 0.058655 0.251345 0.000000 850.2000278500 0.0081681267 578.0962771200 255.6064967275 16.4841484005 0.0045955464 0.0003419314
265 0.224570 0.311199 0.000000 4147.4916336012 0.3259013487 2672.4252380569 1374.4692276556 100.2595476226 0.0109254758 0.0007934481
266 0.206375 0.309002 0.000000 3845.0672632935 0.0244229086 2391.5455160101 1335.3613536094 118.1017971360 0.0320993943 0.0020742431
267 0.117174 0.242624 0.000000 1510.9944337556 0.0056098633 1016.5331896189 480.0867747343 14.3683728818 0.0004575946 0.0000290709
268 0.029973 0.195875 0.000000 10.9478351886 0.0013777444 7.6364778411 3.2792322768 0.0307456967 0.0000015208 0.0000001100
269 0.175011 0.281592 0.000000 1340.0984772792 0.0025583772 950.7092449508 384.2603238425 5.1260056691 0.0003195064 0.0000249396
270 0.138826 0.278271 0.000000 505.8108558258 0.0231778075 362.3160101745 141.9540235417 1.5174321412 0.0001943965 0.0000177683
271 0.045175 0.179486 0.000000 491.2785659350 0.0031849917 362.0803482727 126.2354326229 2.9593682658 0.0002133853 0.0000184025
272 0.152788 0.252682 0.000000 2367.5836962717 0.0770926136 1518.8847366724 798.7863178413 49.7853577931 0.0457058082 0.0044855662
273 0.059010 0.239874 0.000000 821.7520733900 0.0225353331 537.6694669040 273.2920450991 10.7675280396 0.0004645553 0.0000334733
274 0.175622 0.291495 0.000000 2055.7829662372 0.1331255777 1346.0144945755 655.4071393229 54.2256775924 0.0023533269 0.0001758463
275 0.291316 0.356023 0.000000 2829.8997680127 0.1020655728 1816.4621021100 934.7891694566 78.5430221006 0.0031451659 0.0002636198
276 0.047586 0.230580 0.000000 0.4743219827 0.0003390610 0.3427485427 0.1225074868 0.0087265209 0.0000003565 0.0000000300
277 0.082011 0.234035 0.000000 105.6538891862 0.0008537046 77.6883022072 27.3023974310 0.6622767182 0.0000541832 0.0000049503
278 0.103627 0.236330 0.000000 927.1246184601 0.0028434790 671.5129941473 242.5876015601 13.0203358023 0.0007718287 0.0000716492
279 0.038637 0.143874 0.000000 109.3943003640 0.0000568784 78.3424953491 30.1265107749 0.9251902643 0.0000430945 0.0000040205
280 0.130716 0.227398 0.000000 1504.7123333979 0.0224540389 947.2469731319 518.9118118041 38.5296180718 0.0013504009 0.0001259915
281 0.061218 0.216290 0.000000 461.4125646579 0.0111770364 310.3208457361 147.2431689998 3.8371859246 0.0001709488 0.0000160147
282 0.055715 0.159847 0.000000 13.4631891865 0.0002978112 9.6747725253 3.6446215939 0.1434799482 0.0000158676 0.0000014472
283 0.163543 0.250184 0.000000 2234.9456857741 2.7140605024 1483.8483265839 695.7647819046 52.6105510061 0.0072826672 0.0006831319
284 0.011100 0.187585 0.000000 0.0562249965 0.0000684299 0.0373294066 0.0175034657 0.0013235322 0.0000001832 0.0000000172
285 0.075315 0.227089 0.000000 303.4999831117 0.0004644092 230.4484525463 72.5152664121 0.5357088175 0.0000832027 0.0000077390
286 0.146239 0.251711 0.000000 3805.5116652883 0.0718016496 2449.0194597710 1262.3245791816 94.0823101130 0.0124009662 0.0011136574
287 0.119594 0.256943 0.000000 664.4504637051 0.0185342598 438.1504313683 205.5295419295 20.7518310247 0.0001169510 0.0000081774
288 0.078016 0.242397 0.000000 938.1946117583 0.0137895233 644.1456848539 285.2889785109 8.7456637581 0.0004557145 0.0000394067
289 0.345642 0.377967 0.000000 6594.8722759329 2.3559792361 4135.1554236092 2278.3018073629 178.9735515498 0.0788216331 0.0066925621
290 0.049214 0.181341 0.000000 380.5040072787 0.0008907270 252.2172527367 124.5059951545 3.7797891136 0.0000731381 0.0000064282
291 0.300072 0.307076 0.000000 5866.7733846339 3.3022733775 3617.9338859388 2009.9023051501 235.6164778505 0.0170525219 0.0013898138
292 0.075219 0.225929 0.000000 247.8397821353 3.2318269163 172.7412856256 68.1557046295 3.7105884594 0.0003466537 0.0000298720
293 0.120841 0.234209 0.000000 1644.1582160740 0.0496700193 1046.0003546629 570.3560931592 27.7516884192 0.0003929920 0.0000168330
294 0.108625 0.258111 0.000000 732.2102759039 0.0145174450 488.3382325910 235.9808577635 7.8764989329 0.0001610861 0.0000081118
295 0.017721 0.211584 0.000000 0.0090859861 0.0000010219 0.0060592417 0.0029280169 0.0000977298 0.0000000020 0.0000000001
296 0.074082 0.257789 0.000000 154.9699710866 0.0083474778 110.5078733201 43.3477661217 1.1059016365 0.0000758849 0.0000066541
297 0.077736 0.193004 0.000000 586.8002201535 0.0001999155 423.0604124423 160.8107422076 2.9287427485 0.0001156557 0.0000071896
298 0.111333 0.216958 0.000000 1676.0445033352 0.0018816228 1115.6651907720 546.4688429281 13.9083967510 0.0001803149 0.0000109848
299 0.046072 0.228611 0.000000 207.8204229563 0.0052557377 129.0512546686 77.3454985487 1.4183944482 0.0000180379 0.0000015615
300 0.152999 0.290578 0.000000 980.7650719572 0.0004273893 671.4833277007 298.7225802895 10.5586697445 0.0000626618 0.0000041833
