1 0.586884 0.575733 0.000000 17364.8254688603 385.6909052885 9902.5906988306 5513.8356671282 1538.0028307556 18.2275683046 6.4777985531
2 0.666885 0.643587 0.000000 30639.5597223417 464.1823748235 16772.1197129197 10062.6046731953 3293.7274855996 38.1356995524 8.7897762520
3 0.594549 0.598308 0.000000 27779.8354573611 344.8098465076 15099.9049316118 9377.3728286618 2933.5083204423 20.8618934878 3.3776366508
4 0.572501 0.530708 0.000000 21063.3313459149 175.9247705584 11822.6445813963 7060.1065347274 1996.7806671037 6.9425496451 0.9322424847
5 0.600521 0.633420 0.000000 18363.2120439252 40.6097653307 10775.6480423175 6210.4923242102 1326.5101308722 7.9527775848 1.9990036130
6 0.532630 0.512978 0.000000 14532.9122059277 35.8566250503 8604.2507985214 4882.8691549208 1008.0710661320 1.6808640883 0.1836972174
7 0.691601 0.622356 0.000000 28811.5376961874 355.9910920673 15169.5483303523 9814.0217671031 3445.5102169447 22.2578802020 4.2084095241
8 0.557247 0.579973 0.000000 27806.4503916520 416.6837784947 13703.6071185160 9498.0961988870 4161.7830796430 23.5173848626 2.7628312473
9 0.569862 0.610426 0.000000 16866.3105484901 10.2371479679 10020.9697663092 5681.4074920108 1148.6788078657 4.3583638528 0.6589704904
10 0.451880 0.481775 0.000000 12499.0794843746 30.7538482607 7025.6959033213 4289.3754252914 1150.2218628980 2.7569933868 0.2754512173
11 0.649559 0.582248 0.000000 21469.0449967936 36.9668996000 12124.2862493859 7379.1257963756 1920.8020730559 6.9667339116 0.8972444710
12 0.559188 0.503230 0.000000 16550.6294460004 76.3385984253 9335.8781265748 5735.6169783713 1397.4482735056 4.5768347974 0.7706343346
13 0.605704 0.582977 0.000000 15649.0628401821 121.4722519940 8723.5074375926 5325.0617465455 1476.8262828997 2.0093185423 0.1858026093
14 0.380394 0.432371 0.000000 11219.4830900736 103.5807839629 6168.4229666801 3802.7295278913 1140.7043729926 3.7061076268 0.3393309422
15 0.599817 0.551393 0.000000 13949.0924036264 223.5491222519 8135.6398411923 4486.2685565254 1099.1427362862 3.7563249762 0.7358224056
16 0.398682 0.455291 0.000000 11902.5153298467 34.4508072483 6570.6340070228 4135.7289601244 1159.1233869523 2.3984991924 0.1796693196
17 0.605170 0.577505 0.000000 19536.3035219979 268.2958260777 9944.2980325389 6539.4581421449 2773.1403747704 10.0770349055 1.0341115730
18 0.639652 0.647384 0.000000 22125.1345610988 218.8321797784 11401.4647208445 7516.1747324620 2975.0910679217 12.1963208609 1.3755392547
19 0.756026 0.627230 0.000000 20608.9788139844 36.6699345903 12266.0191736397 7002.5445916105 1302.2452100862 1.3383112336 0.1615928388
20 0.548025 0.491114 0.000000 13838.5917780695 46.2188696487 8084.9934216015 4748.8184344838 957.1593307625 1.1940723981 0.2076491835
21 0.567413 0.587896 0.000000 14838.3707862970 9.3294910469 8702.4134835181 5169.1035234020 957.0651811598 0.4339826128 0.0251245509
22 0.707771 0.661092 0.000000 21536.4174660622 49.4631457315 12065.8208627104 7544.2713667914 1873.5264277269 3.0094481491 0.3262149649
23 0.872248 0.792345 0.000000 36499.7562645342 160.0283864486 19344.8137255582 12971.3653799974 4002.5672231059 18.2241775935 2.7573718434
24 0.608908 0.562310 0.000000 13954.8390029277 191.1973942280 7673.6546298312 4568.0787477032 1514.5376474875 6.6282751366 0.7423085566
25 0.703140 0.620802 0.000000 23378.7648028287 185.2642002316 12585.9929227365 8012.9236491098 2585.6461321837 7.9892986125 0.9485999597
26 0.653046 0.564878 0.000000 17499.5967676036 19.4068916990 9703.8354554176 6260.5472870749 1514.0876358745 1.5354249321 0.1840726145
27 0.377065 0.482088 0.000000 13301.9352475401 16.1581459705 7109.4324112781 4858.1254577137 1315.6245023359 2.3232655074 0.2714647527
28 0.544799 0.553482 0.000000 17316.9111251954 0.2038233586 9570.9942443442 6228.1407633737 1515.7881199620 1.6173253250 0.1668488769
29 0.549996 0.506091 0.000000 14544.3240112707 4.8735103856 8091.6781775352 5104.7346849412 1342.6686420758 0.3499312291 0.0190651425
30 0.625877 0.602735 0.000000 16426.0823696170 92.1880396378 9187.2945950886 5659.2604220375 1485.4016912636 1.7097985045 0.2278231116
31 0.567673 0.576985 0.000000 14191.1456569036 33.1029383234 8584.5289704954 4853.8228082279 719.4127040397 0.2699556526 0.0082802142
32 0.598747 0.520136 0.000000 11617.7291991715 0.9899942666 7461.2872269136 3851.8497464334 303.5257132615 0.0717915960 0.0047267304
33 0.755498 0.661164 0.000000 17328.9954368058 36.0288757149 10238.5757894349 6052.0220111758 1001.4020616394 0.8877943266 0.0789045479
34 0.609567 0.584957 0.000000 11310.8330108491 1.0307892204 7217.7619082653 3725.0822650832 366.8729686715 0.0796595965 0.0054200429
35 0.536185 0.520423 0.000000 11374.0915010197 12.4486488796 6960.3613274559 3886.4674357882 514.6877213664 0.1197070008 0.0066605662
36 0.508528 0.499836 0.000000 6870.0002092239 0.0625970429 4840.6234571606 1965.6734326492 63.6264554363 0.0131587963 0.0011081644
37 0.574339 0.522235 0.000000 11534.6521665825 0.0984304752 7317.2912210144 3833.6480341214 383.5493930774 0.0607312891 0.0043566027
38 0.742286 0.592019 0.000000 14247.4216507403 0.1681065744 9204.8617260519 4632.0317697351 410.2354986399 0.1150516912 0.0094980886
39 0.729097 0.671776 0.000000 14536.6433151056 7.6924204713 9007.2995615673 4912.6759770877 608.1651557800 0.6994425434 0.1107576748
40 0.821773 0.679149 0.000000 20349.4199510882 61.1633601697 11761.7396906479 7161.7696567046 1363.6391909839 1.0555468268 0.0525058180
41 0.671439 0.591939 0.000000 15879.7578202401 74.4362194733 9101.2600001291 5552.1462551717 1150.3489609478 1.4981853002 0.0681992408
42 0.575284 0.527446 0.000000 13306.0790151609 0.6127461072 8133.2102593277 4546.1010505703 626.0171068479 0.1264323335 0.0114199948
43 0.495188 0.469288 0.000000 10786.2911730463 70.3757381589 6345.8916633581 3685.4395234143 682.7638318750 1.1535738065 0.6668424551
44 0.676957 0.544441 0.000000 18830.9975453320 202.1209032663 9842.6961072920 6515.6933393199 2252.9648134738 13.3601213903 4.1622606046
45 0.798024 0.589398 0.000000 28620.3506527014 392.4326618606 13834.1083795994 9910.8519776429 4452.1334739315 24.3154839609 6.5086757101
46 0.664555 0.549840 0.000000 23102.1462706297 263.7106530605 10856.0208186739 7946.2449732724 4003.2767636706 27.4754369877 5.4176249787
47 0.699495 0.626057 0.000000 22027.8601958745 231.0205234976 10528.7910231253 7564.2125286117 3674.4166582060 24.0754078392 5.3440546229
48 0.610768 0.553260 0.000000 12204.3105502120 80.4280581900 6568.3908929075 4210.5597586544 1343.8550548448 0.9779774173 0.0988082174
49 0.613681 0.526780 0.000000 12703.2351323714 73.2240833778 6949.6773568437 4368.0267830990 1295.2900378686 12.7841391771 4.2327320212
50 0.451550 0.468336 0.000000 7684.3592694548 182.2419449640 4209.2739742913 2572.4251409600 718.6745472526 1.5282814158 0.2153805971
51 0.641050 0.594903 0.000000 15645.0532046925 258.3979811188 8340.5781727728 5291.4494529349 1748.7664736997 5.2199628291 0.6411613682
52 0.550251 0.515614 0.000000 15681.0419965907 86.8780799725 8569.9133543760 5366.6166478976 1647.0941413113 9.4364059020 1.1033671982
53 0.439350 0.491816 0.000000 9448.6096971909 10.3647156220 5649.3299774374 3151.5473578126 636.2751583254 0.9964307009 0.0960573156
54 0.580370 0.565796 0.000000 15200.7488660869 1.2205576575 9285.8757578700 5118.7645313451 793.6530846610 1.1106378738 0.1242967572
55 0.448381 0.416570 0.000000 7471.1060449580 0.2374742877 4957.2503892237 2302.6965115000 210.7609619870 0.1467031393 0.0140048401
56 0.548887 0.520320 0.000000 12220.9021248143 53.9655755399 7076.4435382374 4149.1840268879 939.6437694721 1.5210639609 0.1441507139
57 0.543271 0.472286 0.000000 12249.0482424564 61.6858495984 6711.8299425101 4094.0960611275 1378.3955084796 2.6914415897 0.3494391693
58 0.600039 0.571313 0.000000 19577.7050948110 224.5944549022 10179.4893972600 6763.9268166378 2392.4583544566 13.6125105203 3.6235610398
59 0.614347 0.585521 0.000000 19733.8278439327 555.4751618600 10184.5288056851 6546.5306410497 2437.4414350726 9.2882004531 0.5635998154
60 0.727987 0.652762 0.000000 23948.8266325895 90.1436420691 13071.0640399410 8564.3469109961 2219.4547903531 3.4330233181 0.3842259412
61 0.745450 0.645819 0.000000 27668.7639721569 83.4218862153 14805.5575302532 10192.6041673256 2585.9903192329 1.0944214015 0.0956477751
62 0.648340 0.541694 0.000000 21617.2807746513 32.2967545751 11205.8372952438 7822.2954037931 2554.7466332379 1.9488599926 0.1558278967
63 0.520052 0.537278 0.000000 11896.9436384395 51.8876112212 6043.4264862580 4120.5819508488 1675.7270193652 4.5184032457 0.8021675842
64 0.714787 0.683787 0.000000 15696.0361787640 68.9587899716 8513.8180606068 5614.6506834228 1493.0771525188 4.3042208175 1.2272714894
65 0.609085 0.527509 0.000000 10006.1785975041 22.8047537213 6157.3726914281 3377.3885811061 447.7679010087 0.7611449573 0.0835253317
66 0.490665 0.491213 0.000000 7486.0962493406 2.7855584731 4717.4785530119 2523.9784474450 241.8157391877 0.0353537648 0.0025974902
67 0.650749 0.583521 0.000000 11973.2019844836 3.5000755859 7382.0284615676 4097.8009436475 489.7382543829 0.1239883796 0.0102609772
68 0.459376 0.456479 0.000000 6568.2101041130 0.7023100958 4106.5767743473 2210.5660807916 250.3571395262 0.0073816411 0.0004177509
69 0.610469 0.583033 0.000000 10606.1750342949 0.8389492490 6597.8675781453 3518.2105585882 489.0132083425 0.2313726986 0.0133673324
70 0.486311 0.495657 0.000000 7682.7088917395 2.4774556899 4789.3667614305 2620.3443177595 270.4957446248 0.0233304946 0.0012817373
71 0.669403 0.550709 0.000000 13235.3034011390 7.7478509622 7908.7796707751 4489.7497109365 828.6885949443 0.3141838135 0.0233897514
72 0.782213 0.625376 0.000000 14616.8001472551 12.4856003880 8855.4000340449 5000.3299614869 747.6977865724 0.8190108097 0.0677539931
73 0.582966 0.512704 0.000000 9600.8427902267 10.9087556695 5781.0120366827 3321.5642090664 487.3260325080 0.0298916161 0.0018647550
74 0.786439 0.618403 0.000000 14818.1806396674 40.1537444612 8674.9890937815 5228.2513795374 873.8024294278 0.8258610408 0.1581314128
75 0.593926 0.534722 0.000000 8856.5405769084 22.0891256722 5630.8993886576 2888.8951597005 314.2013902723 0.4161517382 0.0393609687
76 0.628762 0.541750 0.000000 8655.8831218991 0.2225626725 5606.8674779400 2856.2657657846 192.5180197845 0.0086153591 0.0006804479
77 0.553012 0.543189 0.000000 9149.2470462649 3.1567214081 5542.3691239192 3005.9023913499 597.5199006869 0.2847793612 0.0141296235
78 0.563341 0.572006 0.000000 9266.1541280048 1.1098309484 5879.3133067213 2958.6618785242 426.9940465344 0.0723816264 0.0026837589
79 0.592847 0.532720 0.000000 9777.6954433748 0.1942126713 6220.7057952017 3227.8903978840 328.8770753105 0.0266893595 0.0012730655
80 0.492060 0.472551 0.000000 6964.1790734994 0.1325070304 4801.3856172547 2080.0984043299 82.5529630589 0.0088474491 0.0007344620
81 0.771589 0.641132 0.000000 17110.0453798219 16.0116233134 10129.2779913731 5840.2313732883 1123.0742018972 1.2910486084 0.1591414118
82 0.569884 0.582051 0.000000 10486.7904436220 1.3886262631 6188.8219508848 3742.4114501458 554.0344192349 0.1273556989 0.0066414676
83 0.779459 0.676732 0.000000 11431.8243497047 0.7219456640 6894.2378275341 4130.3917898445 406.4024015332 0.0650425709 0.0053426353
84 0.385464 0.433125 0.000000 3572.7707755031 0.0172255625 2297.5138533384 1170.6423629867 104.5830677554 0.0131353251 0.0011305917
85 0.601601 0.562339 0.000000 10227.4213209703 1.9519197856 6221.1854669721 3519.3562818736 484.6556043785 0.2496997062 0.0223482966
86 0.519433 0.487457 0.000000 7264.9153354668 0.3414882395 4730.5137506612 2347.4116633083 186.6154129385 0.0302967049 0.0027236225
87 0.577531 0.518149 0.000000 6954.1189039653 1.3625610466 4698.2743303483 2164.5877383378 89.8808309677 0.0123340662 0.0011092434
88 0.646953 0.613607 0.000000 14041.1682099939 69.2305963889 8597.3267230625 4703.0376344545 669.4400584593 1.8029429753 0.3302547159
89 0.657610 0.575511 0.000000 9546.6821746570 0.4788000359 6666.2232647975 2784.0147827639 95.9522476566 0.0124875462 0.0005919703
90 0.555151 0.528963 0.000000 9218.5624057589 0.0855349682 6333.9285349140 2745.5083478096 138.9894940661 0.0467022612 0.0037918346
91 0.722270 0.661333 0.000000 12106.2140186331 0.0215588684 7634.0773766655 4074.8089108500 397.1926889094 0.1045822562 0.0089011757
92 0.539374 0.485098 0.000000 7870.1163620938 0.0244769222 5193.5880058285 2546.3160320418 130.1733068907 0.0133912097 0.0011492954
93 0.873104 0.708231 0.000000 15731.9616359494 0.4398573814 9940.2738411884 5277.8794945957 512.9802723255 0.3523086203 0.0358619074
94 0.585043 0.556476 0.000000 11310.9951918897 0.4254643440 6870.3082560046 3827.7763039284 611.7394677704 0.6773329373 0.0683670150
95 0.431110 0.440697 0.000000 7256.3474487888 7.7599990620 4585.3293384938 2320.8954489664 342.2440448938 0.1111160552 0.0075013552
96 0.631518 0.606308 0.000000 23459.9823027272 166.5209249116 11924.5386925544 8102.2196970955 3252.5858490306 13.0041913795 1.1129478421
97 0.864203 0.713918 0.000000 19564.0788450087 46.4121194735 11182.3621890406 6396.2651831601 1936.1894543096 2.7345409072 0.1153582599
98 0.696539 0.630244 0.000000 15978.4422490334 10.1268743130 9610.5902716522 5305.0485831510 1051.5212411298 1.0831354219 0.0721434196
99 0.682415 0.606053 0.000000 13815.6375242478 13.9160717998 7985.7745135456 4839.6216036367 975.7882705295 0.5120672346 0.0249975225
100 0.592703 0.508726 0.000000 10492.1691490892 1.3658866232 6423.9355670953 3680.0913347016 386.7666475306 0.0092007733 0.0005124479
101 0.698784 0.654558 0.000000 16617.8728595651 18.6035448119 9659.1966337655 5717.3785011639 1218.1483520826 4.0907559801 0.4550718049
102 0.598612 0.516983 0.000000 7837.8938837677 1.8140488943 5085.4501116887 2548.4664660327 202.0736276546 0.0857875662 0.0038419979
103 0.473673 0.453452 0.000000 4886.3025409354 0.1957618301 3498.2252140066 1354.4943010073 33.3846180522 0.0024509920 0.0001950927
104 0.590843 0.582609 0.000000 12412.7548109681 29.5760758551 7903.9484738439 4086.3396120908 392.7472322286 0.1319674049 0.0114496607
105 0.503554 0.542748 0.000000 8311.3820408466 85.6953100360 5023.7155722268 2668.5943323332 532.9889697640 0.3574963860 0.0303601033
106 0.478442 0.535563 0.000000 9748.3134422621 107.2878774684 5799.2493093475 3174.0700428649 667.1115691666 0.5346523300 0.0599911131
107 0.551923 0.585289 0.000000 11718.4039113756 44.9177540822 7123.6059129427 3780.5007809830 768.2939873195 1.0195964523 0.0658796414
108 0.690565 0.638138 0.000000 13464.1074479335 94.5319844232 8094.7434446840 4401.2552709209 872.3994535273 1.1151418645 0.0621525705
109 0.728704 0.689323 0.000000 12599.5478172595 109.0545777220 7797.9874511983 3920.5134278663 764.6554477160 6.1402518474 1.1966609477
110 0.804241 0.706675 0.000000 19383.5073534990 182.1754662332 11121.3866037999 6612.0073434551 1457.1190489861 9.6448426335 1.1740484781
111 0.762772 0.707317 0.000000 13327.8061530448 0.6712669692 8234.8672448940 4461.7576608478 630.4200450275 0.0856546245 0.0042807798
112 0.579170 0.523299 0.000000 9743.8339955367 0.1202842938 6373.5294049618 3121.0274641442 249.0436505387 0.1042843712 0.0089072727
113 0.676123 0.585114 0.000000 8142.6629178456 3.8168846767 5154.4337476395 2745.4190923289 238.9158061728 0.0712310754 0.0061559786
114 0.759267 0.586424 0.000000 16622.2920331331 85.5747689659 9618.1547497305 5401.2225480027 1500.5184751757 13.9408148136 2.8806765091
115 0.541556 0.513089 0.000000 8247.5538495559 20.3596462954 5217.6583315985 2753.7019499124 255.6893273755 0.1340644139 0.0105300180
116 0.622492 0.529834 0.000000 8476.3886204797 3.4695066460 5297.0525130924 2748.2128886190 427.3819251822 0.2512566505 0.0205303545
117 0.646876 0.542131 0.000000 8351.1159659733 0.1040461454 5466.1200687520 2608.1262476800 276.7075891555 0.0535746358 0.0044396963
118 0.385266 0.483406 0.000000 9647.6557042004 4.4427625721 5661.3841552036 3481.8171780467 499.6191063655 0.3579298555 0.0345721504
119 1.016979 0.777508 0.000000 25219.3580763079 2.6431639889 13984.9763032846 9408.7883203206 1822.1740499822 0.7156765153 0.0605622974
120 0.858684 0.721348 0.000000 14495.7504344306 15.4565545420 8674.3411992857 5133.7976333123 671.9835549236 0.1572027596 0.0142897655
121 0.756604 0.728756 0.000000 16466.3454312296 10.5879203948 9533.9421666329 5935.5703431819 986.1024675374 0.1314137444 0.0111198537
122 0.607430 0.578362 0.000000 11086.0287607488 1.6345162311 6490.8632909985 3977.2420093607 616.2377715775 0.0484520953 0.0027205921
123 0.783547 0.624211 0.000000 11217.3614046246 0.1819225429 7202.2392511573 3647.2259043368 367.6861232118 0.0266798692 0.0015236669
124 0.481551 0.482936 0.000000 8562.0846031369 0.0042626086 5522.5410382322 2842.1239105925 197.4011032473 0.0131957407 0.0010927723
125 0.431340 0.437203 0.000000 5108.6199353756 0.0108543186 3317.1937647321 1727.1453086423 64.2681603906 0.0017058631 0.0001414651
126 0.699243 0.689675 0.000000 15280.7772414898 4.1767937920 9184.7390667225 5383.4466053559 708.2322579896 0.1655672560 0.0169504134
127 0.686278 0.646422 0.000000 11636.2578757731 0.9557720125 6979.4306015827 4000.5118473684 655.2861162575 0.0684323250 0.0051062582
128 0.478959 0.482238 0.000000 9878.2488826509 49.8044634543 5687.2123351075 3540.5684961847 599.2850993568 1.1862767688 0.1922118188
129 0.490169 0.490259 0.000000 7914.2331070603 10.5061837787 4863.1684385898 2779.7381030225 260.7608097103 0.0554622682 0.0041097306
130 0.806570 0.717789 0.000000 16090.8795139840 60.8673521155 9302.3580455819 5486.7678779402 1234.9439407341 4.9676211668 0.9746765051
131 0.514678 0.520784 0.000000 7005.3311348153 21.1408584344 4279.3192933666 2320.6497368690 384.0609437498 0.1494018454 0.0109005681
132 0.654929 0.538371 0.000000 14469.6552304967 0.1674928295 8646.3411491843 5031.6210430795 790.5636741336 0.8634057479 0.0984655513
133 0.613816 0.533842 0.000000 9883.5984073940 0.0657914290 5828.9182667034 3521.4132478116 532.9473455023 0.2325480222 0.0212079927
134 0.713327 0.607277 0.000000 16297.9995755493 0.0533960664 9074.6662248684 5848.6277916088 1373.7101188664 0.8607774356 0.0812667649
135 0.610258 0.499904 0.000000 9790.6821375798 0.0079211866 5765.8192431638 3494.0456972536 530.7272031757 0.0762861198 0.0057867746
136 0.649633 0.558816 0.000000 12215.0391167450 0.0279796508 7162.9882983606 4259.6811970690 792.2095852112 0.1224260183 0.0096305019
137 0.493617 0.483082 0.000000 8495.4668962063 0.0217183524 4793.7879089254 2994.3876599659 707.1748141029 0.0892367776 0.0055581636
138 0.773885 0.612959 0.000000 16864.4488044536 6.6272910565 9511.2247625354 5859.7735332068 1479.8350851172 5.1292184003 1.8589142061
139 0.553600 0.512558 0.000000 8862.4441569182 0.0514194820 5160.6277590354 3146.2789475295 555.1685848252 0.3075437339 0.0099024041
140 0.594826 0.520253 0.000000 8491.0050833806 0.4050307019 5234.6209325389 2966.9389507771 288.9954639697 0.0418068647 0.0028985653
141 0.549154 0.552957 0.000000 8850.3060180111 1.2291177835 5603.6937286644 2955.6181653860 289.7082172373 0.0525827319 0.0042063025
142 0.468232 0.384593 0.000000 5551.3289244161 0.6516294074 3598.2068493356 1827.4453367887 124.9973326723 0.0260204100 0.0017558305
143 0.701343 0.617464 0.000000 10858.2502546554 25.6890330677 7042.7650037828 3415.8014953141 373.9458648637 0.0449946773 0.0038630292
144 0.767658 0.596213 0.000000 12620.4481238572 31.6047874175 8160.8664284427 3894.8208571723 532.7628359138 0.3453129231 0.0479020809
145 0.658433 0.503266 0.000000 13362.7528728303 42.9959151441 7981.6153168189 4564.2734026430 773.4966482331 0.3296395952 0.0419505495
146 0.532278 0.484313 0.000000 8482.2039295755 14.3730497884 5213.9319132590 2873.4080870972 380.3627721590 0.1206905255 0.0074167724
147 0.776798 0.644796 0.000000 14654.6634024855 33.9619119673 9065.4021339219 4802.3551405167 752.3271933996 0.5606934022 0.0563293436
148 0.709005 0.618462 0.000000 8953.6071671108 19.9634758029 6074.5853385925 2654.4876536395 204.4476766515 0.1124452195 0.0105772785
149 0.497585 0.511382 0.000000 5500.9404239635 31.9264082298 3587.1855693555 1713.9674770809 167.8574135889 0.0032932012 0.0002625668
150 0.777992 0.673983 0.000000 12731.0430582354 78.1092557710 8017.3995214792 4077.6264759014 557.6696218053 0.2154403782 0.0227429587
151 0.666929 0.635167 0.000000 11198.8646136314 71.1158858941 7087.7137718097 3369.9870931119 668.3681046126 1.5082778171 0.1714804302
152 0.668392 0.560540 0.000000 11784.9661503246 54.0796687052 7191.6666773478 4031.3601255339 504.0008717370 3.3761249581 0.4826820890
153 0.526402 0.501327 0.000000 6445.5005390292 0.9902977708 4174.1079722113 2127.5680973188 142.7141771568 0.1119866351 0.0080079752
154 0.381970 0.427083 0.000000 3498.3633851283 0.0909890704 2296.9902466337 1138.4505749556 62.8216579939 0.0094248471 0.0004917124
155 0.591473 0.583972 0.000000 9142.8632935327 27.7749694395 5888.6687818682 2986.6678380856 239.5484227133 0.1861678168 0.0171135978
156 0.701568 0.660180 0.000000 12204.6622084256 86.8660612106 7058.3736671449 4279.8087993759 778.5169490334 1.0006017576 0.0961299694
157 0.498262 0.466569 0.000000 5284.8302437301 0.1017631368 3472.5523740236 1710.8821610371 101.2914617829 0.0023389295 0.0001448861
158 0.504796 0.494230 0.000000 5821.4018215218 0.0923887205 3761.5768600767 1901.9050683125 157.8169118329 0.0098944384 0.0006982837
159 0.575633 0.547529 0.000000 4991.0375418434 0.0987953746 3267.7091180164 1635.7655149446 87.4591558075 0.0046347813 0.0003230624
160 0.638320 0.580643 0.000000 12285.7886279195 0.0428421929 7532.8299818082 4280.7519351298 472.0471696683 0.1080264320 0.0086728313
161 0.373499 0.386787 0.000000 2071.3742828509 0.0094265904 1288.8703002755 750.8640583930 31.6299993273 0.0004683768 0.0000300393
162 0.689864 0.583844 0.000000 8927.9609412933 0.2239051942 5537.3177703721 3143.7449455139 246.6525189170 0.0203424037 0.0014591004
163 0.637217 0.579569 0.000000 8207.2046451176 0.0436280477 5391.3259355895 2701.3608253361 114.4698649258 0.0041187941 0.0002726571
164 0.444129 0.437149 0.000000 8687.2984866076 0.0135459807 5442.3475915001 2971.4602570817 273.4372666669 0.0370491033 0.0027763690
165 0.544640 0.522911 0.000000 4816.0215901140 0.0089056082 3105.5270260867 1646.4593416934 64.0254619253 0.0008052372 0.0000497544
166 0.705396 0.573402 0.000000 9944.5569230113 0.0720752659 6402.8849949278 3333.5972995257 207.8948107459 0.0981096939 0.0096330992
167 0.802245 0.659689 0.000000 16719.7433095808 14.2568037827 10579.9900269797 5627.7537523028 497.4538190277 0.2597612118 0.0291465120
168 0.608268 0.583075 0.000000 8525.2133516200 0.0351365937 5490.6647501352 2851.4838205557 183.0189560959 0.0099373663 0.0007510217
169 0.648928 0.590697 0.000000 11101.5575626504 0.0214695307 7009.5282070653 3725.7750761887 366.1964750644 0.0337487722 0.0025863026
170 0.795781 0.685206 0.000000 12740.1322278588 0.0395802436 8508.1319707254 3832.7652997238 399.0891534032 0.0990078674 0.0072163933
171 0.615154 0.537815 0.000000 9742.7179624839 0.0222328717 6325.1668817492 3209.1211656699 208.3877463886 0.0186406059 0.0012954224
172 0.617910 0.558837 0.000000 11441.4357785716 0.2407599039 7580.0613087566 3681.1475612258 179.9511370512 0.0321982514 0.0028135636
173 0.611626 0.507673 0.000000 7433.5646942850 0.1385721220 5329.6859235447 2067.2868577122 36.4478860418 0.0049939742 0.0004610487
174 0.517633 0.515593 0.000000 7589.0179402049 3.0693949588 5314.6431516706 2190.0840370839 81.2019589529 0.0177402356 0.0016576165
175 0.668289 0.611300 0.000000 8741.0165614566 2.9997187843 5825.3934925395 2717.2956188040 194.7119917148 0.5464038189 0.0693358611
176 0.603339 0.597162 0.000000 5817.3983068750 0.2432849408 3757.5351298690 1961.5666866722 98.0196192786 0.0307558803 0.0028303642
177 0.637452 0.558689 0.000000 8080.9581536268 0.1621468974 5220.7345022797 2711.2469928333 148.8023168752 0.0111894753 0.0010054207
178 0.789721 0.615908 0.000000 11324.7552095401 5.8011824736 7449.6327461808 3693.5215922007 175.7739949706 0.0235609014 0.0021329251
179 0.676567 0.606309 0.000000 10946.1150727466 10.2305837300 6602.6325564541 3704.2952871710 628.2536907135 0.6505918125 0.0523629366
180 0.714587 0.591567 0.000000 11877.1559811989 37.9694340097 7149.5994659943 3895.8627714851 792.3712220590 1.1781577326 0.1749300198
181 0.637626 0.582871 0.000000 7699.6773764380 62.9175923145 4773.1628778314 2320.7546455884 541.9434251309 0.8137203059 0.0851153334
182 0.658968 0.579545 0.000000 8340.2766651809 32.7128131000 5289.1164033634 2508.9136414818 508.9546246980 0.5290394294 0.0501431548
183 0.562878 0.558650 0.000000 9273.9457719713 123.1789803715 5326.1274785130 3020.2990615805 798.7726818319 4.9985747460 0.5689950496
184 0.477707 0.530836 0.000000 4711.3993689847 0.6414740331 2884.8063400960 1632.5269466303 192.6249234946 0.6994449948 0.1002399423
185 0.781408 0.661317 0.000000 11056.3350680464 0.1132359707 7374.5280905452 3516.7326524471 164.9579715971 0.0029079715 0.0002100133
186 0.748662 0.631844 0.000000 9754.6022750994 0.2442985533 6414.3926374930 3211.5404533783 128.4215860723 0.0031172745 0.0001826421
187 0.568914 0.580014 0.000000 8966.1341783442 0.2039020637 6039.6942120638 2801.7746527512 124.4547878147 0.0061783241 0.0004454980
188 0.944653 0.797766 0.000000 26034.8199649379 552.2660492201 14598.7370046905 8562.2236289510 2310.7010305258 9.5122915181 1.3799601807
189 0.664403 0.533670 0.000000 10132.7949817490 0.8657864916 6397.4569621634 3436.2653275128 297.2082398690 0.8518559826 0.1468099081
190 0.791339 0.615147 0.000000 13583.2913186648 12.5809595325 8052.9435680875 4804.0331043715 713.4570251556 0.2588438290 0.0178179127
191 0.849776 0.692196 0.000000 13702.3412497385 1.8374031319 8518.0882044903 4624.2108016707 557.7056197660 0.4696007901 0.0296200329
192 0.296335 0.349854 0.000000 1967.6055529928 0.0813229650 1327.6249672822 615.3175156913 24.5775810325 0.0038825698 0.0002835343
193 0.416801 0.408727 0.000000 5194.6639533309 0.0471560092 3223.7257908324 1849.1549269381 121.6998310216 0.0336323620 0.0026162784
194 0.621943 0.553166 0.000000 7642.1136387002 1.0828006213 5057.8761914509 2462.3524245157 120.7949981268 0.0067642979 0.0004602607
195 0.805972 0.687355 0.000000 12948.7541869970 23.3817891758 8435.9619797923 4216.4116384815 272.9604418403 0.0356792828 0.0026589009
196 0.333174 0.438165 0.000000 3137.9937236646 0.0523456110 2378.7326219757 743.4830211035 15.7247788996 0.0008866858 0.0000695499
197 0.536538 0.489702 0.000000 9578.1355078075 0.0842379683 6345.4335211154 3055.9269449017 176.6439181446 0.0434371174 0.0034487640
198 0.796028 0.626531 0.000000 11771.9701400096 3.1734402833 7864.4287350646 3703.0046388757 201.2312680915 0.1208385216 0.0112195803
199 0.864742 0.647096 0.000000 11808.3985263754 3.9629165470 8188.3725601676 3454.7176337384 161.2669974916 0.0717414321 0.0066773781
200 0.706470 0.529397 0.000000 11190.0115751224 19.5904100362 7294.6833991441 3531.2969609364 344.2747888092 0.1514822611 0.0145340703
201 0.625080 0.499603 0.000000 8529.1015549054 22.3613904661 5285.0074813291 2891.0801606677 330.5508232150 0.0857717924 0.0159275549
202 0.576355 0.559857 0.000000 12061.6024939936 20.2079518478 7074.9092439325 4151.3019037900 813.7276672646 1.2977024183 0.1580249990
203 0.494933 0.515446 0.000000 9207.0978197893 82.6624977192 5311.1568145798 3062.3569787510 749.2706305182 1.3612263371 0.2896721162
204 0.465305 0.481728 0.000000 7021.4731343555 60.1521437452 3773.8039793391 2356.0770528288 830.6396714418 0.7450760243 0.0552109924
205 0.524161 0.524328 0.000000 8629.2632106450 4.6810491984 5078.3324888854 2961.9282305937 583.6333721628 0.6130691689 0.0750009665
206 0.646688 0.519127 0.000000 8669.7356962520 43.1798927720 5259.4549544743 2782.9476594052 581.6513395886 2.0264627654 0.4753873033
207 0.569713 0.476914 0.000000 7435.5268032809 18.7338034685 4398.1112525644 2441.8763825183 574.2660939457 2.0315277842 0.5077430650
208 0.806784 0.624712 0.000000 10789.1963315770 53.2226938948 6506.0673340031 3348.8089866269 879.1497891876 1.8001800928 0.1473479349
209 0.672373 0.605859 0.000000 9192.2953818851 7.4837070111 5939.1601855635 2905.8497579860 339.5827445698 0.2043931488 0.0145937872
210 0.865141 0.644086 0.000000 12886.8298348426 0.7227726775 8202.5578180767 4267.8275342333 415.6772227896 0.0411774804 0.0033097673
211 0.584645 0.517205 0.000000 6389.8483331338 9.4891727642 4152.6322752690 2053.0228246052 174.6808263569 0.0213305692 0.0019036970
212 0.635967 0.555923 0.000000 6222.0440721609 0.0851722826 4285.1808112410 1842.7904821855 93.9752182372 0.0113576797 0.0010306556
213 0.596884 0.578021 0.000000 6678.0253859372 0.2037648966 4410.7008321493 2054.0778206824 212.9838349498 0.0540436421 0.0050897897
214 0.677359 0.567624 0.000000 8158.5415700370 5.9374537827 5297.2617349815 2509.0273532445 346.1414544102 0.1593169349 0.0142568532
215 0.596327 0.534062 0.000000 11765.4453497333 24.9302890544 7202.8038475737 3941.3503838275 595.4863043543 0.7871894200 0.0873356926
216 0.569117 0.531467 0.000000 9802.6323551325 169.4551926124 5434.1907579127 3213.8005717350 980.3385170296 4.1107676697 0.7365483177
217 0.591060 0.585486 0.000000 11017.4368660245 107.7187089566 6283.3962592771 3542.1892295715 1074.6027412409 7.6602594062 1.8696676643
218 0.745775 0.590939 0.000000 8902.2336874027 5.0677208431 5982.3206659099 2469.2472671808 444.7805176958 0.7496161762 0.0678997157
219 0.731380 0.571104 0.000000 7460.1557037725 1.9964359623 5033.5250121872 2060.6674634464 363.7320170694 0.2164401405 0.0183351787
220 0.737413 0.553871 0.000000 5997.1496993615 0.0931343271 4315.1474136067 1591.8090474492 90.0898023649 0.0095572136 0.0007446160
221 0.746718 0.588555 0.000000 8040.1156555859 0.0902640074 5876.4709621663 2131.0162589036 32.5345536545 0.0033499855 0.0002670983
222 0.703495 0.569688 0.000000 8219.7867143215 2.9539919214 5858.0729580129 2278.5456770512 80.1980387799 0.0147535997 0.0012951831
223 0.631465 0.514828 0.000000 8352.3855151993 0.0054728059 5476.3468205996 2747.8779810369 128.1331371257 0.0204900164 0.0016138286
224 0.625720 0.494090 0.000000 7564.0315192482 0.7726122853 5046.2681528510 2380.9818726252 136.0025491014 0.0058849875 0.0004476259
225 0.560672 0.457927 0.000000 6899.6002395246 0.0282136497 4634.5586755492 2225.5338344409 39.4772313803 0.0021032266 0.0001814443
226 0.782782 0.655396 0.000000 15885.5553866569 0.9970126874 9537.7766888002 5661.4901700623 684.9467355495 0.2970432475 0.0477366372
227 0.692077 0.689586 0.000000 9225.2461054881 0.0682449964 6003.1746062875 2970.6394119266 251.2863434595 0.0745351159 0.0029638247
228 0.779485 0.652478 0.000000 8641.6537889999 0.0948791397 5789.8582120764 2710.1927528010 141.4818704724 0.0238757185 0.0021989511
229 0.564677 0.500238 0.000000 5162.4395587516 1.1083821671 3565.7052260658 1500.8168774696 94.7770491179 0.0293879260 0.0026360649
230 0.411562 0.443837 0.000000 3001.4135919622 0.2322286662 2137.1761540252 836.9149155758 27.0817759879 0.0078202487 0.0006976052
231 0.475022 0.494613 0.000000 3147.1908692571 0.0766119193 2226.9062241370 909.2916718438 10.9158642335 0.0004583273 0.0000390669
232 0.677928 0.670727 0.000000 8136.3872923370 0.1093641170 5644.3343848612 2431.2258062304 60.7148861782 0.0026745889 0.0001766366
233 0.455389 0.480101 0.000000 2195.0771701419 0.0743437754 1671.7733082227 520.0450564371 3.1841725032 0.0002665803 0.0000227665
234 0.614750 0.556092 0.000000 6295.4275941917 0.0375101483 4579.4763262116 1691.0203316643 24.8922312034 0.0011071368 0.0000880565
235 0.641676 0.543430 0.000000 6600.4264932130 0.0347023270 4604.0742283726 1937.7969273678 58.5183016332 0.0021656632 0.0001680254
236 0.446037 0.495104 0.000000 4195.1970690859 0.0095994461 2766.5139450862 1343.6242241339 85.0337214785 0.0143457755 0.0012333395
237 0.577431 0.558472 0.000000 7082.6757601433 0.1103954298 4635.4737810754 2265.2226138672 181.7032895487 0.1486370449 0.0170433723
238 0.600401 0.541565 0.000000 9487.7451158624 0.0522518154 6337.3782966376 3012.4121379786 137.8928005631 0.0090023832 0.0006269956
239 0.537260 0.530327 0.000000 9752.6512302085 0.1239973226 5963.4244224781 3493.8373249748 295.2376653960 0.0260399660 0.0017803480
240 0.633334 0.542207 0.000000 7795.9831578361 0.1463429641 5120.8895656728 2493.4818538914 181.4514316295 0.0129406817 0.0010231883
241 0.694340 0.646158 0.000000 8672.4577284423 0.1842547435 5873.5427242406 2634.5704851780 164.1485740806 0.0108518240 0.0008385911
242 0.668484 0.580017 0.000000 11080.4877251112 0.0483736765 7002.6547087192 3853.6729089166 224.1022225778 0.0089646315 0.0005469659
243 0.731415 0.563617 0.000000 8526.9521238207 0.0330354032 5950.0500859339 2496.4001502312 80.4662776817 0.0023941589 0.0001807510
244 0.822433 0.535524 0.000000 11380.4504237157 0.0277741273 7781.2651472108 3519.5269949197 79.6257120623 0.0044913441 0.0003043376
245 0.847220 0.597025 0.000000 9371.9240644661 0.1294392098 6292.2013984997 2945.5658044914 134.0125999017 0.0137281446 0.0010945165
246 0.699279 0.569577 0.000000 8786.7015589186 0.2062240696 5816.8805446835 2806.8552302696 162.7231678581 0.0335100976 0.0028821402
247 0.695330 0.535212 0.000000 8241.6230161433 0.3117883971 5551.2575365487 2602.1967213654 87.8545469095 0.0022607199 0.0001625637
248 0.708250 0.588356 0.000000 6568.3717569378 0.7803639089 4573.6327086938 1958.8518938864 35.1048873982 0.0017592002 0.0001441887
249 0.530969 0.463847 0.000000 4368.5336940675 0.4719993040 3187.2918099727 1153.0873196930 27.6772921974 0.0048345520 0.0004384714
250 0.631812 0.493716 0.000000 5219.6161664071 5.0014953107 3608.0790776500 1541.9722960584 64.5439703146 0.0176772724 0.0016499480
251 0.695716 0.631593 0.000000 6207.6444965731 0.4564696040 4301.8755586707 1842.3645538139 62.9401587146 0.0070957863 0.0006601554
252 0.608134 0.546442 0.000000 5202.2597614258 0.0368208700 3548.6109707192 1577.4789307557 76.1315273627 0.0013887459 0.0001231895
253 0.672566 0.598233 0.000000 7220.9163812283 5.4680653451 4835.1980606579 2220.5252335418 159.7055145492 0.0179016789 0.0016055616
254 0.700555 0.622019 0.000000 6173.4406753197 0.4100473014 4055.0277835345 1952.3840955649 165.6063072083 0.0114278883 0.0010139747
255 0.468665 0.552599 0.000000 3727.4865651326 0.2355030879 2581.7344868097 1071.1353459566 74.3705967538 0.0097660346 0.0008665635
256 0.652677 0.611438 0.000000 9551.1893619846 3.0725220830 5899.9051354533 3171.1539045664 476.7327591291 0.2972105608 0.0278306204
257 0.354622 0.407121 0.000000 1897.8606817635 0.0064578608 1324.7570738671 555.9729882862 17.1238717570 0.0002747542 0.0000155055
258 0.859358 0.749820 0.000000 10931.1254248841 0.4327888561 7018.3131505357 3663.4057134892 248.9553297992 0.0171961463 0.0012462501
259 0.598330 0.541205 0.000000 7245.5539448210 0.0595167373 4792.5811758913 2298.6969481004 154.2055344939 0.0099832983 0.0007864039
260 0.757979 0.599065 0.000000 11401.8405005830 0.0146159858 7259.8099502745 3786.8777495256 355.1003268888 0.0352387481 0.0026193677
261 0.599066 0.596427 0.000000 8947.1700636538 0.0082690720 5508.0705646667 3152.5845312784 286.4361764969 0.0652316263 0.0052906479
262 0.733603 0.579142 0.000000 11415.8036913938 11.5679520164 7011.9309440065 4059.8427656766 332.2291100297 0.2137314067 0.0191883308
263 0.436058 0.472175 0.000000 6867.1889679124 2.9977795073 4233.9517156765 2437.1132422718 193.0837422668 0.0395439808 0.0029442878
264 0.498826 0.500457 0.000000 5473.0946501321 0.1494306185 3583.1477827486 1813.0022916830 76.7885113912 0.0061331624 0.0005006911
265 0.405406 0.416088 0.000000 3993.0859239902 0.2133031776 2604.6233673263 1337.9815710633 50.2643650418 0.0030893422 0.0002281235
266 0.605190 0.603344 0.000000 5420.4729606018 0.8431451781 3767.8324200909 1603.0180477854 48.7729731887 0.0058512558 0.0005232865
267 0.516448 0.585568 0.000000 5719.6183790977 0.1214387945 3986.0179665319 1678.4748947263 55.0012007771 0.0026532592 0.0002251572
268 0.511383 0.521380 0.000000 4446.9237646468 0.1179526839 3145.4377240121 1255.1182710604 46.2413890833 0.0077173783 0.0007105267
269 0.664928 0.632859 0.000000 9146.0977956982 23.3110571516 6284.8649459141 2582.7462572412 255.1228682640 0.0489082339 0.0037591086
270 0.407910 0.462817 0.000000 5880.2080694729 0.0309549261 3859.0491951543 1943.3947639026 77.7314350178 0.0015974422 0.0001234088
271 0.560508 0.529413 0.000000 4814.1060142129 0.2104438182 3298.6425949639 1487.6600027180 27.5922102299 0.0007033326 0.0000593596
272 0.647476 0.599432 0.000000 6968.2041449481 0.5678364270 4577.9715176173 2283.1189762052 106.5446640882 0.0010638948 0.0000869647
273 0.603957 0.582234 0.000000 8294.9942372224 71.2050935465 5392.3086563845 2559.2547485731 272.1169550863 0.0994802373 0.0093035796
274 0.699713 0.619561 0.000000 11074.5398391343 122.5861864297 6887.3147390752 3602.4233635546 461.8851126060 0.3080961425 0.0223413950
275 0.643405 0.553161 0.000000 7045.6453423556 0.5941591106 4484.5657942864 2472.4793003400 87.9977868100 0.0077041843 0.0005977813
276 0.676431 0.582850 0.000000 7304.5168886719 0.0583886374 4586.5462014262 2593.5424029436 124.3570549983 0.0118792562 0.0009615025
277 0.693908 0.626329 0.000000 7972.9249508328 0.0772704181 5258.6191586492 2603.7060371964 110.5079654369 0.0134654220 0.0010538660
278 0.722092 0.603847 0.000000 9371.2672705872 0.0494723759 5890.4393558288 3382.6074139553 98.1699905758 0.0009706202 0.0000675110
279 0.749701 0.669229 0.000000 10910.1444837084 0.1275965384 6914.3439011436 3744.8366365001 250.8209627667 0.0142857403 0.0011012057
280 0.618636 0.576909 0.000000 6062.6983095623 0.0441615990 4073.9590757941 1932.6480567940 56.0451131363 0.0017623928 0.0001401654
281 0.761083 0.616303 0.000000 8637.4283179145 0.0867678249 5717.2344192027 2837.1774425223 82.9274517501 0.0020732645 0.0001635980
282 0.636927 0.633309 0.000000 8163.2724893875 0.5232011745 5469.1979684016 2554.6405143775 138.9054964007 0.0050587697 0.0002505297
283 0.676201 0.609327 0.000000 7242.4679296349 0.3895384205 5068.1297651280 2086.3648757716 87.5669266775 0.0160475108 0.0007763861
284 0.863716 0.739938 0.000000 9212.9906083705 0.0685615873 6054.7640617129 2968.9476401184 189.1559843538 0.0499596969 0.0044009960
285 0.698076 0.598970 0.000000 7080.3627319778 0.1097497830 4818.2131564484 2176.2823706430 85.7373061958 0.0185298319 0.0016192570
286 0.777263 0.575477 0.000000 6134.3925807996 0.7695872382 4317.8870370198 1760.3452100758 55.3765061691 0.0130862542 0.0011542291
287 0.834574 0.612081 0.000000 8975.1403780759 3.4245942222 6259.1656220712 2607.4333526127 105.0994852930 0.0158965321 0.0014274882
288 1.000166 0.761838 0.000000 11230.4390591739 9.9642101430 7574.3388113996 3411.1437110788 234.8992884532 0.0857488508 0.0072896979
289 0.624271 0.516546 0.000000 6099.9070148570 14.7312255111 4227.9720866957 1719.5917351107 137.4505870633 0.1302527665 0.0311278622
290 0.548675 0.476279 0.000000 4765.3645709847 0.0144381399 3203.5724108241 1526.6343603988 35.1425667459 0.0007347745 0.0000602524
291 0.699409 0.560195 0.000000 6342.2652205552 0.0493365387 4368.1112965731 1932.9844093841 41.1186659671 0.0014165980 0.0000957601
292 0.583004 0.512813 0.000000 4746.2860770086 0.0127367506 3432.9272872561 1288.5342615757 24.8103977018 0.0013010366 0.0000929188
293 0.533656 0.463778 0.000000 4859.3787925984 0.0635811360 3572.4576954378 1250.1747312099 36.6695879933 0.0121122436 0.0010849371
294 0.755530 0.601693 0.000000 9400.0650956504 0.0260931801 6610.4770029115 2662.7606929107 126.7871173803 0.0131218208 0.0010677762
295 0.775418 0.613700 0.000000 7058.0545532637 0.0390880342 4792.1727122932 2203.4866837494 62.3520487310 0.0036955561 0.0003251468
296 0.564549 0.436442 0.000000 4277.0137382517 0.0256839870 2944.9197302563 1292.1776416388 39.8884275702 0.0020778453 0.0001772180
297 0.790998 0.626326 0.000000 11092.4329155811 0.0935414370 7138.0445206325 3674.8914881344 279.3165506143 0.0798675810 0.0069476038
298 0.574885 0.480720 0.000000 5441.7403643645 0.0113348147 3889.7452175606 1504.9197771807 47.0564577197 0.0070812507 0.0004962142
299 0.864387 0.679494 0.000000 11393.1885674688 0.0847205419 7479.6504558261 3643.5090481563 269.8384215624 0.0978140273 0.0081077618
300 0.833699 0.682740 0.000000 8071.0093452719 0.0893823752 5929.0076149758 2068.0537459057 73.8532489649 0.0049569821 0.0003965817
