1 0.563234 0.577004 0.000000 18451.4900603651 407.8332766559 10537.2946781787 5860.1969353438 1624.0686695561 16.2902526988 5.8062479316
2 0.673893 0.642655 0.000000 26629.4588268577 238.1460135878 15597.9584719535 8817.3027813672 1972.1227896440 3.6334861485 0.2952841561
3 0.582923 0.592266 0.000000 21681.9792750251 98.1475126047 12492.5638592463 7359.6295017021 1727.7745053340 3.4369608915 0.4269352487
4 0.538607 0.543257 0.000000 14848.5689888043 57.0872349610 9269.7569850275 4843.4375180337 677.9029262316 0.3607387619 0.0235857906
5 0.585356 0.624427 0.000000 16208.6985516815 68.2093107479 10170.8204268205 5178.5529829238 790.6990701357 0.3923558025 0.0244052561
6 0.494330 0.517367 0.000000 10358.1251643450 3.5686918262 6716.5273659952 3327.0410087687 310.9576869447 0.0281505902 0.0022602215
7 0.620913 0.615316 0.000000 18448.5946860007 95.8143042426 10752.2349125931 6245.7737574363 1349.8108594243 4.2918625501 0.6689897552
8 0.646614 0.588823 0.000000 18144.1314251103 59.7731891673 10754.3362953913 6131.0440619412 1198.5732920499 0.3826308338 0.0219557321
9 0.562810 0.608039 0.000000 15968.4807011230 62.6382689031 9369.2155851309 5388.2991372278 1148.0301198631 0.2809313314 0.0166586701
10 0.451899 0.480566 0.000000 11911.0155046667 94.9194512449 6606.5818297319 3942.4861295308 1263.8986331353 2.7716013343 0.3578596980
11 0.605253 0.573214 0.000000 20828.3031734114 183.0437961208 10796.1574229310 7229.0455684405 2611.1094950196 7.5592002981 1.3876906102
12 0.495474 0.507799 0.000000 13160.7963116772 111.1270001334 7260.3379986629 4461.7885133205 1325.5478938471 1.7884059773 0.2064997393
13 0.605149 0.594109 0.000000 13080.6286771743 7.4908713430 8018.8784242253 4478.5843599782 575.5068375232 0.1555596145 0.0126244931
14 0.339718 0.425507 0.000000 5276.9355969426 2.7925838467 3361.3567675453 1755.6915653992 157.0684714923 0.0243681677 0.0018404978
15 0.449905 0.546113 0.000000 7927.3040595642 1.9120048704 5042.3035139702 2666.7135768823 216.3594254735 0.0142990488 0.0012393210
16 0.371050 0.470178 0.000000 6486.6162466384 0.4939471429 4050.2458911725 2166.9169231353 268.8753169599 0.0776186452 0.0065495849
17 0.567372 0.565070 0.000000 12673.2921266410 9.6821395820 7548.1581467859 4389.0113089417 726.1952414153 0.2260526060 0.0192373140
18 0.690032 0.637991 0.000000 17596.5198982258 98.8649007473 10234.1361107573 5957.0691211134 1305.7993237438 0.6079550901 0.0424867816
19 0.627949 0.626997 0.000000 14478.1931682310 63.0159776646 8623.4451134057 4880.8019601867 910.7581794129 0.1614451532 0.0104924200
20 0.397804 0.497464 0.000000 9186.9658626413 28.8261815765 5346.8204628254 3052.5832827593 753.4439236260 4.7452555378 0.5467563170
21 0.566514 0.584238 0.000000 13130.8638829735 30.1670197808 7767.7471538614 4491.8155296724 840.7723972322 0.3367831083 0.0249993320
22 0.719673 0.653155 0.000000 21475.8995910047 149.4396882271 11812.9081418914 7131.8686206441 2373.5174826990 7.4778237177 0.6878338366
23 0.890116 0.801952 0.000000 26375.8981863233 85.8746074142 14558.1267419765 9223.2910341295 2506.3432138269 2.0969325908 0.1656563905
24 0.489372 0.556548 0.000000 10633.7840106090 38.9847103124 6041.4094602534 3686.6518766220 865.7912924184 0.8716804649 0.0749905480
25 0.613736 0.633107 0.000000 11944.2586053489 4.1933321562 7376.3292804025 4013.5381894612 550.0046901731 0.1792548827 0.0138582915
26 0.559992 0.559455 0.000000 12898.4011513933 18.0293818944 7609.2955477691 4435.3974738089 835.3852349813 0.2709109286 0.0226020346
27 0.491128 0.487778 0.000000 10008.8680051105 23.1120000549 5803.2720250722 3508.2383576218 673.9016944649 0.3163371385 0.0275907637
28 0.502409 0.550812 0.000000 10138.7998631218 9.6103582307 6133.0357043153 3497.4884264082 498.3943936000 0.2468826247 0.0240979631
29 0.469302 0.512012 0.000000 7332.5747380066 5.3001375148 4571.0776594999 2423.9891613785 332.1758773749 0.0302488380 0.0016534000
30 0.588289 0.601029 0.000000 10849.5248578221 0.1194208925 7024.1707267233 3514.9923423495 310.2113532771 0.0287077815 0.0023068218
31 0.553271 0.578784 0.000000 11976.4568180076 19.7362770145 7404.7526910010 3995.8366891085 556.0694641844 0.0576154588 0.0040812523
32 0.399569 0.506723 0.000000 8783.3126623685 32.9211525370 5190.8358980193 2875.4604792133 683.7450937374 0.3213129854 0.0287258889
33 0.681116 0.662052 0.000000 19517.0082097178 215.2523907901 10381.8781251068 6495.4294317594 2421.2341675838 2.9011936549 0.3129008309
34 0.629414 0.590794 0.000000 12987.1852613053 42.5189326932 7757.6856796954 4322.8799147710 863.8381987443 0.2435090953 0.0190263099
35 0.564099 0.524457 0.000000 11939.6471090265 5.0503129040 7243.9722173158 4052.9668692665 637.4939055411 0.1506675046 0.0131365143
36 0.431548 0.488581 0.000000 6866.3860258709 0.4207353966 4602.0029820189 2170.8886159462 93.0661092848 0.0069952220 0.0005880174
37 0.521971 0.521282 0.000000 9952.1117412230 0.1928841566 6328.8924815103 3320.6458874363 302.2615858281 0.1092622740 0.0096400202
38 0.519532 0.591307 0.000000 10474.7963357015 0.4404458095 6778.9582543906 3452.1238206790 243.2388354654 0.0325925192 0.0023868434
39 0.677556 0.683030 0.000000 12185.3920519373 0.4022784286 7924.4445756270 3954.8624477930 305.6514752993 0.0293900926 0.0018847496
40 0.714704 0.664357 0.000000 20224.8373878920 60.6006903211 11658.0581030997 7009.1744140399 1495.5213073938 1.4043741888 0.0784988952
41 0.586017 0.595918 0.000000 13509.8943767823 37.0739310032 7504.9391704310 4587.3942301531 1379.9308952764 0.5252996184 0.0308503126
42 0.484059 0.534299 0.000000 8469.2720634326 6.7432556006 5238.7579479063 2829.0932362124 394.6201515939 0.0534749340 0.0039971781
43 0.345048 0.462029 0.000000 6285.4909954874 20.1109925886 3923.1130981800 2046.9080604188 295.2261927914 0.1240782892 0.0085732188
44 0.510383 0.550492 0.000000 12704.6807511563 79.3723850009 7174.3755216959 4289.3179635209 1157.3605992875 3.5257423692 0.7285392906
45 0.576507 0.583521 0.000000 12482.4724438209 69.2457799983 7182.2585613879 4260.3009244515 965.3015105721 4.5728464711 0.7928209419
46 0.506767 0.557490 0.000000 9812.3830874996 31.9613943049 5567.0451913068 3475.1852956848 737.1528149051 0.9055613790 0.1328299417
47 0.528177 0.614229 0.000000 13251.1007230242 63.7151771740 7198.3607014173 4492.1533309908 1494.9485081415 1.7526783727 0.1703269406
48 0.487614 0.560580 0.000000 9143.9022245135 70.9490493195 5054.1563475680 3033.0469224569 984.8214012631 0.8652309420 0.0632729771
49 0.501967 0.524647 0.000000 9641.7180108321 70.1037489518 5370.8824762263 3249.1750760309 950.7867688876 0.6857182869 0.0842224810
50 0.382909 0.470434 0.000000 5791.9878650188 80.0030430526 3335.8535771904 1837.1922468061 535.4116262864 2.7451248473 0.7822468530
51 0.677588 0.597474 0.000000 14437.8881843131 42.0360375638 8864.7939351502 4857.9882739416 671.3935312544 1.4217743860 0.2546320439
52 0.464295 0.510576 0.000000 7687.5971210412 0.2395229654 4702.3555449231 2702.2730825374 282.7205434523 0.0078302818 0.0005968961
53 0.412680 0.497224 0.000000 8742.0420429615 4.4393290155 4859.9813146190 3152.0661582277 725.3618187111 0.1787312320 0.0146911806
54 0.478785 0.560222 0.000000 9385.5231240946 32.6937185640 5141.7682114979 3294.6810901479 915.3509626232 0.9280953942 0.1010459056
55 0.316781 0.425041 0.000000 4404.1089248723 0.0610343471 2765.2148348041 1494.9504643918 143.8394345662 0.0399669739 0.0031898136
56 0.461250 0.512508 0.000000 6672.2511255481 0.0564149032 4043.6650065962 2293.3480137003 335.1460502662 0.0327516763 0.0028884018
57 0.395803 0.469768 0.000000 3677.3865528779 0.1159011109 2460.3320484381 1166.9625634967 49.9727129003 0.0030511948 0.0002757431
58 0.580882 0.578239 0.000000 11418.0321578696 8.4461532676 7208.7999732231 3782.5631678210 417.7076611613 0.4602660877 0.0549363570
59 0.546928 0.578637 0.000000 7998.6817709812 57.7224545432 4971.4180388885 2682.0032609404 287.3629231313 0.1604998644 0.0145936570
60 0.616981 0.663907 0.000000 13402.3461713967 145.4339221317 7761.5888538426 4331.3560975817 1163.5984624201 0.3416853162 0.0271501551
61 0.568991 0.630804 0.000000 10756.9261668053 143.1354212700 6065.6169666851 3519.0555412930 1019.8945290998 6.7851703602 2.4385381191
62 0.559923 0.555280 0.000000 10784.2808065569 102.0583101127 6254.4839297885 3451.7594488833 972.5820276700 2.7789305865 0.6181595274
63 0.521603 0.525541 0.000000 10226.6284130137 66.2944007488 6013.2257183252 3420.7393024854 725.1778801129 1.1043586307 0.0867527081
64 0.672635 0.665087 0.000000 13161.1594341787 5.3028900813 7923.6224233125 4530.1979664091 701.8247239533 0.1978422421 0.0135882195
65 0.477895 0.543910 0.000000 8535.5818967851 62.4430904749 4859.8555204111 2950.9827900606 661.3894507553 0.8468890153 0.0641561167
66 0.434778 0.491085 0.000000 10648.3863637974 36.0831681533 5848.5364531648 3691.0036376495 1064.8341643881 6.5113204535 1.4176200052
67 0.504500 0.581606 0.000000 11051.0671532513 137.2944273967 6078.8175231416 3708.7362364441 1102.7077864972 15.4786186952 8.0325610772
68 0.396578 0.460531 0.000000 5024.5431768737 0.2342764839 3145.7180099545 1635.9409884028 242.6044886064 0.0420042922 0.0034091430
69 0.548211 0.578402 0.000000 8742.1910113196 23.8864610566 5260.1708865306 3028.3986723671 429.6176744642 0.1081451044 0.0091718129
70 0.413331 0.492370 0.000000 5220.0005934171 2.8655929372 3118.3942055659 1802.3582802521 296.3574849567 0.0230366494 0.0019930617
71 0.450163 0.554830 0.000000 9847.9570973106 31.2625283933 5794.4243044056 3419.5611386503 602.4942478239 0.1993552708 0.0155227999
72 0.587130 0.635272 0.000000 14468.5272803977 181.8439509804 7768.3895145220 4840.2655763517 1669.9192158899 6.2683281663 1.8406945049
73 0.407050 0.503227 0.000000 7774.6248850323 151.4051636976 4456.5325569580 2387.5052627445 771.1624274535 6.4327340081 1.5867401936
74 0.618177 0.618170 0.000000 9663.9138867456 93.6732754028 5923.4385204991 3037.6843403744 602.9885427567 4.7974563025 1.3317514259
75 0.489920 0.543687 0.000000 7843.1434884828 45.9460910571 4936.4149564741 2540.8534851263 319.0194185925 0.7828786010 0.1266586355
76 0.546604 0.524874 0.000000 9306.6717789101 2.3175197485 6082.3595424556 3119.4503108749 102.4482965734 0.0870391208 0.0090701531
77 0.581837 0.548866 0.000000 8815.1798949384 0.1932772346 5628.2684826928 2996.8624883167 189.8490445848 0.0060898501 0.0005122790
78 0.509585 0.578925 0.000000 10903.3149841711 0.8070044631 6619.5110892919 3893.1787563262 389.7723103110 0.0426061448 0.0032176478
79 0.487232 0.518340 0.000000 7296.7535792233 0.0436821441 4387.6945768469 2479.5654541120 429.4386703114 0.0103658859 0.0008299374
80 0.418852 0.478420 0.000000 6149.9089878127 19.3024007451 3648.1663956042 2073.2859034356 409.1402775980 0.0131132609 0.0008971793
81 0.576445 0.639081 0.000000 10303.5834631259 31.6382127793 6068.9352793676 3534.6637399884 668.2351817136 0.0964726370 0.0145766564
82 0.567256 0.587701 0.000000 12200.7033144058 80.7437206594 6721.9902944308 4292.4532815776 1105.3305107735 0.1739452016 0.0115617945
83 0.716127 0.671202 0.000000 13812.6790316166 41.8602097558 7902.2996356862 4884.5635970968 983.7726888724 0.1709214427 0.0119787828
84 0.394188 0.436910 0.000000 4121.5603195827 0.1425602733 2667.2315978578 1329.8595558460 124.3171736986 0.0087312799 0.0007006423
85 0.563601 0.557960 0.000000 7852.5658770114 0.9323999870 4905.0754023168 2687.7780893889 258.7531465591 0.0247034618 0.0021353238
86 0.401291 0.494228 0.000000 5130.9388446820 4.6260256999 3408.7706900570 1636.4184561653 81.1089841247 0.0134481569 0.0012404809
87 0.409255 0.507193 0.000000 5082.2368314495 0.0468220579 3444.8123408171 1584.2348720041 53.1377929247 0.0045935132 0.0004101688
88 0.551322 0.618186 0.000000 8406.1847033056 7.6355446383 5481.0324427104 2770.6966820217 146.8118997167 0.0074672613 0.0006669927
89 0.552840 0.576813 0.000000 9074.1210364355 14.6013877966 5442.0476675132 3157.8672861938 459.5691999189 0.0327992175 0.0026958292
90 0.514997 0.538046 0.000000 7935.0442127322 17.9343626918 4703.0626178455 2812.1612249609 401.7994100023 0.0795746146 0.0070226249
91 0.795102 0.656882 0.000000 17903.5302304727 103.4156970441 10374.4541249041 6051.6332294335 1364.3845744137 7.6598550249 1.9827496881
92 0.340824 0.483084 0.000000 3992.3804261185 13.2297190977 2533.1248644150 1298.9405492425 144.4555438367 1.7161797975 0.9135697484
93 0.692145 0.688718 0.000000 10899.3453646040 0.0172979659 7062.4062635559 3602.8522386586 234.0504623034 0.0176084777 0.0014936773
94 0.532794 0.567241 0.000000 7641.2391054539 0.0298082974 5016.2730967638 2473.8485906708 151.0657563916 0.0202060616 0.0016473405
95 0.365726 0.450033 0.000000 6218.1195578838 6.2956098419 3991.6111854295 2050.8459727760 169.3058198221 0.0562088319 0.0047611813
96 0.508660 0.594354 0.000000 7960.7076826447 31.9105772681 4886.3461890028 2639.4321601830 402.9109018637 0.0985403704 0.0093139468
97 0.651836 0.720999 0.000000 12109.0457256771 114.1759001756 7189.8535458649 3898.2565645276 905.5387798863 1.1411751090 0.0797601660
98 0.629551 0.635476 0.000000 10263.6515930436 15.2195034801 6561.3220492556 3147.7168401863 538.9591392703 0.4028452197 0.0312156938
99 0.583861 0.592545 0.000000 7232.7372497945 0.6106627617 4961.0910866788 2208.6218423618 62.3957593798 0.0167160782 0.0011826622
100 0.464474 0.513331 0.000000 5521.5527316277 0.0165026594 3909.4606761769 1577.8486881764 34.2217365769 0.0047379640 0.0003901404
101 0.653473 0.660135 0.000000 10672.6022824788 0.5403727439 7050.3695409406 3440.7171589786 180.8591359609 0.1068993958 0.0091745616
102 0.427545 0.499353 0.000000 4121.1473594820 0.0055761156 2764.8241931311 1317.4153198191 38.9008025618 0.0013587134 0.0001092247
103 0.370687 0.463605 0.000000 4056.4421512558 0.0077124755 2867.2741341337 1139.1464548814 50.0071400932 0.0062125736 0.0004971654
104 0.620667 0.584095 0.000000 6369.8092853337 0.0629914539 4502.4041824535 1844.8411008096 22.4993550495 0.0015281942 0.0001274606
105 0.608193 0.539778 0.000000 8148.0320001987 13.8538221450 5501.6102053925 2484.2959386912 148.0627356825 0.1837275766 0.0255708000
106 0.445569 0.542401 0.000000 6007.2243421059 2.8501661270 3859.0120894085 1898.0671490026 247.1961309693 0.0917942151 0.0070124370
107 0.513762 0.568321 0.000000 6737.0688041890 25.7979313258 4217.1112407733 2137.3812549553 356.3335082891 0.4119722445 0.0328966277
108 0.581102 0.641653 0.000000 9853.9292545856 80.7695273854 5967.4710590573 3141.1093901582 660.1188877088 3.8269106181 0.6334797247
109 0.733629 0.700447 0.000000 11096.7686817274 66.5520540323 6939.9996553435 3401.2321585974 687.8301711482 1.0609465137 0.0936961646
110 0.782037 0.718001 0.000000 11303.2832971542 31.0805396420 7157.7299234464 3496.3351309026 617.5948073700 0.4963708891 0.0465249751
111 0.671282 0.687392 0.000000 12956.6397250117 237.8215998391 7419.3013118937 3955.5838248978 1335.1354883252 7.0495829928 1.7479170954
112 0.535719 0.530864 0.000000 10045.4749484333 87.4551430714 5912.5967198901 3285.2574677243 744.8379385537 10.3724209306 4.9552582734
113 0.641980 0.588597 0.000000 16401.7960746687 13.2806037056 10194.9074550971 5432.0082438909 761.5355758657 0.0607024532 0.0034937710
114 0.564050 0.576727 0.000000 13713.0178335437 1.4167401508 8312.2954266696 4884.2591379803 514.7255285090 0.2958946674 0.0251056240
115 0.516666 0.507763 0.000000 8937.9698599544 0.2524676788 5484.1420703410 3141.4344052473 312.1259429640 0.0140552539 0.0009185368
116 0.416756 0.525324 0.000000 5911.4845108742 0.3856839182 3706.4086514790 1983.1316306049 221.5286378508 0.0274744237 0.0024326671
117 0.511193 0.555059 0.000000 5126.3338048577 0.4754036372 3420.6071534840 1640.0330269957 65.2119077184 0.0057888944 0.0005241739
118 0.401089 0.481781 0.000000 4733.3571038443 0.0044619873 3220.7767877658 1434.8119695082 77.7538724885 0.0092257054 0.0007864750
119 0.817646 0.771466 0.000000 14968.8656252599 46.1065397358 9316.3694279691 5029.3499757415 576.8170199286 0.2045163254 0.0181456278
120 0.797604 0.729933 0.000000 13580.2260036665 35.9298836536 8803.9771272702 4423.2081097020 317.0618764203 0.0453918685 0.0036148372
121 0.755470 0.722890 0.000000 13600.0750814315 33.1504274469 8927.8375435108 4345.2770459547 293.7803973045 0.0273482134 0.0023191081
122 0.516307 0.571616 0.000000 7730.5249965041 4.0115069136 5120.2149314063 2516.2730539357 90.0207632429 0.0043978895 0.0003431704
123 0.665511 0.622740 0.000000 8111.0926669272 0.3900805244 5475.9632632358 2521.9322773970 112.8016590957 0.0049894102 0.0003973168
124 0.354495 0.491698 0.000000 6110.9281303474 0.0059114323 3930.6152926334 2070.0812393840 110.2160418925 0.0089001335 0.0007448921
125 0.243785 0.432839 0.000000 1049.7509584982 0.0008868547 725.0506825196 316.9735076345 7.7251766048 0.0006481087 0.0000569016
126 0.777290 0.687683 0.000000 11936.1183984059 0.0105971779 7818.6832389966 3927.9203351779 189.4721043228 0.0295479949 0.0025748409
127 0.667508 0.655244 0.000000 8797.5789638934 0.2985011482 5876.2655256941 2811.0713889149 109.9296002682 0.0128169403 0.0011309922
128 0.380740 0.477673 0.000000 4597.4426473687 0.0113248559 3079.1187096067 1471.2581574418 47.0502477548 0.0038632185 0.0003445279
129 0.497487 0.499550 0.000000 5415.9876534306 0.0051661866 3832.4468444176 1546.2007662955 37.3323563380 0.0023179951 0.0002022648
130 0.755741 0.714229 0.000000 10933.1628555336 0.1063171379 7676.3925398713 3176.6113654242 80.0274205853 0.0230970977 0.0021155829
131 0.379930 0.521260 0.000000 3028.6380643467 0.0127109232 2426.0442929252 594.9861716397 7.5936653091 0.0011238003 0.0000998275
132 0.425795 0.531702 0.000000 4566.6472938431 0.0237526025 3193.8196364103 1313.0090199707 59.7324586965 0.0571919661 0.0052342107
133 0.484849 0.535624 0.000000 5837.2045971932 0.0207879793 4122.2019464895 1667.5901317880 47.3878919641 0.0035643270 0.0002746909
134 0.623737 0.598067 0.000000 7119.8605972765 0.2631563949 5229.4178037342 1864.8521100362 25.3248135939 0.0024931946 0.0002204737
135 0.418495 0.505804 0.000000 4364.9317196246 0.0911378512 3385.3199136894 970.6176685835 8.9024878266 0.0004752343 0.0000366255
136 0.475571 0.552633 0.000000 5104.7371056485 0.0180966784 3786.6157681591 1305.1136784999 12.9871327934 0.0022317240 0.0001978691
137 0.448740 0.482817 0.000000 5245.4362312589 0.1460888374 3746.3596892543 1469.6011437636 29.3230660813 0.0057538855 0.0004895384
138 0.663853 0.611850 0.000000 10799.0864069112 0.0580760690 7425.0188245155 3280.8665771496 93.1296763120 0.0123039028 0.0009490744
139 0.507904 0.527842 0.000000 6897.1213023584 0.0067104276 4751.3059578681 2082.8698415575 62.9361784100 0.0024295876 0.0001847090
140 0.480423 0.515011 0.000000 7371.4285683208 0.0069847555 4830.9738878528 2434.6895400244 105.7553734855 0.0025782981 0.0002039947
141 0.487541 0.550225 0.000000 7676.7497310491 0.0304530834 4758.6311216337 2649.8439509271 268.2329090254 0.0106814534 0.0006149679
142 0.231044 0.391731 0.000000 1662.5122423328 0.0116459582 1149.6315911432 500.4673203487 12.4007518742 0.0008584139 0.0000746527
143 0.547199 0.603730 0.000000 8275.4458952549 0.0314015204 5418.6258518695 2641.5301295978 215.1795120686 0.0724572354 0.0065431132
144 0.521750 0.596201 0.000000 10086.1216457154 0.4339774710 6102.4884015381 3462.7788563780 520.4007372921 0.0186216034 0.0010515978
145 0.461838 0.513417 0.000000 8777.6548105692 12.4267942263 5064.9610050399 3155.3475113037 544.8872691989 0.0307397148 0.0014911289
146 0.399540 0.487508 0.000000 3469.7769954478 0.0315642356 2230.0904710632 1172.3274513445 67.3253875491 0.0019708927 0.0001503892
147 0.670209 0.650190 0.000000 9304.4124463577 0.0915092778 6158.0458849645 3027.0620522682 119.2008766474 0.0112370120 0.0008862187
148 0.619619 0.600057 0.000000 7892.5123894383 0.0035914722 5673.5035849095 2192.5827536955 26.4203129834 0.0019698585 0.0001766023
149 0.368391 0.517323 0.000000 4318.6789946983 0.0049201710 3019.3836998870 1277.0806644541 22.2070229124 0.0024626627 0.0002246932
150 0.714591 0.676176 0.000000 8844.7441426683 0.0411220453 6087.1985305897 2674.2986355595 83.1938366102 0.0110037516 0.0010141682
151 0.674166 0.635300 0.000000 9178.6944415810 0.0187108232 6300.0378147878 2785.1638024490 93.4508958404 0.0212572767 0.0019605343
152 0.474202 0.553220 0.000000 6297.5816264156 0.0111275782 4304.8520187991 1904.2689112156 88.3798868200 0.0636767204 0.0060053343
153 0.451551 0.504798 0.000000 4390.2246868348 0.5526042961 2899.9790482909 1291.1024910869 198.5884315629 0.0020370072 0.0000746947
154 0.263995 0.427402 0.000000 2032.9195598219 0.5150570285 1310.7191127679 613.8179962727 107.8644437649 0.0028855234 0.0000645447
155 0.514422 0.593374 0.000000 8892.7584053780 21.6756101196 5206.3855088367 2926.6223161843 736.8847995891 1.1056883613 0.0844823463
156 0.608777 0.638387 0.000000 10316.2152808264 8.7890747521 6034.5635883497 3660.4450971344 612.2532033735 0.1558569828 0.0084603580
157 0.321751 0.468768 0.000000 3181.6575332992 4.7637718103 1980.2265999346 1116.4083071126 80.2322070358 0.0221869896 0.0044604581
158 0.496193 0.504799 0.000000 7386.7384578875 0.3986460302 4465.8536956326 2619.2756047257 301.1993957885 0.0104390023 0.0006767753
159 0.449074 0.540045 0.000000 5957.6344417282 0.0245011351 3810.9996071829 1952.2062333618 194.3932397316 0.0100765344 0.0007838590
160 0.510146 0.586655 0.000000 6467.7411104328 0.0156141368 4212.8157337238 2114.0239941259 140.8622266408 0.0215933515 0.0019485681
161 0.256756 0.393044 0.000000 999.4888286494 0.0126033937 746.5030369375 249.2656346990 3.7073115455 0.0002224277 0.0000197072
162 0.563343 0.571689 0.000000 6633.4237163122 0.2091977812 4714.6558442870 1857.3126000904 61.2350136092 0.0101381607 0.0009225163
163 0.497436 0.576629 0.000000 5196.8671427615 0.0972335691 3577.5265218831 1587.3789753906 31.8636621916 0.0007019160 0.0000479460
164 0.322333 0.430521 0.000000 3700.0961634580 0.0180004738 2573.9263634730 1105.7677801618 20.3820626874 0.0018067822 0.0001498989
165 0.501655 0.537703 0.000000 5498.2074107549 0.0136410409 3696.8674132112 1749.0757035508 52.2428491578 0.0071592363 0.0006445895
166 0.569520 0.571483 0.000000 9072.1647007853 0.0632840773 5805.0143221654 3099.1099216446 167.9578545384 0.0178027953 0.0015156411
167 0.661056 0.655588 0.000000 8901.8997533346 0.0173828127 5909.8687949714 2877.1973215159 114.8124546419 0.0034947731 0.0003047097
168 0.530995 0.583940 0.000000 7433.0127272522 0.0276272221 4985.7535583125 2320.3349640375 126.8864359499 0.0093190761 0.0008226925
169 0.603409 0.590433 0.000000 9242.6849928485 2.7461216953 6238.7680380604 2883.4623772988 117.6043720526 0.0950255110 0.0090583318
170 0.659947 0.700946 0.000000 10347.6828315805 1.3246577607 6566.1918208237 3558.4660594252 221.6177584461 0.0754859960 0.0070491962
171 0.412001 0.519385 0.000000 3449.9368607681 0.4925205638 2372.9022953493 1051.1761769335 25.3641233163 0.0016065758 0.0001380711
172 0.445595 0.555229 0.000000 6647.5407791129 0.3759894348 4446.2140274375 2082.1700611902 118.4621956357 0.2845965364 0.0339089105
173 0.498123 0.506881 0.000000 3470.7143103553 0.0119987127 2492.3483351079 965.2598315560 13.0932830637 0.0007953045 0.0000666501
174 0.486542 0.515097 0.000000 3079.1310761205 0.0091208734 2349.9493089166 722.2240518286 6.9479177473 0.0006225738 0.0000542728
175 0.652627 0.621742 0.000000 5839.6565144398 0.1236726517 4361.4676318196 1461.6818879164 16.3789479125 0.0040213693 0.0003528892
176 0.679329 0.594185 0.000000 7993.1825538253 0.2280826985 5603.2016751957 2328.9562075472 60.7850088208 0.0106588028 0.0009208436
177 0.573465 0.556326 0.000000 7183.3811885059 0.0415258845 5128.7869648986 2027.5543194838 26.9967024323 0.0015410051 0.0001349031
178 0.533969 0.616195 0.000000 6336.9339040618 0.0444604454 4647.7717865611 1661.5368477673 27.5770533965 0.0034461058 0.0003098593
179 0.546115 0.597782 0.000000 8969.8655674163 0.0354431393 5987.8716459320 2794.6573184956 187.2815595534 0.0183279076 0.0012724893
180 0.510558 0.595748 0.000000 6064.3030443734 0.0721855513 4091.9766853953 1854.1855637503 118.0615864241 0.0065533358 0.0004699982
181 0.563331 0.584483 0.000000 7225.8686314067 0.0415820397 4821.1742741394 2259.5358469498 145.1073191063 0.0088910440 0.0007182244
182 0.533669 0.575298 0.000000 7520.2052231207 0.0272553263 4872.9919967103 2470.8736822995 176.2855032086 0.0245777128 0.0022079178
183 0.641397 0.569414 0.000000 9025.6986628488 0.0715188559 6006.5666407602 2935.2650103827 83.7887572184 0.0061973992 0.0005383085
184 0.434443 0.524957 0.000000 5062.8516443110 0.0825287725 3361.3189175492 1650.2496142057 51.1969592527 0.0033363395 0.0002882191
185 0.701977 0.662012 0.000000 11812.0763236965 2.1758135684 7539.7331527310 4059.1403643160 210.9978025502 0.0267509368 0.0024396307
186 0.584417 0.624872 0.000000 8907.9961397437 0.2233725467 5717.5367804897 2982.9875220369 207.0229140068 0.2027388495 0.0228118680
187 0.517771 0.585387 0.000000 7811.1610045475 0.0686933145 5181.8116878239 2461.1232406605 168.1115038118 0.0421576266 0.0037214876
188 0.856205 0.792832 0.000000 17051.8848171731 0.2177549988 10864.2344505510 5698.5340668239 488.8648105159 0.0316726557 0.0020617643
189 0.445024 0.548730 0.000000 4850.8675386909 0.0277195232 3407.7723929060 1382.4125696248 60.6463271014 0.0079163553 0.0006132928
190 0.504802 0.603683 0.000000 5532.4993031122 1.9740788594 3781.8922247329 1682.4077025925 66.2187190068 0.0060975954 0.0004804013
191 0.660174 0.682639 0.000000 9596.2758480382 72.6172982119 6085.8958932298 2994.4686105051 441.7931509909 1.2460670565 0.2548280315
192 0.216353 0.375919 0.000000 1840.1752269657 10.6238596891 1180.7305852969 539.3761329584 109.4336078448 0.0102919761 0.0007492349
193 0.206403 0.410618 0.000000 1895.2651488988 23.2363284369 1179.8397973062 556.2447335105 135.9252067337 0.0176299241 0.0014529936
194 0.460826 0.571930 0.000000 6097.8760660422 28.5286704260 3787.8924470522 1930.1346767454 351.1364217640 0.1601627300 0.0236873829
195 0.692720 0.673264 0.000000 11228.0040917821 6.3852926150 7081.5577117091 3578.6413513757 561.0382908736 0.3457269572 0.0357183294
196 0.254867 0.433889 0.000000 1967.6573502621 1.4166925307 1314.1223965303 584.9722144888 67.1253168016 0.0194288869 0.0013010763
197 0.403849 0.489983 0.000000 3568.6532098031 0.3532325054 2349.3812352932 1095.8022975558 123.0883700981 0.0263389464 0.0017355246
198 0.717851 0.632960 0.000000 7888.3066534248 0.1306361751 5373.6900511501 2386.5473205210 127.9302151832 0.0077903257 0.0006402152
199 0.720424 0.635670 0.000000 11666.8130996931 0.2025177034 7428.9502052792 3881.5077243982 355.9810767451 0.1557647211 0.0158109826
200 0.594694 0.536444 0.000000 8578.6247551499 6.7472524760 5404.9632075077 2835.9410941777 330.9310962521 0.0396866987 0.0024181043
201 0.476186 0.493147 0.000000 5407.3871355949 3.1605323791 3662.1380985474 1547.3219136708 194.7400966916 0.0243963866 0.0020979893
202 0.407606 0.559678 0.000000 2356.6315948583 3.0745742369 1508.8685783197 749.9250029984 94.7562679510 0.0067136858 0.0004577300
203 0.409042 0.520168 0.000000 4732.7536124408 3.8744910023 3036.5975859889 1421.0197621172 271.2296320163 0.0298740273 0.0022673444
204 0.463098 0.486659 0.000000 4569.2607839949 0.2934333315 3075.9093671755 1350.1012160006 142.9414136210 0.0143630438 0.0009909072
205 0.415869 0.525326 0.000000 4871.9970229087 0.8918185061 3211.3760238614 1513.0611540520 146.6646732835 0.0031036406 0.0002496117
206 0.437600 0.518598 0.000000 4704.2025485875 3.7005375624 3122.7113287920 1499.8851272720 77.8966234045 0.0081748984 0.0007566581
207 0.427361 0.477668 0.000000 3937.3001594859 0.3604255988 2654.0055488963 1260.7299260118 22.2026143302 0.0015126511 0.0001321882
208 0.585531 0.620902 0.000000 5954.7882650257 0.0360035228 4191.1715341911 1722.7795091121 40.7987113308 0.0023064471 0.0002005367
209 0.640460 0.597900 0.000000 8745.3629681130 3.7405330137 5438.6955622062 2986.0888620193 316.8227352932 0.0141934805 0.0010821858
210 0.754420 0.653321 0.000000 12072.7039788504 95.3164117356 7312.5757146886 3676.2339055638 980.9349537783 5.4443542344 2.1986389337
211 0.401405 0.502097 0.000000 3909.2819505798 0.0293397798 2645.0764148109 1161.0217067129 103.1284082752 0.0239345348 0.0021465944
212 0.592975 0.561895 0.000000 6785.9621342277 0.6337622131 4711.8384072803 1970.1075169751 103.3435650979 0.0355706914 0.0033121448
213 0.670106 0.580923 0.000000 10848.1938484224 0.0555698838 7053.6790191321 3649.4584018859 144.9806805834 0.0185099385 0.0016671478
214 0.463477 0.565763 0.000000 5682.7642205666 0.0187616109 3746.9011445098 1868.0098808856 67.8296960910 0.0043870149 0.0003505319
215 0.447878 0.530382 0.000000 3220.4015992732 0.0030382801 2215.0707625117 988.1645192662 17.1618311346 0.0013344979 0.0001136274
216 0.430623 0.534596 0.000000 4485.3518999744 0.0509950813 3116.4532365662 1344.0448945422 24.7998414788 0.0026915546 0.0002408080
217 0.618518 0.590243 0.000000 7407.7246793888 4.2011970059 5171.0840353390 2170.4298178452 61.9869061409 0.0207952297 0.0019278677
218 0.597882 0.587254 0.000000 5913.9520611680 3.4608925943 4127.8043735205 1727.1943669626 55.4714784503 0.0191614656 0.0017882811
219 0.534608 0.564435 0.000000 4334.3824753068 8.7759856190 3032.4814159800 1247.7222359024 45.3942518787 0.0078602546 0.0007257209
220 0.420747 0.558729 0.000000 5247.1594528105 7.4732811094 3609.6920939653 1552.6016559133 77.3731602073 0.0176270696 0.0016346160
221 0.517256 0.581877 0.000000 7054.5244907041 3.6103136471 4560.3888227727 2343.3610328934 147.1251982146 0.0358005812 0.0033226612
222 0.560245 0.583643 0.000000 5324.3786596827 4.7234588845 3524.9058549079 1695.3815040482 99.3631592340 0.0042934731 0.0003891943
223 0.431655 0.504821 0.000000 3313.2036171752 1.6138897728 2179.3583706763 989.3449666040 142.8829537635 0.0031513070 0.0002850587
224 0.385164 0.498001 0.000000 3764.4903044986 2.4950160257 2401.8641399644 1217.4100882449 142.7124465749 0.0079016054 0.0007121342
225 0.330550 0.456716 0.000000 2430.2758360089 0.3642718060 1637.9957009487 722.9548969034 68.9546438801 0.0057895401 0.0005329548
226 0.690066 0.643444 0.000000 7206.1473697304 5.5195485944 4779.2430408122 2147.8570727861 273.4914790120 0.0331775427 0.0030510531
227 0.719184 0.701045 0.000000 9161.9838929538 6.4194861475 5744.7720957724 3149.1849151611 261.4562206070 0.1372405004 0.0139348772
228 0.702806 0.656767 0.000000 6269.2767409505 1.2374154067 4174.3368841466 1989.1603429006 104.5383362083 0.0034665784 0.0002957449
229 0.426930 0.491793 0.000000 1886.8496989390 0.0155857646 1253.5790015813 623.1475665363 10.1072792743 0.0002444329 0.0000214206
230 0.334983 0.454023 0.000000 2384.9846742010 0.0069457791 1577.2356234898 783.7566878199 23.9845891336 0.0007644759 0.0000636002
231 0.422073 0.487961 0.000000 2379.2336178759 0.0676257675 1754.8603137911 613.3550809770 10.9502037067 0.0003616488 0.0000320668
232 0.794820 0.668029 0.000000 8800.3585437829 0.1232654708 6244.8403119917 2389.9057843931 165.4853523309 0.0035258715 0.0003038122
233 0.418593 0.486668 0.000000 3472.8864378671 0.0078036021 2605.4993894216 837.6646794825 29.7122338711 0.0021413976 0.0001901576
234 0.501963 0.557463 0.000000 2663.3969096300 0.0148597380 1922.0642323164 733.0223143817 8.2946214161 0.0008086093 0.0000732554
235 0.446399 0.533557 0.000000 5009.2133453598 0.0236245866 3571.7866867771 1389.8195617108 47.5620985715 0.0195736414 0.0018001018
236 0.422749 0.495088 0.000000 3191.1877545318 0.0024123061 2283.7698891755 899.1644779636 8.2506654723 0.0002879665 0.0000217330
237 0.526390 0.563187 0.000000 4610.2314169751 0.0250538315 3165.6859803114 1423.1567652472 21.3619978285 0.0014921469 0.0001277044
238 0.423216 0.535980 0.000000 3481.0457798036 0.0413123727 2314.1671692044 1116.3097278013 50.5261065823 0.0013631416 0.0001007568
239 0.482979 0.531547 0.000000 4948.2761147087 0.0379617179 3270.2464657632 1648.1427137573 29.8482538325 0.0006689694 0.0000507460
240 0.439791 0.542401 0.000000 4228.4001272276 0.0148870190 2859.6648989660 1339.8651236950 28.8544759953 0.0006870368 0.0000546230
241 0.662797 0.656431 0.000000 7604.7383441510 0.4547105416 5033.8974966699 2456.9929475926 113.3767963891 0.0150771911 0.0013158724
242 0.637487 0.570940 0.000000 5834.3345819751 0.4643598202 3850.1744766468 1901.0482882580 82.6355535702 0.0109219012 0.0009818785
243 0.525032 0.558446 0.000000 2951.9663221802 0.0206597999 2257.0845736536 682.5140074064 12.3466772608 0.0003709133 0.0000332721
244 0.575946 0.530651 0.000000 5498.5418638347 0.1548785837 4013.3053618633 1461.6963784874 23.3834263123 0.0016871792 0.0001315332
245 0.703255 0.607934 0.000000 8260.5220751298 0.1379189195 5582.5233053961 2554.3169690492 123.5355966406 0.0078598453 0.0004253501
246 0.571916 0.570946 0.000000 8103.5353824988 0.6139125869 5386.2862448095 2573.9337038726 142.6930159441 0.0080102378 0.0004951082
247 0.470512 0.534505 0.000000 4900.8578290951 0.0678515895 3291.6850293841 1550.3031137667 58.8014518729 0.0003588578 0.0000236882
248 0.643271 0.590767 0.000000 6450.0316000110 0.1254864949 4349.4379889484 2033.9930884966 66.4746321776 0.0003765665 0.0000274193
249 0.401874 0.460183 0.000000 3858.3455591027 0.4764372786 2600.8114046485 1229.0634545568 27.9930235949 0.0011463896 0.0000926669
250 0.391107 0.494703 0.000000 3542.3378166719 0.1752546278 2412.2608310223 1081.8348654042 48.0664001553 0.0004368589 0.0000287731
251 0.640910 0.633600 0.000000 8141.6984709045 0.0865356115 5528.5745854449 2472.4101901271 140.6244788220 0.0024818788 0.0001993049
252 0.521808 0.542383 0.000000 5343.4125402819 0.4414091075 3718.5368122831 1588.5660620048 35.8583413070 0.0090650671 0.0008507289
253 0.511246 0.597343 0.000000 5944.5090569245 0.0069194193 3912.2019880249 1969.3832875324 62.9106094692 0.0057269063 0.0005257320
254 0.557880 0.615308 0.000000 7991.6975800476 0.0075175515 5195.2691387424 2654.8169889409 141.5989444612 0.0046041296 0.0003864123
255 0.565743 0.551253 0.000000 4362.4400393653 0.8597867620 2890.8971881860 1417.3657138761 53.3158848307 0.0013497114 0.0001161806
256 0.632681 0.608011 0.000000 6014.0004362944 0.0121674348 4269.4560814234 1704.2503362951 40.2795056724 0.0021506694 0.0001950560
257 0.268470 0.416705 0.000000 1938.5900002885 0.0720778826 1377.6288197375 550.1789277498 10.7095898894 0.0005359188 0.0000491502
258 0.788111 0.739902 0.000000 11030.9822557920 0.1247816760 7756.4240316151 3211.4773592567 62.9535294491 0.0023480390 0.0002060406
259 0.542480 0.556670 0.000000 5557.4669653263 0.0874280422 3693.9543450979 1826.9031065454 36.5208224606 0.0011634421 0.0000998834
260 0.680988 0.594130 0.000000 9983.0842271478 0.1856005524 6715.2520604880 3169.4170227036 98.2254043052 0.0038332082 0.0003059453
261 0.564938 0.597156 0.000000 5980.9897525010 0.0226550356 4072.4072856782 1844.7890993227 63.7487503108 0.0201129873 0.0018493928
262 0.455252 0.577095 0.000000 6475.3169338244 0.0118421527 4616.3840166737 1792.5128770389 66.3955002162 0.0116902315 0.0010077316
263 0.347939 0.470567 0.000000 3589.2275614652 0.0303549850 2477.3818562935 1088.2026057065 23.6101604098 0.0024039076 0.0001803604
264 0.379121 0.514097 0.000000 3811.0186956037 0.0572472656 2803.5842571343 996.2813246990 11.0950894353 0.0007164347 0.0000608492
265 0.310226 0.403354 0.000000 2465.1964769124 0.0421214274 1858.9364100808 603.5269825869 2.6908018231 0.0001490925 0.0000121708
266 0.579747 0.604905 0.000000 6559.5954120116 0.0978254809 4671.3024457945 1869.6054196799 18.5883604705 0.0012551610 0.0001055585
267 0.496658 0.593183 0.000000 7716.2409709250 0.0325445425 5170.9097672870 2476.4433205288 68.8314783221 0.0218289418 0.0020313590
268 0.456753 0.507599 0.000000 3768.6635508900 0.0975707719 2856.7425444451 905.2174610258 6.6053011592 0.0006176496 0.0000561220
269 0.605608 0.633210 0.000000 7501.1448241709 0.0661247073 5232.2995618040 2250.9724304116 17.8060697848 0.0005938968 0.0000438364
270 0.354799 0.464198 0.000000 2370.8326303630 0.0443117007 1835.2342504763 533.9017800631 1.6521482895 0.0001290808 0.0000109633
271 0.414740 0.524703 0.000000 3119.2199240524 0.0535749721 2245.2333663557 865.9237815310 8.0085657282 0.0005855519 0.0000501203
272 0.548469 0.603209 0.000000 3978.9736210153 0.0117750854 2841.7469358794 1125.5878478117 11.6266686542 0.0003658203 0.0000281689
273 0.598564 0.580572 0.000000 5246.3072089243 0.0457254382 3808.7947011996 1424.5643155592 12.9020752112 0.0003656292 0.0000261900
274 0.620172 0.617655 0.000000 5097.0880403985 0.0287628878 3743.1686433865 1332.0653234666 21.8224666542 0.0026131639 0.0002311728
275 0.637212 0.555453 0.000000 5783.3432147398 0.0393805830 4499.3364662489 1269.8987640876 14.0678042219 0.0007357917 0.0000641275
276 0.572999 0.577692 0.000000 4337.1986094464 0.0234508206 3214.2889892128 1112.5832779900 10.3026024527 0.0002674537 0.0000218076
277 0.678330 0.625236 0.000000 8937.3997700223 0.0050158218 6553.6926698201 2347.3346588648 36.3662068655 0.0011264046 0.0000926995
278 0.556359 0.602039 0.000000 6691.8854885610 0.0517671412 4741.3458765082 1922.9193883700 27.5652992571 0.0029081392 0.0002495171
279 0.780711 0.683106 0.000000 12260.9775888643 1.0606069825 8642.3150678835 3501.1621020125 116.3628065037 0.0705060015 0.0064999321
280 0.549759 0.575196 0.000000 5425.7470859359 0.0793537246 3951.1474567638 1460.6358010674 13.8835128332 0.0008839943 0.0000779952
281 0.698910 0.614903 0.000000 5156.2987752055 0.0479480915 3930.1799071056 1215.9994693181 10.0693701382 0.0019057109 0.0001752026
282 0.619619 0.622092 0.000000 5797.0698124236 0.0269002193 4367.1155955739 1415.8482414153 14.0771540844 0.0017608410 0.0001604714
283 0.597388 0.613464 0.000000 5224.3644456824 0.0058275700 3679.9109405873 1519.0046649588 25.4408690172 0.0019915808 0.0001521025
284 0.828286 0.751040 0.000000 9095.6373198530 0.0533140260 6098.9109988444 2934.6486196733 62.0210110926 0.0031533920 0.0002229799
285 0.514006 0.595602 0.000000 3242.0672135815 0.0365739074 2342.8687687355 892.2397734640 6.9216129361 0.0004451047 0.0000396563
286 0.499231 0.564936 0.000000 4665.5483670766 0.0320960580 3419.8577020121 1227.7860672360 17.8719597813 0.0005034823 0.0000388347
287 0.650295 0.623361 0.000000 9175.3488996485 0.0325842654 6016.3194806581 3013.2544333929 145.7295493495 0.0119077271 0.0009444536
288 0.839616 0.757896 0.000000 8542.7553420673 2.0983113832 5980.8469792271 2496.2727652898 63.5303130919 0.0063984359 0.0005748542
289 0.488841 0.512218 0.000000 4496.6361781173 0.0716271231 3192.2256332232 1288.8519141420 15.4864868606 0.0004807992 0.0000361558
290 0.363764 0.481371 0.000000 3641.7838211800 0.0093665371 2581.5548750511 1028.6691384771 31.5446286771 0.0053701595 0.0004425444
291 0.456743 0.559859 0.000000 2982.5861177030 0.0447937765 2148.8593226331 825.4994672962 8.1819596188 0.0005292567 0.0000452462
292 0.466913 0.511399 0.000000 3540.3144517802 0.0004250894 2442.3209375379 1089.0579760993 8.9344412625 0.0006178238 0.0000541180
293 0.347119 0.480195 0.000000 2946.6460120334 0.0001776062 2166.4438751325 770.8713953211 9.3296327210 0.0008559882 0.0000754534
294 0.540580 0.581551 0.000000 5573.7760698976 0.0006365770 4075.7434492591 1475.0353051267 22.9949417879 0.0015977460 0.0001396171
295 0.579985 0.618008 0.000000 4668.3205866854 0.0035358784 3274.8338027210 1371.1018289343 22.3795423181 0.0017259806 0.0001509611
296 0.335157 0.424537 0.000000 2445.9948366886 0.0005866924 1752.2412071071 683.5781979559 10.1739753823 0.0008004209 0.0000691997
297 0.538411 0.636009 0.000000 6190.1400564020 0.0117311678 4368.8330487536 1785.6891679627 35.6035855386 0.0023212124 0.0002019306
298 0.365031 0.480775 0.000000 2963.3757486578 0.0019331668 2177.2715376017 774.4735249639 11.6283153903 0.0004028758 0.0000349184
299 0.681807 0.674243 0.000000 6974.0926972788 0.0029807515 4862.9183767108 2092.8429980918 18.3277693372 0.0005277347 0.0000450827
300 0.797622 0.695635 0.000000 9518.9535742050 0.0551645201 6752.8106490948 2711.3584847146 54.7270528814 0.0020502909 0.0001728738
