1 0.552297 0.566013 0.000000 11790.8140661052 300.4654545346 6571.7350711615 3762.1040563317 1124.3457715050 23.1534280522 9.0102845200
2 0.676203 0.644662 0.000000 19809.0537858406 252.0175306960 11407.9996619504 6548.3248066555 1594.7971662768 5.3512560904 0.5633641722
3 0.635038 0.612844 0.000000 18877.9103178856 134.5454089750 10769.2292768647 6319.6569745673 1633.1769234128 17.0276746073 4.2740594605
4 0.478937 0.529694 0.000000 15426.4387429756 107.0266085108 8665.4063357059 5256.0493765951 1393.5025525036 4.0320431653 0.4218264951
5 0.623704 0.617693 0.000000 19911.1221357335 191.5309045438 11313.0528527520 6794.7355796764 1609.6270519235 2.0329360531 0.1428107867
6 0.523350 0.521024 0.000000 12629.2376316957 96.6991361892 7233.3254107618 4296.6205118969 999.0258453935 3.2084718240 0.3582556301
7 0.663332 0.622962 0.000000 21166.3779790397 111.6595416375 11361.3846550313 7487.6788775904 2198.5265944026 6.1840209890 0.9442893906
8 0.591604 0.590554 0.000000 16247.8323696962 138.3807133092 9089.3611574551 5556.4342801452 1456.2983727970 6.3286513185 1.0291946696
9 0.605357 0.603164 0.000000 17472.0705437638 148.8604759597 9508.5212686315 6008.1161606120 1799.9625575302 5.8590537952 0.7510272472
10 0.500717 0.479651 0.000000 8921.0401558153 16.5298370940 5581.9745699540 2973.4529296669 348.9725263463 0.1031619187 0.0071308415
11 0.560190 0.585340 0.000000 15486.1567487232 136.3346772994 8463.2022967811 5376.1025147938 1507.2945603974 2.9352391223 0.2874603354
12 0.507946 0.505112 0.000000 13785.2736270654 57.2543188930 7464.1811141141 4812.4066155142 1447.8946635165 3.2232091536 0.3137058800
13 0.579701 0.593225 0.000000 15727.0028725992 72.8140180069 8682.2262487816 5539.1447236790 1425.9848871202 5.8876632744 0.9453317488
14 0.367669 0.425027 0.000000 5690.3412886472 0.0187914148 3615.5379072729 1893.9560208700 180.6645796626 0.1503337801 0.0136556574
15 0.579013 0.551352 0.000000 13353.1886965256 50.2720314622 7918.0863152787 4453.7793376489 929.5889983358 1.3531730543 0.1088407435
16 0.441095 0.465851 0.000000 6620.7955223283 4.1206786658 4054.7271279716 2235.9991126522 325.8162717303 0.1212761478 0.0110551661
17 0.591957 0.561899 0.000000 12377.8250861024 30.9964631276 7093.3046298150 4326.6300009017 925.9903164373 0.8021071418 0.1015686868
18 0.623786 0.643925 0.000000 18027.0341926313 119.0495376298 9466.6095288320 6280.2458251323 2151.3622963774 8.6969924228 1.0700122461
19 0.625635 0.622581 0.000000 17787.5870770373 211.8305067117 9085.8182289189 6058.2008179403 2413.7978840474 15.7453721872 2.1942672549
20 0.449779 0.494420 0.000000 11542.2951947552 267.0194601273 5369.0048980449 3888.0240192342 1995.4391927502 18.8394660287 3.9681585886
21 0.629034 0.585995 0.000000 14347.4764523457 112.5851406939 7641.1822899588 5012.2637076930 1579.8099641508 1.5154439845 0.1199058834
22 0.722926 0.652561 0.000000 17457.0829675447 126.6525630710 9552.2467730787 6072.2123735749 1704.6693731989 1.2146654710 0.0872191646
23 0.877608 0.807728 0.000000 31062.8663908508 300.5375596682 16491.7097566611 10652.5871014234 3577.9200206060 31.8982416874 8.2137108116
24 0.583967 0.557548 0.000000 12340.6138484778 61.2820841405 7178.8592766368 4240.7955834494 857.8123004483 1.7177740878 0.1468297361
25 0.643716 0.627049 0.000000 14028.2842917571 65.6568425817 7934.2242994884 4855.3101515620 1169.6648778642 3.0346280667 0.3934921965
26 0.634178 0.568939 0.000000 15358.4121349972 42.5314292558 8571.8552421130 5551.1738163456 1192.2075747911 0.6096173904 0.0344551210
27 0.456026 0.481031 0.000000 6928.5071623968 0.1729823507 4224.6750403715 2357.4132209613 346.0462461566 0.1867580729 0.0129144932
28 0.479262 0.539226 0.000000 11756.7757740580 9.7680226161 7019.8648009224 4052.1305008021 674.3555968508 0.6054210018 0.0514318820
29 0.558585 0.519290 0.000000 11152.4000173335 73.9234167740 6653.0679786165 3653.3225657335 767.3390608088 3.2900641712 1.4569312310
30 0.697320 0.592217 0.000000 16109.1430975184 172.2205118906 8911.0904427268 5484.3151259995 1540.0820156767 1.2549654612 0.1800357755
31 0.560281 0.581359 0.000000 12349.8317792140 41.5900896066 6997.4921410270 4357.9815028989 946.7043165896 5.2820685555 0.7816605486
32 0.495672 0.515498 0.000000 8885.8524117615 1.7410611462 5154.3618820836 3124.7391156654 604.6859600845 0.2963251995 0.0280675991
33 0.718114 0.673819 0.000000 16769.0967277527 48.6851233070 9407.0836504647 5866.1400553461 1443.0501595146 3.5756479673 0.5620911662
34 0.589489 0.573050 0.000000 10370.8232129280 17.9431591337 6014.8766369915 3654.1267000928 683.3216887517 0.5053907297 0.0496372375
35 0.594374 0.530641 0.000000 7087.3279930408 24.5429975789 4481.2901917111 2259.8699251876 321.5251387107 0.0914015971 0.0083382728
36 0.553505 0.497092 0.000000 7239.9378321486 23.7759363973 4492.1874949407 2417.2483189994 306.6059282077 0.1095298967 0.0106237064
37 0.528207 0.516229 0.000000 9001.2406959531 17.5021046712 5317.7469748075 3082.9965681455 582.7442852685 0.2390642287 0.0116988434
38 0.646016 0.593080 0.000000 11144.5492190643 59.9383812292 6713.4260301088 3778.6051179283 591.8471736463 0.6900701325 0.0424460163
39 0.748215 0.672309 0.000000 15735.8003227315 71.6245974258 9238.8979536388 5517.8274362837 906.3119357744 1.0899822751 0.0484173629
40 0.754748 0.672949 0.000000 13043.9484035544 2.2579725271 7965.3244875845 4573.6934459815 502.6071902223 0.0612333969 0.0040738901
41 0.657765 0.603463 0.000000 11187.2092852521 15.2553335555 6666.1592025645 3783.1641734199 722.0341446653 0.5648042876 0.0316267798
42 0.528154 0.529939 0.000000 8667.8191506380 64.6447778958 5233.3233634694 2901.8168960046 467.8850791388 0.1377687676 0.0112653498
43 0.430488 0.458174 0.000000 6183.7700464758 6.2793491327 3805.0704863217 2004.5822506759 367.7194869630 0.1129055959 0.0055678210
44 0.593700 0.547691 0.000000 10019.3828020213 12.3007860944 5927.8371420284 3366.8019023074 712.2430530988 0.1914769457 0.0084415747
45 0.625256 0.581193 0.000000 15454.9568821197 14.8468311828 8393.1309663202 5589.6556576902 1454.6186749984 2.5062234148 0.1985285387
46 0.655904 0.566752 0.000000 12288.0274297464 100.4108918962 7246.2490701834 4314.6301185794 626.2367112627 0.4591523083 0.0414855339
47 0.678131 0.620261 0.000000 12831.5187310724 269.4815684997 6970.9753006130 4325.0200445641 1263.7342234885 2.0709894081 0.2366045069
48 0.547113 0.555375 0.000000 11045.8973534229 116.4880384929 6257.8186659873 3760.2801682967 909.5071431402 1.6559489266 0.1473885815
49 0.568611 0.515729 0.000000 9896.1253976821 108.1860817538 5551.8141263455 3391.3703114390 843.1383535536 1.5095075560 0.1070170648
50 0.535459 0.479689 0.000000 12553.4037293743 114.3624627061 6588.8076562369 4205.6662724072 1634.7139262178 7.2368367994 2.6165750004
51 0.717879 0.584100 0.000000 19047.8514584990 497.5577550985 9412.3697181954 6256.8884232955 2841.9036895579 32.8432789081 6.2885934601
52 0.574287 0.523537 0.000000 9863.0657820214 18.0274683828 5570.3665487203 3566.5679384169 707.7288834564 0.3475418906 0.0274011745
53 0.449570 0.494503 0.000000 6531.0358209845 30.2513482968 3582.4348872301 2356.1059487528 561.9578588300 0.2651435127 0.0206343954
54 0.577796 0.562860 0.000000 10514.1002973075 10.1218052354 5679.8899988911 3914.5817481095 909.4657141769 0.0382121790 0.0028187322
55 0.406327 0.422785 0.000000 8555.6200811970 18.2040600658 4459.9024899829 3122.8586119147 954.3733217631 0.2607980189 0.0207994953
56 0.477017 0.507333 0.000000 5161.0079728824 0.5120484579 3067.1365851255 1782.7700636570 310.5709939955 0.0170681992 0.0012134677
57 0.488737 0.477742 0.000000 7897.3689433886 2.8311418943 4255.0407759298 2842.3528886189 796.8056751861 0.3089136836 0.0295480958
58 0.553489 0.576669 0.000000 8004.3883974042 9.5780996599 4617.5321714897 2791.9293138864 585.0436313575 0.2768645429 0.0283164714
59 0.635568 0.579571 0.000000 13121.7606522605 22.0332463591 6854.0744405597 4728.8576802823 1515.2153047773 1.4311738920 0.1488064268
60 0.728306 0.663697 0.000000 13270.4411012419 19.2065076494 7170.2668709323 4760.5676379321 1319.4501618889 0.8731911544 0.0767317113
61 0.723365 0.635181 0.000000 13621.3500858475 3.7648645488 8194.3945979099 4707.2203058008 714.3575230277 1.3298451664 0.2829494137
62 0.551506 0.544246 0.000000 8119.2424391800 32.9308452119 4818.5298872304 2716.6293787989 551.0818275903 0.0649775293 0.0055228192
63 0.458558 0.532864 0.000000 7211.5455748934 21.6010621025 4174.5849778857 2502.3691314203 512.7933357500 0.1800280058 0.0170397570
64 0.739495 0.681353 0.000000 13102.9558450935 51.8666509769 7629.5535835449 4616.2134913622 804.9947357139 0.2987799522 0.0286035548
65 0.581683 0.523004 0.000000 10794.5001016578 13.1607738449 6306.8702051305 3798.9285215707 675.5099602087 0.0291666086 0.0014743090
66 0.511847 0.499728 0.000000 8727.4882557282 62.1581411441 4672.0878366204 2997.5987361910 994.9761663512 0.6157892170 0.0515861994
67 0.542721 0.574167 0.000000 12641.7516852908 25.7529314328 6843.1781365873 4434.7627707146 1334.6496782381 3.1050860635 0.3030822584
68 0.457989 0.465584 0.000000 3849.1569604798 5.3437057997 2473.6648723388 1241.8362612886 128.2957521651 0.0150762276 0.0012926504
69 0.564414 0.570527 0.000000 9575.3882737495 21.2398811389 5579.3836991044 3317.3673831117 656.9145752979 0.4480034033 0.0347317404
70 0.427885 0.499005 0.000000 6381.7625720108 22.4919267937 3873.6686695310 2113.7070267656 371.8074798439 0.0818284083 0.0056406958
71 0.567154 0.563572 0.000000 8335.0656485392 36.0317378045 4858.6677695749 2656.8590287267 771.2111295557 7.9227978080 4.3731850818
72 0.622655 0.628090 0.000000 11942.5687083870 191.2406915859 6537.2816144309 4080.9801096503 1114.9983325502 13.6614761641 4.4064840283
73 0.614316 0.503648 0.000000 10379.7060473678 57.4514074315 5842.7868958082 3432.1795746703 1045.6296730588 1.4914001755 0.1670962459
74 0.790115 0.614310 0.000000 19359.8204822129 61.1401216431 10487.6152421655 6477.5939640910 2324.0654781813 8.1127428512 1.2929332973
75 0.471365 0.552207 0.000000 15537.1475995271 310.0547959418 7702.3051464577 5357.7277378293 2153.0794144476 12.8089391374 1.1715657320
76 0.487111 0.522601 0.000000 9760.1780726293 83.6431873705 5281.5181817354 3299.8643292836 1092.3033947065 2.7129576764 0.1360218622
77 0.552739 0.540189 0.000000 10623.2666384960 133.1162636962 5636.8165444132 3555.2426581116 1296.6468489801 1.3357914140 0.1085318814
78 0.593810 0.586657 0.000000 13872.8975431459 166.8890370733 7063.6431124206 4699.2383787090 1934.4806338604 7.8474491040 0.7989319798
79 0.558583 0.521375 0.000000 9210.4424654421 82.6235719044 5072.0048671196 2957.3009483908 1090.7340657384 6.3285749041 1.4504374063
80 0.476637 0.485273 0.000000 4741.8976023559 0.0900770012 3229.6207571837 1426.1630845907 86.0144322770 0.0086627404 0.0005885931
81 0.674637 0.627705 0.000000 13122.8043105033 6.4757312535 7796.2762007487 4635.4448744365 684.3123721196 0.2735818931 0.0215500849
82 0.627672 0.584510 0.000000 9509.3058711441 8.9772089318 5593.1870923616 3369.9777276062 537.0688459997 0.0909030552 0.0040931959
83 0.812551 0.675032 0.000000 11157.7017056507 0.0804656814 7042.6750195283 3852.2645744003 262.6475698290 0.0318555237 0.0022207182
84 0.417122 0.431299 0.000000 6360.1046739484 0.0451451327 4107.0638224024 2098.3031966040 154.6813658609 0.0103351780 0.0008087775
85 0.639603 0.571851 0.000000 9786.4217560484 0.1062818325 6130.5255998934 3335.3852770657 320.3765498952 0.0262685462 0.0017788248
86 0.442230 0.488518 0.000000 4405.4730464401 0.0045192320 2941.5371799757 1400.4129754992 63.5135347910 0.0045373282 0.0002996232
87 0.456356 0.510033 0.000000 5150.8443381060 0.0226069590 3488.4974759964 1593.5615301656 68.7595136969 0.0029846375 0.0002266688
88 0.660732 0.618730 0.000000 16518.4547690462 0.6776688915 9526.9248515881 5940.2199621344 1050.2676099556 0.3417355262 0.0229409621
89 0.649101 0.578730 0.000000 9682.4258072738 0.0311899550 6063.1791407710 3304.6919592232 314.4948210169 0.0264913982 0.0022049749
90 0.497091 0.529655 0.000000 8805.1128941824 17.1266566003 4869.8275797521 3101.9114798310 816.0295882210 0.2079800289 0.0096098835
91 0.698987 0.656710 0.000000 9728.0772463050 0.2304129572 5916.4722248884 3340.0404248462 471.2049889857 0.1188516817 0.0103429544
92 0.468935 0.487788 0.000000 4328.8606667091 0.4402205646 2787.9451762940 1395.2286234637 145.1847585199 0.0567483099 0.0051395818
93 0.757744 0.691908 0.000000 14409.6502811813 95.4289236198 8648.1569803362 4783.0734195489 879.7893510478 2.5851598443 0.6164468793
94 0.597045 0.565958 0.000000 8423.5472562883 0.0652210720 5220.0413928010 2938.0676232134 265.3491069779 0.0232239257 0.0006884079
95 0.396204 0.446618 0.000000 4950.9484786013 0.1284092218 3087.2911412306 1639.2952414939 224.1025563225 0.1215534701 0.0095769305
96 0.608362 0.597614 0.000000 7839.1588705556 0.0982852469 4845.8870722383 2731.0866480260 262.0519103705 0.0331165759 0.0018382094
97 0.875719 0.723462 0.000000 14271.1041214412 0.3590270910 8917.0743621995 4910.6561765152 442.9840928938 0.0284903537 0.0019724760
98 0.736406 0.627014 0.000000 12369.0428376165 1.9719087648 7201.9037936945 4454.1431370055 710.6907827152 0.3050624610 0.0281530008
99 0.666208 0.593972 0.000000 10300.3027244049 48.3688681019 5972.5002817478 3634.2446533927 642.3884215936 2.2142037396 0.5862958691
100 0.624141 0.522674 0.000000 6004.7532701664 2.8440488932 3686.3767043739 1996.7953181462 318.7164792066 0.0200881441 0.0006314612
101 0.720172 0.657002 0.000000 12785.5721431381 66.2916198162 7387.6673751596 4362.3800395669 968.6555835469 0.5574937371 0.0200313268
102 0.571972 0.501888 0.000000 10935.4864806116 1.7816595158 6142.4866104733 3987.7240383362 803.2992583482 0.1882009727 0.0067130181
103 0.451769 0.445918 0.000000 5804.7113695110 9.2790838304 3609.9238005073 1962.0145036680 223.0873215312 0.3624989162 0.0441611326
104 0.691872 0.600691 0.000000 10889.2773055076 0.4630596772 6599.4814557247 3959.5178103444 329.6380884078 0.1612959339 0.0155955782
105 0.554860 0.522360 0.000000 6929.9788850331 50.0497560262 4087.4816918260 2429.6267595094 362.2516609904 0.5134153634 0.0556013664
106 0.562813 0.556146 0.000000 6049.4975968237 40.6495858496 3671.6961974595 2052.5776159704 284.5066647649 0.0618875415 0.0056452746
107 0.612112 0.575304 0.000000 9306.2891426697 113.4263141837 5620.8259853857 3146.2230900659 425.4785283928 0.3080759051 0.0271487767
108 0.736765 0.646315 0.000000 8955.3245174797 10.1942835212 5767.8506750237 2939.3851444764 237.8891371873 0.0049699596 0.0003073646
109 0.734981 0.690581 0.000000 10740.9883568832 1.9734584651 6864.0631886021 3646.4287049661 228.5157337794 0.0067562281 0.0005149754
110 0.846952 0.716657 0.000000 11747.0302409319 153.8235294848 6875.8314663220 4023.5104257500 693.4546414408 0.3628742082 0.0473037690
111 0.792397 0.685667 0.000000 7750.3410213737 59.7639636068 4567.6414722771 2678.1375591449 444.7404679295 0.0518735683 0.0056848538
112 0.573724 0.534608 0.000000 7714.1977751533 61.4355961691 4234.8906400192 2677.3965436100 739.7415264983 0.6633286606 0.0701402249
113 0.629345 0.585521 0.000000 9935.9695635321 21.4417716975 5679.8604255684 3600.0486773247 634.1732859462 0.4135216296 0.0318813938
114 0.591061 0.578967 0.000000 7427.4254060962 39.9999259966 4263.1239053888 2623.6710099530 500.5520777491 0.0732618743 0.0052251772
115 0.513652 0.504885 0.000000 10646.1185266739 46.1332367643 5563.5351985071 3891.0990631754 1144.4468933655 0.8465213190 0.0576135527
116 0.621089 0.534714 0.000000 10776.0988343823 0.2960740870 6366.9859988132 3874.4177257210 534.3471650236 0.0489855577 0.0028852036
117 0.733911 0.545884 0.000000 10772.0036602764 0.1549942972 6235.2695281616 3837.0237747494 699.5348342662 0.0193176169 0.0012112561
118 0.440626 0.487153 0.000000 6566.7172107312 0.0126596901 3812.7539468535 2296.8064296852 457.1024535482 0.0393127724 0.0024083130
119 0.847099 0.770416 0.000000 14786.1832537238 84.3046105179 8264.6866511771 5116.0996894674 1319.3094059949 1.6531272576 0.1297693893
120 0.844195 0.732742 0.000000 13437.1689463891 87.0829374594 7369.1780211667 4662.0716908784 1315.7235951497 2.8772408445 0.2354609571
121 0.916276 0.722408 0.000000 12196.8389162278 88.4800641486 7181.8660181216 4013.6013638056 912.0903326624 0.7586916114 0.0424459179
122 0.659566 0.572706 0.000000 9523.4586728756 13.2101588326 5739.0118984786 3128.7418744081 641.9282411335 0.5305909947 0.0359090989
123 0.681032 0.624160 0.000000 13490.4134438320 67.5079772717 7563.1332687787 4530.7375776084 1326.7459982683 2.1263019910 0.1623199613
124 0.488840 0.477578 0.000000 7450.6936591819 1.8941766691 4622.4908169937 2526.7378712613 299.5408917660 0.0281892454 0.0017133036
125 0.379759 0.437193 0.000000 8287.7959053005 0.0586857029 5190.9918075600 2870.5503483832 225.9366735857 0.2354028565 0.0229872995
126 0.720397 0.689127 0.000000 12235.3606018808 24.4256093469 7456.2812498974 4293.4212766590 461.0700701128 0.1491395125 0.0132564107
127 0.627862 0.653761 0.000000 9150.8079374437 89.7969450728 5455.6294375967 3129.5242049182 475.2992365812 0.5064217121 0.0516916194
128 0.425253 0.478371 0.000000 3850.3185427968 13.3783964746 2459.6783054953 1247.5388045937 129.6982882996 0.0227113633 0.0020366283
129 0.503421 0.504121 0.000000 5768.4934335666 9.3112239787 3448.9674102275 2009.6311380658 300.5777113235 0.0055305415 0.0004194793
130 0.772513 0.710849 0.000000 14258.0726780879 274.9667548639 7678.1206062395 4836.4680899734 1456.7138682025 9.9625968547 1.8407619987
131 0.494035 0.525652 0.000000 6701.8473215838 150.7836749808 3595.9347493481 2218.5961949096 728.3634519416 6.7965363867 1.3727140655
132 0.528789 0.523318 0.000000 8521.3980088679 212.2748336472 4602.9098715325 2752.3920215387 945.3960143047 7.3632879080 1.0619799710
133 0.604909 0.547563 0.000000 7870.8944672264 128.8068804568 4445.3370490044 2535.2592032263 760.7015018902 0.7289861549 0.0608464954
134 0.670831 0.601679 0.000000 7850.9609973823 90.3442128433 4693.2373111781 2378.5928698463 669.9962621675 13.2842982014 5.5060431709
135 0.482499 0.492390 0.000000 7034.7936071698 116.6976486493 4006.8338839225 2237.4188252328 666.5367640860 5.5137326744 1.7927526339
136 0.614094 0.561002 0.000000 5331.5041232561 29.1792600801 3369.2239480711 1668.4831544215 264.3556413080 0.2455650186 0.0165544179
137 0.444075 0.487460 0.000000 2799.7800267840 0.0930548170 1874.3541858017 866.2045995583 59.1229121394 0.0048345840 0.0004399212
138 0.803489 0.608433 0.000000 10485.9499416939 32.2537375224 6640.1328176538 3363.2940785298 450.1276715231 0.1324269919 0.0092095797
139 0.598584 0.526973 0.000000 8624.5948556393 107.6784137635 4682.7377217828 2902.1658828862 929.0432551340 2.7440349736 0.2255471416
140 0.597916 0.506951 0.000000 9728.3543408553 184.8102403089 5268.6777833819 3228.1075163862 1038.4114236399 6.7575407873 1.5898363390
141 0.708299 0.557873 0.000000 10558.8802358202 0.7424496242 6187.7640699074 3685.3386479020 684.9305329268 0.0996083105 0.0049271915
142 0.480553 0.381425 0.000000 6185.5676533637 0.4134898882 3790.6963748738 2180.8725114914 213.5625876472 0.0214298310 0.0012597005
143 0.714809 0.618677 0.000000 11349.8749890237 0.0261305464 6598.0633066607 4225.9661507790 525.6581027736 0.1506741372 0.0106241986
144 0.646503 0.594645 0.000000 6444.3487605336 2.2334095156 3841.5782473950 2345.8871188187 254.6400531652 0.0092505986 0.0006810819
145 0.558886 0.507185 0.000000 7770.0263883090 17.6480651693 4586.1197756149 2825.6096056907 340.6359489062 0.0122615705 0.0007313737
146 0.499331 0.490273 0.000000 5356.8933069832 0.0135111917 3280.4618231304 1873.4468047328 202.9687205917 0.0023288920 0.0001185491
147 0.695450 0.645931 0.000000 10479.9655606868 1.5631331308 6120.5299570311 3709.6579319823 648.1404663313 0.0700703496 0.0040019047
148 0.703557 0.603504 0.000000 9315.3717989170 2.8158448052 5253.3181233140 3310.9583095975 748.1471441879 0.1264771462 0.0058999337
149 0.600708 0.514354 0.000000 6718.2401698431 2.9427992340 4091.0949498722 2263.6897350839 360.4784211352 0.0326338186 0.0016307528
150 0.749051 0.676164 0.000000 9742.0552799455 0.5219186732 5982.6262338942 3294.7173037922 464.1066422096 0.0778464728 0.0053349941
151 0.683542 0.634104 0.000000 7835.3790564507 4.5447303573 4896.5800857290 2586.8012245412 347.4349756525 0.0169811035 0.0010590543
152 0.574764 0.559760 0.000000 6385.9620441429 0.1211657239 4136.2969333268 2129.9965150500 119.5281941764 0.0178456234 0.0013902793
153 0.510992 0.499883 0.000000 6509.6007927376 10.7587967659 4183.7861336110 2199.6056456270 115.4004968359 0.0407187417 0.0090012487
154 0.446923 0.429700 0.000000 6167.8672392586 0.0188562375 3873.7456395256 2136.4328997692 157.6641605379 0.0053433924 0.0003398640
155 0.718301 0.596177 0.000000 6614.4070727753 0.0303185221 4458.9444201845 2078.0625556420 77.3594436721 0.0094879033 0.0008468757
156 0.703027 0.644300 0.000000 9165.0623643677 0.8608939399 5969.4045827241 2928.1391894722 266.5531088926 0.0962467407 0.0083426208
157 0.417550 0.452907 0.000000 2018.8485406716 7.3401331012 1312.4383066151 651.0280931130 48.0366446587 0.0049129804 0.0004502288
158 0.539969 0.512950 0.000000 4017.2344362285 3.3449266044 2817.8134820860 1140.7639389642 55.3006375301 0.0104906465 0.0009604045
159 0.633156 0.544218 0.000000 6636.9730110358 6.6181144882 4552.7209612712 1962.9001347779 114.5027181917 0.2072469755 0.0238353777
160 0.595938 0.584321 0.000000 5510.5571250533 0.0147077792 3657.2884603113 1800.2276965954 53.0234453180 0.0025787557 0.0002363444
161 0.374038 0.390631 0.000000 2718.6552513515 0.0042915258 1822.6738214601 867.9213969781 28.0538199112 0.0017641303 0.0001573986
162 0.542374 0.571176 0.000000 5914.0240201275 0.1182565488 3971.3335548504 1770.0594131259 172.3826143757 0.1181876136 0.0119937097
163 0.621384 0.580441 0.000000 5659.6815569623 48.4507440269 3469.8277331695 1731.6770209905 408.4391134326 1.0441123309 0.2428329910
164 0.454809 0.439786 0.000000 3731.2609708234 5.3638044444 2279.8544992750 1217.9300575496 227.9540675411 0.1334501085 0.0250919404
165 0.572990 0.525830 0.000000 5389.9372960669 11.6570973286 3479.3352363051 1690.9209713098 208.0084695278 0.0143333619 0.0011882367
166 0.631464 0.572609 0.000000 5791.3897196497 0.1696798418 3839.0605467131 1881.0575382979 71.0970136539 0.0045549362 0.0003862372
167 0.691025 0.646844 0.000000 9287.5304055204 1.2275486419 5890.4549630958 3214.9753860931 180.8598502505 0.0118680423 0.0007895004
168 0.661700 0.591044 0.000000 9799.2688500487 0.1296346810 5884.5080310223 3588.7272106915 325.8498502739 0.0500116980 0.0041117754
169 0.658466 0.579210 0.000000 6502.1075317395 0.1051225816 4308.0317502499 2099.7532140267 94.2163996683 0.0009787818 0.0000665279
170 0.780323 0.712921 0.000000 11393.9250768402 0.6870672043 6796.9284260882 3975.4149589474 620.7759049042 0.1044001358 0.0143196464
171 0.595813 0.521782 0.000000 7523.5591993141 1.2173882769 4561.3632883569 2469.5607625484 491.4129069067 0.0046888880 0.0001643985
172 0.605833 0.559865 0.000000 8378.5091195902 0.9007858215 5409.7551037483 2619.2082365508 348.6210887608 0.0225654010 0.0013393799
173 0.507769 0.506634 0.000000 7596.6388123691 53.8544800088 4407.7223827403 2646.4257781807 487.7953418895 0.6290011549 0.2118283750
174 0.511018 0.508101 0.000000 6749.4047372870 11.9883351065 4042.4820132643 2338.6114116713 356.2000431094 0.1097631825 0.0131709516
175 0.707917 0.631087 0.000000 11783.1274655415 47.1863694786 6599.4644496613 4228.1250840151 906.1920817905 1.8826430253 0.2768376430
176 0.626666 0.577109 0.000000 11709.5704099161 91.4083628236 6371.4051492782 4167.9125132106 1071.2160278648 5.1279238770 2.5004329146
177 0.627820 0.577091 0.000000 9978.3571152940 66.3605365360 5359.5758777999 3391.2959349959 1152.0400328432 6.6989243688 2.3858087438
178 0.755376 0.605303 0.000000 11918.3478510236 57.9644969326 7095.2213413439 3988.8656690915 763.1671012324 7.7041939788 5.4250484995
179 0.575673 0.600190 0.000000 10018.9017567788 89.1297454501 5839.5271501474 3425.3145508299 664.8213580239 0.1060321942 0.0029201594
180 0.608574 0.598793 0.000000 6610.0827312934 5.3384421802 4016.1541658905 2289.1827822294 299.3366476520 0.0677133106 0.0029801195
181 0.610359 0.574912 0.000000 7318.4266737508 4.5423227100 4391.1389725755 2630.8575909450 291.3181188113 0.5250864008 0.0445823423
182 0.635239 0.582329 0.000000 5738.1403458846 0.0679600497 3433.5134785559 2157.4317582797 147.0868387448 0.0372863399 0.0030239988
183 0.609649 0.559812 0.000000 6673.3652365509 0.7579211664 4210.9282429097 2270.4347444579 191.1669667116 0.0707412322 0.0066201801
184 0.546189 0.524050 0.000000 6276.8482902612 0.5514964805 3784.1526632718 2274.9761815297 217.0430767108 0.1139446948 0.0109276315
185 0.738641 0.662400 0.000000 8430.1017456714 0.9711131928 5159.2769190912 3023.5077914582 246.2760705871 0.0640232849 0.0058281161
186 0.738852 0.636753 0.000000 10232.0700740190 0.0438715196 6224.5593813296 3631.0717620383 376.3340750493 0.0563130092 0.0046711445
187 0.663479 0.586105 0.000000 5709.9020473729 0.0654651351 3505.4342876367 2055.1340798973 149.2623369695 0.0054657902 0.0004119763
188 0.889369 0.794693 0.000000 16975.1162539229 11.3846986818 9711.7915952483 6141.5584663802 1109.4692447325 0.8315235740 0.0807253880
189 0.560822 0.543446 0.000000 5122.0986296681 0.1215498134 3364.9307030324 1669.0940432353 87.9493849702 0.0028108650 0.0001378374
190 0.633172 0.604756 0.000000 6347.1055024023 0.0876673908 4021.7096675743 2129.5705824747 195.7090591735 0.0265750972 0.0019507902
191 0.728166 0.688398 0.000000 9434.5640859369 0.0943472582 5996.4577716038 3178.7010385901 259.2977867074 0.0124398465 0.0007020332
192 0.284913 0.355306 0.000000 1877.6820220756 0.0038560558 1267.9920204429 575.2159749519 34.4695462688 0.0005881649 0.0000362493
193 0.369489 0.410409 0.000000 5852.8767422896 0.0272544850 3790.6776790341 1937.7625605038 124.3951935347 0.0131781901 0.0008765663
194 0.571702 0.564320 0.000000 6080.8105753401 1.0568409621 4192.9193194975 1787.2542156772 99.5398804964 0.0369906426 0.0033281076
195 0.804696 0.676295 0.000000 9247.2765292296 16.9782487408 6002.9647418683 2989.3166694658 237.9995394779 0.0160004704 0.0013292636
196 0.432853 0.436349 0.000000 3640.6248042644 3.1836999668 2417.9254508263 1142.3624236065 77.1514323546 0.0016740629 0.0001234889
197 0.464276 0.493268 0.000000 5233.2550295094 0.0921847966 3399.8528041009 1622.1333860617 211.0175707317 0.1430710907 0.0160127644
198 0.654793 0.630862 0.000000 6605.0057716492 0.1401430604 4309.4724344536 2125.5449586080 169.8316279170 0.0155482189 0.0010594415
199 0.770644 0.633347 0.000000 8647.3052588178 2.8294940799 5656.7348954004 2772.8596569472 214.8638951275 0.0161388614 0.0011784573
200 0.557900 0.545012 0.000000 7186.4371886877 0.0251642292 4753.7954951999 2345.6949672859 86.9163873417 0.0048363483 0.0003383529
201 0.460933 0.486918 0.000000 5031.3112136728 29.1820619844 3279.9775187428 1617.3774947398 104.6980931456 0.0705307301 0.0055143868
202 0.747931 0.561754 0.000000 12441.4592648803 87.5022246554 7494.1929533435 4199.2282098117 659.6641348733 0.8149996651 0.0567425899
203 0.542974 0.518664 0.000000 7904.7051429804 6.7194597010 4641.2628574327 2831.6818215665 425.0273649661 0.0129740008 0.0006653423
204 0.433834 0.491505 0.000000 5426.8257846187 0.8764691035 3440.0132747325 1821.7479128775 164.1723381808 0.0146365485 0.0011532368
205 0.478050 0.526418 0.000000 7089.4748895357 3.4763706469 4233.6600564333 2601.2674015514 251.0448809155 0.0242455521 0.0019344835
206 0.480823 0.514129 0.000000 5047.9873380538 0.3731711652 3149.6554816527 1724.1154139685 173.8212167784 0.0203426526 0.0017118955
207 0.521165 0.480323 0.000000 6219.9373910859 0.2674280713 3687.2542215428 2309.4145526662 222.9398754403 0.0561520885 0.0051613308
208 0.591609 0.613351 0.000000 8129.4919823710 69.4268378460 4720.4739635904 2898.0358398967 441.4512784250 0.0938433418 0.0102192942
209 0.661907 0.609908 0.000000 8001.2996780148 27.2228198054 4647.6500551293 2806.3159714734 520.0818475266 0.0280509494 0.0009331896
210 0.768290 0.643891 0.000000 8940.2804436833 6.0240760139 5132.0388817410 3199.4077544589 602.7831030578 0.0255769349 0.0010515330
211 0.482905 0.506273 0.000000 7056.9937018454 9.0878652830 3923.5160102979 2549.4073739130 574.7266493028 0.2363670255 0.0194360516
212 0.663366 0.562060 0.000000 6584.9711166940 3.2657105157 3832.6658484579 2374.3680854708 374.6021071174 0.0651368849 0.0042282703
213 0.698409 0.593008 0.000000 8191.6848350354 0.3112019175 4545.5251019171 2923.0674119250 722.6173915895 0.1542653773 0.0094623712
214 0.631917 0.553874 0.000000 6184.3362198757 3.8467558269 3611.4615415491 2231.5962810637 337.4145390089 0.0165118948 0.0005906029
215 0.552618 0.525917 0.000000 7020.7246935388 2.1630889915 4157.0720907165 2521.9483594286 339.4834879740 0.0558856043 0.0017808866
216 0.594752 0.539262 0.000000 7585.7275336067 11.8250996714 4198.0497276538 2788.5125766608 587.2577095405 0.0786465329 0.0037736140
217 0.560572 0.585487 0.000000 8484.7019852606 106.5294132082 4742.5351863743 2906.3326030090 728.3590447099 0.8558606074 0.0898773869
218 0.571326 0.591419 0.000000 5203.6288142951 1.0157955160 3329.4928159489 1750.6956581287 122.4129497009 0.0107165177 0.0008785911
219 0.645798 0.577721 0.000000 5719.9632967262 0.1242207844 3626.0515917014 1987.8118360632 105.9627642913 0.0119662150 0.0009178273
220 0.650918 0.551096 0.000000 6000.8132108397 0.1324266514 3883.2916377079 1992.1272423818 125.2439268487 0.0166670192 0.0013102844
221 0.673261 0.588644 0.000000 9200.6535276435 0.5707733757 5813.5267066654 3154.1872735659 232.3081758688 0.0568710707 0.0037272129
222 0.736004 0.576921 0.000000 9929.3599939660 0.0991473752 5664.3352827053 3865.6642347574 399.2269064247 0.0322171710 0.0022055786
223 0.521348 0.507591 0.000000 6578.0451425030 0.0211656804 3736.7802749598 2446.8713626549 394.3611248756 0.0105257483 0.0006886886
224 0.424403 0.489747 0.000000 3476.6627895672 0.0007932046 2169.9940634651 1147.2238726259 159.4414721525 0.0024133206 0.0001749565
225 0.382913 0.461645 0.000000 2464.0791042885 0.0001215032 1650.7039081607 782.7411573330 30.6334641042 0.0004219909 0.0000315713
226 0.676394 0.658785 0.000000 12080.5178468215 0.0991166804 7085.1579431472 4445.5766895102 549.6546356769 0.0272417681 0.0022203078
227 0.793033 0.692264 0.000000 10964.2865316455 0.3698384167 6396.9815725061 3995.9605110954 570.9496419547 0.0230283280 0.0019395232
228 0.749833 0.651877 0.000000 6806.0373840525 5.5382987826 4195.0255082094 2378.0376942140 227.4041708801 0.0290600875 0.0026520973
229 0.502526 0.493946 0.000000 4035.8732385757 0.6124110410 2554.0891055595 1395.5985799158 85.5688392742 0.0039451527 0.0003577482
230 0.442907 0.445475 0.000000 4891.9595870388 2.8950471729 3105.2696819240 1656.9215211882 126.8257010508 0.0435876862 0.0040481274
231 0.455194 0.492912 0.000000 5419.1295138102 3.2795995176 3499.8919889607 1796.0541088737 119.8864535741 0.0158941915 0.0014687665
232 0.736057 0.671719 0.000000 8083.7324633908 4.0907859641 5244.2469495262 2629.2444805110 206.0749457716 0.0688436021 0.0064581613
233 0.438678 0.485303 0.000000 3137.7656174624 0.0769425872 2232.7331126533 884.1730996038 20.7813860362 0.0009881365 0.0000885793
234 0.641763 0.549716 0.000000 5160.5083246173 0.1652679695 3410.8851045523 1721.5452299734 27.9110651231 0.0015202838 0.0001368488
235 0.577152 0.546786 0.000000 4600.4467313976 0.0828106779 3194.5076447303 1378.4367512706 27.4170611624 0.0022623281 0.0002014903
236 0.477985 0.489010 0.000000 6694.9445846486 0.0370261391 4461.0355936132 2155.1217174701 78.7312316825 0.0174919194 0.0015239416
237 0.663305 0.560292 0.000000 6938.0784400434 0.1128321995 4445.9779461399 2378.7810402637 113.1836049905 0.0212202351 0.0017963390
238 0.637828 0.540080 0.000000 5096.6589932423 0.0785088245 3384.6108349152 1655.4293897693 56.5357705522 0.0041860825 0.0003032410
239 0.557910 0.533103 0.000000 5473.3570523048 0.1114985169 3258.1530382401 2005.5347172622 209.3957066908 0.1487467223 0.0133450803
240 0.487721 0.548655 0.000000 7458.8937206678 61.0548819906 4367.6402807544 2549.8931738890 479.2435660045 0.8925741069 0.1692440743
241 0.699175 0.641398 0.000000 7942.9828907645 1.0637785249 5174.1406118975 2554.3968375916 213.3038203589 0.0715345114 0.0063080234
242 0.685664 0.569787 0.000000 5796.8839627350 0.3359970138 3955.2338126742 1785.4648162841 55.8473582451 0.0018522683 0.0001263977
243 0.693135 0.572204 0.000000 6753.8698726544 0.1748299165 4545.0533880586 2126.8578063912 81.7794011998 0.0041313315 0.0003159122
244 0.556695 0.526674 0.000000 5645.4571185179 0.0333997118 3662.7977666695 1869.2478387214 113.3620197755 0.0149361271 0.0011577699
245 0.702139 0.592836 0.000000 8378.1196299836 1.0596193009 5240.7784308314 2972.3748874268 163.8763831556 0.0279496402 0.0023597367
246 0.632165 0.582300 0.000000 7177.8003201458 0.5327329650 4457.3782099497 2622.3732382109 97.5087620403 0.0067740825 0.0006029660
247 0.568090 0.534592 0.000000 5915.7379427135 2.6032056600 3606.2605549873 2164.5154113988 142.3081691008 0.0463475185 0.0042541651
248 0.600324 0.586479 0.000000 5860.0531869679 7.2923827756 3574.4258398486 2095.8584626206 182.4700999648 0.0060006846 0.0004012380
249 0.412478 0.467519 0.000000 3829.8242675158 2.8553765361 2396.6838123739 1341.3621424419 88.9213108087 0.0014900876 0.0001353131
250 0.488680 0.489451 0.000000 5905.7172809489 8.2471098775 3640.0293652787 2034.4970072961 222.9185201865 0.0233247435 0.0019537129
251 0.731750 0.641811 0.000000 7495.1480701170 24.8066115138 4604.6976675483 2573.1811219648 292.4162987533 0.0426226383 0.0037478296
252 0.600765 0.535985 0.000000 4451.8998931423 14.8898050841 2702.7353022743 1593.7989626162 140.4569926452 0.0172551554 0.0015754942
253 0.604629 0.599557 0.000000 7220.6305761784 25.2263182475 4120.1716393010 2629.9092889335 444.7212311910 0.5603969404 0.0417015646
254 0.667961 0.610757 0.000000 6863.3308024598 97.0007785229 4295.5622776545 2238.3744226123 231.9709523365 0.3497433270 0.0726281400
255 0.550609 0.558074 0.000000 7056.2073077504 4.5505951977 4203.2935024512 2486.6022143328 361.4365984424 0.2930297620 0.0313676562
256 0.661767 0.619107 0.000000 6535.2520223798 1.4565808266 3984.0558502094 2288.0582535790 261.6349517762 0.0431012768 0.0032848047
257 0.438485 0.411137 0.000000 3196.1841008942 1.4825605687 2054.5871504729 1049.0156717356 91.0769602954 0.0199781064 0.0017798181
258 0.843300 0.746318 0.000000 11023.2951634321 1.1513447009 6588.2292387589 3924.0827820869 509.8023514352 0.0272462499 0.0022004008
259 0.601006 0.548395 0.000000 7068.1967033580 4.1401920096 4118.6578165816 2587.2419068725 358.1212215978 0.0329437892 0.0026226020
260 0.706009 0.592557 0.000000 5755.6450696094 0.0587125169 3554.5413428925 2041.3900587137 159.6524197303 0.0023534686 0.0001824263
261 0.615215 0.591427 0.000000 2806.4929540577 0.0403127499 1751.2756844808 989.7877124560 65.3874396808 0.0016629532 0.0001417812
262 0.695109 0.581609 0.000000 4464.8562808998 0.0125070698 2912.1530422625 1465.2631427035 87.4228357704 0.0043661458 0.0003871667
263 0.478269 0.473737 0.000000 2651.3666990447 0.0428175941 1808.2968537389 807.8304048036 35.1949148817 0.0015689149 0.0001393550
264 0.571323 0.509451 0.000000 3953.5801143817 0.0465306181 2556.5424785000 1302.8422138928 94.1470092662 0.0017437562 0.0001384752
265 0.321900 0.410051 0.000000 1876.9158466835 0.0017179630 1218.9261549284 611.9860715255 46.0012697986 0.0005859153 0.0000466497
266 0.652562 0.605990 0.000000 4961.3945757923 0.3861606435 3115.2124645331 1621.4502780340 224.3361689666 0.0087933977 0.0007102951
267 0.704312 0.588243 0.000000 5408.6617270487 0.0211312699 3585.2017680683 1742.4771648388 80.9503303999 0.0104040350 0.0009286398
268 0.573743 0.505926 0.000000 4537.1854055989 0.0150238191 3149.4291399049 1311.1613182489 76.5649546027 0.0137373467 0.0012318821
269 0.722251 0.636967 0.000000 8966.3942734824 0.0622574458 5425.5758069917 3302.5147430397 238.2100907282 0.0291939138 0.0021815951
270 0.486038 0.467133 0.000000 3207.1661627772 0.0098093283 2079.2940026499 1084.0352704448 43.8262372887 0.0007837290 0.0000594466
271 0.538303 0.518567 0.000000 4575.0745502427 0.0111955201 2951.8723502587 1529.8925529766 93.2973988797 0.0009787772 0.0000739996
272 0.604667 0.611079 0.000000 6870.8865862219 0.0268113233 4484.9365034892 2232.7325256157 153.1867407707 0.0037223482 0.0002828782
273 0.606279 0.581229 0.000000 7533.5930812232 0.4842637663 4704.3245256059 2593.9421188292 234.8296009354 0.0117282623 0.0008439418
274 0.686555 0.615704 0.000000 8959.1275220546 0.0931421585 5289.6987540026 3321.9462741527 347.3767308953 0.0119302658 0.0006907275
275 0.630457 0.549747 0.000000 6595.1476425040 0.3020709707 4353.1417011610 2159.0910623107 82.6117054727 0.0010275458 0.0000751214
276 0.669396 0.573712 0.000000 6481.8984653532 0.0920465029 3934.8750069916 2233.7721206589 313.1524055500 0.0064631416 0.0004227048
277 0.816694 0.627670 0.000000 6147.3588417968 0.0717403788 4058.2178477757 1905.5875200418 183.4803085589 0.0013258090 0.0000993760
278 0.840546 0.617694 0.000000 8180.9368044977 0.1316902156 6029.8766870103 2105.3872602317 45.5402962982 0.0008081511 0.0000628512
279 0.830841 0.677908 0.000000 12107.4493819637 0.0483946673 7557.3131534508 4307.4845119206 242.5938893577 0.0088433795 0.0005894272
280 0.741965 0.570755 0.000000 6168.8503607018 0.0422381588 3947.3609304865 2130.2226429103 91.2231831296 0.0012690974 0.0000970662
281 0.798349 0.611027 0.000000 6698.7567746094 0.0196074019 4285.4291192186 2303.4206689163 109.8852481505 0.0019764071 0.0001548442
282 0.747214 0.622604 0.000000 7079.4163141638 0.0178365254 4710.7764781051 2294.1003111764 74.5204768369 0.0011260074 0.0000856749
283 0.684018 0.633187 0.000000 8428.6451816919 0.0301387504 5266.9025820081 3005.6572740242 156.0493549072 0.0054317744 0.0004003872
284 0.803677 0.735632 0.000000 10701.2840957308 0.1798865734 6574.9172109629 3867.1811111568 258.9953783774 0.0097044792 0.0008043253
285 0.557958 0.582867 0.000000 4562.2828893445 0.6852964425 2793.1243591779 1643.2200838433 125.2515606231 0.0014754146 0.0001139994
286 0.620307 0.583564 0.000000 6012.9949802352 2.4588891782 3907.3318488323 1946.4119860451 156.7629364441 0.0268819614 0.0024379515
287 0.769480 0.626155 0.000000 5766.6523511095 1.2765610552 3867.4791904095 1832.4648590442 65.4152026314 0.0151422461 0.0013957935
288 0.872598 0.755252 0.000000 9654.0459332835 80.3970996334 6182.2139981093 3001.7119267581 389.0714374426 0.5659034873 0.0855678398
289 0.527284 0.502495 0.000000 5427.7487839709 4.3462911358 3430.8937007789 1801.1602086634 191.2979145631 0.0468050405 0.0038638900
290 0.561541 0.486783 0.000000 4770.5545617600 16.1891697380 2964.2449636425 1586.2269967075 203.8619456310 0.0292302617 0.0022558552
291 0.537729 0.566170 0.000000 4504.9294250185 0.4912468717 2784.7692938583 1552.5014327979 167.1581597509 0.0085977454 0.0006941106
292 0.496345 0.504341 0.000000 3530.0038571428 41.4090917355 2129.3334973816 1194.9600452635 164.2825695658 0.0171437412 0.0015096346
293 0.394679 0.476394 0.000000 2364.7262610718 7.8785911949 1455.8310985843 791.9461823814 109.0282549968 0.0388305653 0.0033033829
294 0.527711 0.583555 0.000000 5863.4011122404 9.1922178200 3536.1915493400 1999.8833677238 318.0005820279 0.1233777651 0.0100176597
295 0.686162 0.616901 0.000000 8156.6483358329 0.5827934004 4780.1775645791 2901.0132236112 474.7348976254 0.1303195239 0.0095372580
296 0.425963 0.448017 0.000000 2254.4287036567 0.6791484696 1560.6358940651 629.6376355110 63.4724197502 0.0033522347 0.0002537484
297 0.679440 0.618952 0.000000 7957.2616651317 3.0872803625 4730.9296962766 2683.9626836089 539.1125214930 0.1580011090 0.0114823746
298 0.431903 0.476526 0.000000 2889.2805811360 0.0370549610 1869.0023142630 934.4026921186 85.8256142703 0.0122300662 0.0006755363
299 0.744099 0.674053 0.000000 8426.9848051601 0.1107310960 5009.3222594069 3023.7653356280 393.7401444610 0.0437320530 0.0026025996
300 0.824051 0.705483 0.000000 7945.3093091650 8.2260462531 4722.6024727244 2813.5017989467 400.9643258130 0.0140944988 0.0005710342
