1 0.636135 0.579613 0.000000 30540.0269008583 595.0118507401 15473.7405757707 10151.8955440186 4198.2450897674 90.8485828428 30.2852577204
2 0.675387 0.639340 0.000000 41291.6730104626 356.7642976331 21810.7772935929 13878.6541426306 5082.6847704906 117.3576964966 45.4348096207
3 0.646421 0.599834 0.000000 29382.7336528812 214.0638290891 15091.8526332257 10169.7727590651 3873.6125302411 29.4205198336 4.0113814322
4 0.645917 0.537448 0.000000 17444.1880725146 153.5306054853 9560.2905109389 5960.0647990136 1767.4312830257 2.5361771593 0.3346968918
5 0.643661 0.651519 0.000000 30752.3665381609 502.3613610886 15093.3311339894 10681.2278389159 4425.4125674052 41.6977113650 8.3359254008
6 0.565576 0.509777 0.000000 25211.0375217049 313.5723737742 11757.4279426847 8707.4746912191 4374.2714137753 49.7120631190 8.5790371367
7 0.724121 0.617836 0.000000 32538.1931466824 300.6927000814 15997.2922893848 11231.9653807442 4897.2532602810 84.2920106589 26.6975055400
8 0.791431 0.596536 0.000000 22088.1783725913 219.5327815682 11641.6914160203 7761.1374349377 2454.9231050226 9.7926625898 1.1009724562
9 0.679946 0.593713 0.000000 22419.2025061193 298.0493898856 11425.8930568458 7781.9636063293 2879.1762229308 30.2136731902 3.9065569483
10 0.543097 0.486640 0.000000 17890.2311175968 272.7112844093 9022.2301496121 6103.3813216516 2451.8309031025 33.5159481068 6.5615107254
11 0.767530 0.592555 0.000000 25399.5713732968 405.6117453789 12178.1402663052 8818.1003916814 3965.8036719961 27.9656515953 3.9496463478
12 0.509128 0.498544 0.000000 21592.9262029294 87.0286265813 10632.1515497777 7613.2083639838 3221.3609063778 33.3565873096 5.8201689102
13 0.741711 0.593127 0.000000 33089.6847645867 447.6604348626 15529.0542538106 11413.0902725355 5622.4553758194 66.8030768453 10.6213507219
14 0.425774 0.425851 0.000000 10578.3241470118 384.1131421547 5108.8399623946 3500.7190641578 1580.2005390533 4.2796488103 0.1717904485
15 0.623705 0.546809 0.000000 16252.5495633770 307.7251210323 8365.8049342523 5461.2943396010 2113.7680475249 3.7459677479 0.2111532349
16 0.539136 0.468211 0.000000 15569.3793450966 215.7669122969 7753.5040217187 5376.0314890118 2215.1981015940 8.2819813932 0.5968390975
17 0.751196 0.566418 0.000000 20050.6378481754 170.7663513219 9985.6160894347 7155.3804051692 2727.4046451489 10.6077170562 0.8626400446
18 0.801599 0.649160 0.000000 25761.9820785477 201.5578005989 12775.3993900961 9179.5530457983 3596.1656198520 8.1307745908 1.1754476451
19 0.758620 0.627384 0.000000 32241.5688466020 200.9236466457 15066.3469751267 11354.2203672422 5568.1187301987 45.9397838199 6.0193435760
20 0.661815 0.494372 0.000000 15715.0918147626 255.4056440985 7625.5770761626 5340.0052896056 2477.0269694213 14.9736860060 2.1031494648
21 0.590181 0.567654 0.000000 28244.9816933142 300.2520234516 13077.8144379787 9954.1412520924 4834.6293242011 63.0840402382 15.0606153538
22 0.849682 0.691137 0.000000 34024.9999386637 540.0302677639 15975.3060219986 11615.7895663079 5806.8250517963 74.4515942598 12.5974365568
23 0.896800 0.788290 0.000000 40739.2593017560 563.4083310157 18856.0079903018 14246.5655287546 7005.6618040335 60.3182913960 7.2973562892
24 0.612333 0.566514 0.000000 16309.5012294127 455.5767940828 7683.0653937332 5524.1737333271 2638.9152030604 6.8802310705 0.8898741729
25 0.689924 0.620229 0.000000 24345.7181893371 541.0288959490 11619.4943833423 8476.7780928813 3677.3816152480 26.9370765180 4.0981254009
26 0.646838 0.571931 0.000000 15918.3752315252 381.8513401296 7746.3153825114 5509.7607552905 2276.4150973928 3.7437439971 0.2889122092
27 0.512429 0.475474 0.000000 16542.0911611812 212.9981508508 8021.6331372882 5805.4357132538 2482.5542933424 16.6039053624 2.8659611106
28 0.663657 0.556976 0.000000 16735.2552112004 330.2202763906 8019.4725041668 5801.1815026051 2577.6132815922 6.3021310638 0.4655154011
29 0.657410 0.511073 0.000000 15527.7912541159 183.3331395477 7993.0255461943 5309.6158588815 2029.0333962262 11.3572759098 1.4260373982
30 0.646430 0.604372 0.000000 25075.1261695468 160.9342745595 12011.6534296377 8808.1953917414 4053.3000858343 36.1008759171 4.9421119009
31 0.736901 0.582379 0.000000 22890.6257953611 292.9546276570 11284.8054980027 7936.2146436635 3361.9475392890 13.8738604713 0.8296263102
32 0.566027 0.517824 0.000000 20920.9148983595 346.6639069333 10108.1411170425 7223.7952966562 3225.1592966652 15.0091407898 2.1461402843
33 0.757283 0.660405 0.000000 20420.8230082628 265.7086310972 10180.5900850273 7076.8928308669 2884.7893246858 11.7907000107 1.0514365923
34 0.787676 0.593905 0.000000 19742.1736457777 301.1423103558 10194.8685837742 6858.9811328614 2377.8805537038 8.5724406194 0.7286244791
35 0.574398 0.518393 0.000000 16631.0561200359 195.1191994945 8198.7605355722 5840.1069513060 2381.8722710988 14.1147805570 1.0823820329
36 0.569439 0.495325 0.000000 13349.7938068932 97.4003709261 6686.4582271056 4729.8768921307 1827.3324830649 8.0006013160 0.7252323771
37 0.631796 0.516643 0.000000 12430.5206742805 93.6577593831 6160.3644478114 4375.4375526002 1793.2503510027 7.0980447129 0.7125187872
38 0.788169 0.603006 0.000000 21685.7863768603 64.6493545395 10690.9927595510 7734.1688135924 3187.4683408767 7.8116957941 0.6954125077
39 0.731318 0.666476 0.000000 29434.5806548308 303.9278920076 13860.6176889989 10342.4852838643 4901.7015025758 23.8105798581 2.0377075498
40 0.778421 0.669927 0.000000 20149.3301656436 528.8367675634 9837.7413942484 6964.6577670914 2809.3493928715 8.2408483909 0.5039954889
41 0.706267 0.606897 0.000000 21556.6131576466 192.5000682808 10608.2489095785 7604.2634915400 3137.8351559685 12.2111117269 1.5544205589
42 0.656180 0.523016 0.000000 16907.7795093499 403.4079007342 8243.3630439052 5743.7570823725 2504.3328238883 12.0372691681 0.8813892993
43 0.547783 0.451918 0.000000 8332.5155690539 136.3474998889 4417.3603837413 2768.6015551167 1004.9097580739 4.7637470467 0.5326252121
44 0.762399 0.574910 0.000000 19038.3851098287 322.7177446475 9588.1475280246 6451.9875034983 2658.6551728715 14.7558308363 2.1213299495
45 0.713912 0.584176 0.000000 15210.2688245134 411.7459276896 7662.2978409139 4969.0558358383 2147.3368167049 17.6562196852 2.1761837110
46 0.616935 0.559275 0.000000 18029.1289370995 286.9174440067 8765.0922415120 6225.5140360679 2725.8702785884 22.6802721855 3.0546647733
47 0.732912 0.625705 0.000000 27716.0000641425 421.6357279018 13263.2191580878 9458.7604043493 4518.0313716100 48.8690950572 5.4843071598
48 0.674445 0.554739 0.000000 20360.2924163144 130.6258190583 10400.9348726323 7088.1124927929 2706.2495317346 30.1801173570 4.1895827794
49 0.524839 0.517794 0.000000 6078.6079348944 53.7714816826 3337.1982254330 1978.8817636489 707.9680516031 0.7499775297 0.0384350678
50 0.645082 0.475438 0.000000 11668.0215522107 7.4130242081 6742.0001823439 3797.1119990497 1118.4172096376 2.8402514887 0.2388855081
51 0.800035 0.595904 0.000000 18621.6555579968 278.9464195269 9661.8937017528 6169.9598360297 2499.9103067559 10.3659372146 0.5793567358
52 0.614722 0.511414 0.000000 12574.6157119550 17.2702803619 7180.1075041408 4242.5814467806 1133.6611908338 0.9541643364 0.0411255357
53 0.654397 0.502094 0.000000 9779.1023403226 7.0521144919 5718.2818117772 3372.5451591649 681.0671199983 0.1524837286 0.0036511849
54 0.760770 0.562431 0.000000 14304.8380236306 2.4888596815 8464.8189309913 4830.2196702809 1006.6070259947 0.6705120718 0.0330247106
55 0.503609 0.423203 0.000000 9914.5255112260 54.4834004151 5372.3206356442 3351.4111065294 1135.2204687089 1.0291346159 0.0607653148
56 0.600810 0.516124 0.000000 9056.1918834477 33.4492132690 5192.1412796289 3099.8272904071 730.0819314225 0.6793526234 0.0128161198
57 0.525121 0.469865 0.000000 11149.2257353754 36.1585397677 5848.8380106349 3960.9547647359 1301.3930581882 1.7428186121 0.1385434509
58 0.725276 0.578864 0.000000 15525.8480005852 166.5216969250 7664.3476028641 5416.7164508457 2272.0007019471 5.9412202030 0.3203278380
59 0.751868 0.582029 0.000000 21701.3671010589 83.4145796307 11218.6738365727 7730.1991154641 2649.6275439331 17.3944240067 2.0576015269
60 0.853161 0.671798 0.000000 23150.0165088870 16.5725757484 11811.2560749507 8551.6375513994 2765.5172126316 4.5242885612 0.5088056285
61 0.786179 0.631065 0.000000 24769.7829045654 31.0488993063 12321.6554357727 9004.9711235234 3398.8791845329 12.1253103352 1.1029511046
62 0.644725 0.544913 0.000000 13946.9249628018 5.4758158627 7287.1666558409 5069.3685664105 1582.6394612370 2.1201130185 0.1543504570
63 0.626011 0.527096 0.000000 11006.1599880039 5.0631483292 5903.6942303666 3903.2357254278 1192.8850091623 1.2065950132 0.0752797478
64 0.863326 0.687052 0.000000 23693.8916641354 27.8123497403 12317.5846328423 8615.1674271912 2725.0320182183 7.6357596354 0.6594765316
65 0.583889 0.529352 0.000000 12629.6597153629 3.0178429925 7208.4340096275 4486.5463551925 931.3007980023 0.3450840132 0.0156255843
66 0.619123 0.496855 0.000000 8975.4872185990 1.8895706554 5154.8805621347 3200.0043961388 618.5953221366 0.1119203426 0.0054472758
67 0.726977 0.584685 0.000000 15770.1135475013 229.0598367916 7688.4102710420 5460.3596035288 2389.3739363244 2.6001217720 0.3097780816
68 0.470703 0.442505 0.000000 15672.4212494387 551.4809168826 6853.8449920943 5245.9796394150 3005.8363240226 14.7524719973 0.5269050941
69 0.675723 0.588096 0.000000 15213.4272955717 274.1920217036 7434.9651577104 5153.8608192038 2339.1841269788 10.7451533516 0.4800166948
70 0.610182 0.501534 0.000000 10948.1491251721 123.3785201304 5553.7037877269 3720.5969167884 1544.2896252272 5.8862518500 0.2940235263
71 0.661965 0.557110 0.000000 20072.8522098365 68.4456056576 10203.4629079286 7038.8901135821 2748.4165330920 12.3568033631 1.2802462867
72 0.717362 0.640678 0.000000 16099.6557214080 132.4249635200 8385.3502661784 5473.0372533570 2093.5896903182 13.8925640130 1.3609840565
73 0.581799 0.499105 0.000000 9600.4620957122 9.5926448803 5136.6048995692 3340.0433523703 1112.8216765299 1.3357991680 0.0637232630
74 0.724256 0.610424 0.000000 23502.7529351463 0.7562686543 12164.4028832959 8669.8861534595 2661.1045665667 6.0591176753 0.5439455814
75 0.722244 0.556830 0.000000 11082.7719960783 7.7416528981 6294.1060406268 3935.7384092774 844.5508773083 0.6023310598 0.0326849518
76 0.555524 0.526861 0.000000 15340.7951251636 12.0253824429 8257.9338642593 5568.4352197636 1499.4449020449 2.5832794393 0.3724772554
77 0.671357 0.547260 0.000000 13265.0356509375 17.9031391981 7694.5788448583 4599.9273651248 952.1843992791 0.4136441443 0.0282584060
78 0.628806 0.581594 0.000000 10422.5301429173 148.8373800804 5663.9892934633 3677.1679567844 931.7965758663 0.7009366844 0.0380001065
79 0.631016 0.524789 0.000000 12084.3768534721 262.2582703093 6622.7943310528 4063.6726607664 1132.3784098474 2.9919830789 0.2811983991
80 0.592274 0.488715 0.000000 6712.0575462262 2.1877355446 4129.8349564588 2218.0697054990 361.6946682504 0.2619826632 0.0084978753
81 0.694324 0.629519 0.000000 19369.7329515902 56.0493580945 10430.4522300386 6870.9221570631 2007.4960045417 4.1253782909 0.6878235711
82 0.729333 0.585918 0.000000 10911.8087956626 9.7249242416 6583.4945115056 3740.9644914547 577.5277344096 0.0940549465 0.0030791614
83 0.879765 0.672331 0.000000 9573.0382699682 16.8203308196 5836.5029168275 3265.8278495084 453.7562966810 0.1205705039 0.0103057345
84 0.567656 0.442805 0.000000 6559.4688357431 17.0431254868 4079.2141366824 2202.9488454009 260.1580280403 0.0902428619 0.0144573553
85 0.708506 0.558841 0.000000 12201.5279850352 20.2210695860 7005.3450325583 4319.8618327057 856.0068848347 0.0913393035 0.0018261256
86 0.583438 0.476482 0.000000 15699.8412313846 37.7204852530 8602.0739300063 5477.3130665558 1578.6905866858 3.4764060342 0.5667569007
87 0.646782 0.500706 0.000000 8030.7823415081 15.5215981457 4782.1864554923 2765.2158697867 467.5927029851 0.2611656465 0.0045494511
88 0.793290 0.637528 0.000000 14210.0316169788 68.6159171628 7832.2291798979 4962.2922388817 1346.2665215403 0.6075913413 0.0201682050
89 0.821183 0.579018 0.000000 10423.3602253744 0.3514451088 6344.9904047142 3527.8822100899 550.0816998364 0.0529445627 0.0015211633
90 0.641447 0.542748 0.000000 12794.6885379142 422.7519433724 7134.5653797360 4177.7897280314 1053.2746651343 5.1085271784 1.1982944620
91 0.661735 0.646536 0.000000 19423.2611476716 75.9287914334 10169.6873850157 6848.6817860440 2323.1441254397 5.5062687372 0.3127910552
92 0.486467 0.477534 0.000000 17626.9217170767 0.1555203844 9199.6135713638 6495.7201683601 1929.8463992143 1.5204433329 0.0656145131
93 0.908057 0.722287 0.000000 22407.0538189155 5.0621307050 12159.2175967113 8070.7171835229 2170.5483345985 1.4140989769 0.0944744725
94 0.670745 0.552375 0.000000 12062.0312012198 14.4740726465 6941.4844013791 4312.1764787918 793.0886504453 0.7717285449 0.0358694750
95 0.587314 0.447599 0.000000 6478.5364911533 17.5111914745 3874.6703831894 2229.7910873362 356.3765151839 0.1789762410 0.0083377362
96 0.641043 0.602532 0.000000 16299.8176032381 15.6286988086 8939.1266873798 5792.9607045159 1548.9733352806 2.8599975639 0.2681797455
97 0.882830 0.723341 0.000000 16318.2220055176 3.4212073016 9255.7760933047 5779.2916961935 1278.9812967855 0.7116827083 0.0400293167
98 0.798482 0.629568 0.000000 12616.9757727896 77.7654093176 6770.2536003290 4462.1490248796 1305.6168337534 1.1232404062 0.0676641660
99 0.597619 0.592467 0.000000 10634.5444034041 284.9065102640 5392.9119341626 3594.4819075067 1359.3448666534 2.6708958941 0.2282889984
100 0.553751 0.516525 0.000000 8853.1090349257 170.5836125217 4547.5840895088 3003.9311889167 1128.1099561700 2.7834448813 0.1167429807
101 0.865973 0.655452 0.000000 13584.3425268767 189.7203922538 7436.0006187416 4631.6585963933 1323.2714376941 3.3469189746 0.3445628364
102 0.622800 0.510270 0.000000 7326.7450055292 16.0980529831 4319.8486199667 2485.9949117704 504.5678423392 0.2183093377 0.0172691483
103 0.617814 0.458652 0.000000 7966.5963677590 97.2685029338 4598.3587148741 2642.6137568934 627.4227748901 0.8759033944 0.0567148221
104 0.803451 0.590416 0.000000 11477.2280609664 75.8083030167 6564.4135662927 3963.1984774721 871.8919822306 1.6907877909 0.2249441702
105 0.574352 0.527899 0.000000 12764.9356758139 158.0975987711 6559.5814573266 4560.9428792429 1484.6969107990 1.4571412006 0.1596885472
106 0.748078 0.556098 0.000000 14970.4718381236 191.9981135505 8020.5255277837 5262.2795234475 1492.2821947084 2.8765578901 0.5099207719
107 0.626203 0.557861 0.000000 25041.2710014530 17.9635782381 12400.2753233025 9186.4090092656 3430.8606272532 5.5089880533 0.2534754129
108 0.828905 0.652680 0.000000 16647.4657868642 2.8932787259 8743.8827388697 6058.9456303891 1840.7973208304 0.9108113514 0.0360067444
109 0.828462 0.693896 0.000000 13042.8982325972 12.0399547717 7390.6440296202 4618.5403171706 1021.2295115744 0.4269040441 0.0175154550
110 0.875762 0.724896 0.000000 22774.7716928699 97.3684291981 11728.6812053703 8431.3850701949 2514.2379637504 2.8746064656 0.2244178888
111 0.934556 0.684914 0.000000 14034.5341603372 2.4235371795 7680.2871665850 5029.9787452101 1321.5418905580 0.2948045274 0.0080163710
112 0.668265 0.525956 0.000000 14255.7354959520 0.4605601717 7820.6355670066 5206.1426652058 1226.7442010662 1.6198154824 0.1326870890
113 0.734242 0.576345 0.000000 9144.6748999177 2.0902833504 5358.6738732220 3312.0785633613 471.7494122708 0.0785005963 0.0042671857
114 0.759502 0.602912 0.000000 11020.1243392866 13.6763863985 6445.2086214220 3869.0808697283 691.7321811662 0.3962495880 0.0300310727
115 0.650864 0.513503 0.000000 9891.3119686978 9.6085864268 5574.8438280464 3725.3765475500 581.4069287079 0.0723134577 0.0037645718
116 0.713171 0.535346 0.000000 8302.1152602036 0.9416171774 4951.8480423676 2930.2356685896 419.0474417398 0.0400851436 0.0024052384
117 0.664891 0.550091 0.000000 9520.8804651640 37.9374112854 5555.9011435597 3366.1377473430 560.8230953749 0.0760303042 0.0050373923
118 0.591750 0.476786 0.000000 15031.3316221711 43.0873359226 8147.9096818921 5608.4352732486 1231.4963974912 0.3895040854 0.0134295621
119 1.030762 0.777121 0.000000 28349.5113190310 438.7068978461 14626.3525456681 9987.5879602510 3289.9241232675 6.5890882255 0.3507037640
120 0.969427 0.736379 0.000000 18223.8486094435 56.6263014956 10113.9628249717 6549.5831473999 1502.4512999178 1.1610145433 0.0640211310
121 0.902017 0.719485 0.000000 21864.7243170428 367.3638013789 11303.9379605751 7525.4629153247 2662.8879803810 4.9299370103 0.1417224132
122 0.664728 0.565491 0.000000 23500.2930919981 54.2077975624 12196.3027940096 8397.1994346977 2847.0332605723 5.4307196580 0.1190856325
123 0.758009 0.625416 0.000000 16688.2097435898 89.7043291675 9034.0682868199 5849.2406073233 1710.4886703107 4.6082940537 0.0995560108
124 0.682723 0.491424 0.000000 9301.1967618687 14.7694294360 5606.9868308584 3125.1736998721 552.0956565957 2.0994011729 0.0717440713
125 0.582086 0.443480 0.000000 8164.3499491550 54.0425731482 4737.5462002635 2774.1848280789 596.4475266687 1.9601124766 0.1687084984
126 0.841630 0.693087 0.000000 18461.5201138132 363.9480212953 9860.1111035431 6355.6195957005 1879.1543502892 2.2414615345 0.4455816473
127 0.860945 0.660355 0.000000 19496.7845513888 661.5135542844 10055.6237576949 6393.3117280825 2368.2737249129 16.1880311433 1.8737554500
128 0.640808 0.471183 0.000000 9114.7338433895 331.5497914289 4877.3791917591 2949.4771109512 951.0589372665 4.6937084039 0.5751037129
129 0.590650 0.500235 0.000000 11068.0107001143 233.0296461612 6157.2718104519 3703.7697982185 972.6834322107 1.0980631530 0.1579500463
130 0.919406 0.711629 0.000000 17732.0314537663 763.9230761521 9108.3448833222 5768.0723768815 2078.6678333419 11.9221063665 1.1011777860
131 0.653473 0.526698 0.000000 14885.2292079614 231.7058725877 7605.5660873023 5065.6287611433 1966.3191943804 14.1989151615 1.8103775223
132 0.659842 0.533220 0.000000 12769.4380693520 244.6975019613 6845.6575950280 4129.7480491810 1537.4519338129 11.0252713037 0.8577181417
133 0.639907 0.545235 0.000000 6364.2035065708 127.1753279445 3766.7924868747 1918.5101491944 539.8050453412 9.9912112391 1.9292861247
134 0.683364 0.604087 0.000000 9901.2444245887 153.2094123256 5587.9889143974 3288.0431784730 868.9541794043 2.7161055448 0.3326345732
135 0.620842 0.505191 0.000000 7586.4157888572 195.9312927894 4402.3329166436 2460.0414544840 524.3656964927 3.2191460250 0.5252824550
136 0.752149 0.559983 0.000000 9806.6775462226 338.9880618979 5831.2581807718 2909.1845545034 723.1963906646 3.5807804497 0.4695779692
137 0.535109 0.483572 0.000000 11617.1596550894 387.2781727015 5737.0612885042 3946.1183600987 1525.0756554684 18.9275032121 2.6986752103
138 0.682378 0.606201 0.000000 15001.3618529520 485.8854463662 7438.0132834230 5092.7649761756 1978.1741008779 6.1750782160 0.3489679280
139 0.588668 0.524346 0.000000 11870.9980715570 443.2731560091 5806.9476005243 3955.6521583080 1647.6954831726 16.8402178489 0.5894558540
140 0.618619 0.514716 0.000000 9593.5448382517 24.0843418786 5322.6638076322 3390.2291387186 853.1494948965 3.2694801158 0.1485750558
141 0.675201 0.556218 0.000000 17754.1864217688 82.1361769647 9436.4500424720 6332.0409186937 1900.3127559593 3.1112826706 0.1352451421
142 0.449284 0.384456 0.000000 5749.0466607080 3.2728113155 3344.9178039360 1990.0291019747 410.4994871583 0.3200898875 0.0073665356
143 0.726539 0.614042 0.000000 17206.9443090945 74.4335400696 8757.3289607422 6136.4172996787 2232.8223360893 5.6740625503 0.2681100626
144 0.677997 0.597460 0.000000 14378.4586056163 225.4391977217 7198.0741446879 4819.1906208265 2115.9345751357 19.0185428746 0.8015244917
145 0.596423 0.505291 0.000000 13876.8878408545 153.8877494567 7020.9679360972 4764.1183212796 1922.3496007730 14.8314116023 0.7328217359
146 0.572327 0.482695 0.000000 5794.9372111787 0.4627283631 3529.6911109067 1967.3685610912 297.1609345123 0.2467352631 0.0071410939
147 0.763129 0.666358 0.000000 17120.1173401785 4.8785319440 9418.5131008762 6120.6661825428 1572.7912322601 3.0516066295 0.2166860657
148 0.797849 0.612890 0.000000 14643.9306122332 40.5174300940 8056.0433275638 5309.0515823637 1237.0144759856 1.0763956455 0.2274006581
149 0.651926 0.511521 0.000000 9589.6022464980 1.4515522906 5236.1271086702 3520.8416852845 831.0162930365 0.1609242178 0.0046831396
150 0.852937 0.677450 0.000000 17913.2890908459 553.5509124256 8962.2164213348 6069.0239341427 2326.5854619843 1.8062085110 0.1061524383
151 0.723520 0.633236 0.000000 14848.0762600122 227.2100549495 7304.4657701139 5134.0222448021 2179.1891887148 3.0670969261 0.1219045460
152 0.708111 0.565488 0.000000 19635.0408412835 49.1978391873 10022.7320766754 7147.0242120223 2410.2065177706 5.5745634120 0.3056322987
153 0.713908 0.509283 0.000000 11950.8850185772 40.7791994356 6449.3134625034 4352.7000659307 1104.9886124497 2.9130394551 0.1906389293
154 0.514994 0.411255 0.000000 6103.9814939997 20.4869435629 3179.0428750886 2251.6195188373 650.2568654815 2.3789420630 0.1963490558
155 0.716405 0.601530 0.000000 14657.5020305281 31.7564858567 7619.8817362033 5396.9380006857 1604.4106507583 4.1273473918 0.3878095913
156 0.891001 0.649796 0.000000 10237.7384148232 102.9666318027 5638.4639573430 3666.9286426946 826.1306855453 2.7692439503 0.4792535054
157 0.530292 0.465342 0.000000 8660.3146114456 26.1479305699 4770.8298366028 3124.2275130995 738.2132513561 0.8685629015 0.0275169161
158 0.592163 0.510143 0.000000 10390.9107064642 7.7941509892 5897.8246349525 3725.3731494784 759.6968523969 0.2115887707 0.0103299120
159 0.640200 0.545439 0.000000 9048.2025725226 3.2211091451 5218.8537670079 3233.6292020638 592.3477876130 0.1447093589 0.0059974556
160 0.656172 0.579495 0.000000 10088.4205763646 0.6391780932 5906.0903340955 3595.5663020260 586.0686883475 0.0542206570 0.0018533392
161 0.435144 0.394271 0.000000 6134.9520983813 31.0565789751 3641.2650218905 2105.8312696529 355.9995692645 0.7193774867 0.0802811997
162 0.696528 0.573525 0.000000 7873.4182856677 35.7289579057 4857.1751238096 2635.8316932196 344.3330574171 0.3280395186 0.0214139143
163 0.645555 0.571571 0.000000 8409.6060634214 173.3000714383 4663.2996882110 2854.7948271041 717.4032438904 0.7608440773 0.0473887720
164 0.614206 0.451495 0.000000 5520.2626773848 110.0253279339 3203.3113792929 1784.7854849329 421.9208033116 0.2084306237 0.0112513557
165 0.642316 0.519483 0.000000 8938.1440820344 38.0792691220 5246.7518054919 3021.2761103803 631.2981544013 0.6705174695 0.0682252749
166 0.685080 0.584163 0.000000 10596.7419925819 24.4739241647 6251.0186827629 3480.3662485738 839.8001529545 0.9818798994 0.1011043906
167 0.773658 0.657695 0.000000 18525.2677227616 312.1875711986 9685.0125639841 6290.2342753657 2229.7734897091 7.3385862848 0.7212362499
168 0.738201 0.582604 0.000000 14755.5989308567 128.5264174998 7680.4623531739 5078.8163997446 1858.3507745105 8.2452225230 1.1977634420
169 0.769854 0.593655 0.000000 11839.0263249215 84.1106161600 6356.9656963314 4030.0477717242 1363.5917274658 3.9857306256 0.3247826076
170 0.848531 0.699386 0.000000 13572.7216045461 158.8880783307 7248.5333102541 4596.3024831238 1566.8603812987 2.0625377666 0.0748139457
171 0.610900 0.521598 0.000000 10778.5107113398 234.2036050881 5529.5881727839 3569.1626321834 1441.7618832315 3.5892226236 0.2051954797
172 0.691363 0.549328 0.000000 10422.9989968367 172.0981529435 5529.0881248937 3444.1639208554 1275.4888177958 2.0637523150 0.0962281009
173 0.637970 0.520148 0.000000 13030.3430680829 146.0474688053 6740.3643830228 4443.0795748925 1693.9739878008 6.2003739929 0.6772796404
174 0.648547 0.515567 0.000000 5988.0939029604 67.1253116418 3288.9828390119 2036.9075119741 594.8140930637 0.2556901427 0.0084571496
175 0.700184 0.624472 0.000000 9460.8987807976 131.5141397632 5100.3890792161 3185.4928475776 1042.3614732753 1.0951814543 0.0460595129
176 0.722819 0.588130 0.000000 14791.7405950719 207.6042115615 7698.3614095423 5189.7048184460 1690.8027116780 4.8406929879 0.4267510199
177 0.716972 0.556274 0.000000 8320.6633123578 29.2391555006 4718.1328353777 2890.9181733689 681.7819956575 0.5644878301 0.0266646937
178 0.753725 0.618618 0.000000 15720.2665291123 241.2608574705 7868.5760758647 5393.3234486648 2209.6040795129 7.1099877147 0.3920800167
179 0.769655 0.612352 0.000000 11926.6110546981 122.7299101758 6350.7326746622 4159.9767847297 1289.9009505243 3.1570118624 0.1137228332
180 0.625592 0.572257 0.000000 15292.4433477624 94.6619358418 7634.0937950084 5354.0166438286 2192.0905268788 16.4440716480 1.1363746546
181 0.799279 0.610359 0.000000 11483.5846410164 58.0148314553 6393.6003177010 4022.2778439163 1005.7430954554 3.7701129838 0.1784395911
182 0.677308 0.550088 0.000000 8989.6902747149 86.0859362180 4962.6641628352 3134.1459338152 800.4776440331 5.9610892262 0.3555086049
183 0.725849 0.571950 0.000000 8372.9355472693 72.8289773019 4771.7197375387 2829.4454318362 694.8793744030 3.7645456325 0.2974806401
184 0.669687 0.533922 0.000000 13516.8212189972 127.8197587299 7086.7500737795 4819.5789202079 1471.7618583231 9.6917612860 1.2188466053
185 0.813099 0.671157 0.000000 14858.3686895551 94.8864298477 8111.7410469158 5224.8550803410 1416.3595558314 9.2785287345 1.2480480046
186 0.731435 0.617839 0.000000 15783.9705042453 44.3468488932 8581.6546336106 5687.3424829201 1462.5125625343 7.3427607856 0.7712156349
187 0.694378 0.586886 0.000000 13056.4380867558 0.4305692140 7137.4972835261 4828.4210384650 1089.0146439581 1.0210907682 0.0534609866
188 0.987425 0.799847 0.000000 22955.2737596946 91.9566062600 12135.9947173689 8263.5870500790 2456.7254645705 6.7270422623 0.2828792979
189 0.670873 0.541864 0.000000 5729.0354058372 28.1717238837 3333.4047953529 1981.7818788879 385.2931733537 0.3763632554 0.0074712160
190 0.598955 0.610211 0.000000 15456.3501098319 211.4716136570 8036.9587681555 5436.7835400792 1760.2127228737 9.9125663342 1.0108987737
191 0.862455 0.693723 0.000000 13287.6720613188 74.8038881025 7398.6155358217 4464.5476335074 1346.5702554601 2.9242245977 0.2105238784
192 0.322382 0.348179 0.000000 2547.7631412267 11.0438190331 1479.4468160261 824.3807665391 232.7073344462 0.1800132873 0.0043921069
193 0.425713 0.400603 0.000000 7954.0859272181 34.9656249765 4159.4990297711 2776.6409364730 980.6914489138 2.1557655088 0.1331217918
194 0.695427 0.572111 0.000000 10965.6798524334 91.2576213700 5751.4402836296 3685.4486400220 1436.3375641064 1.1477690784 0.0479742702
195 0.829601 0.697592 0.000000 23862.5730531791 236.1113001630 11927.0195626178 8381.8267844678 3304.8678218796 11.6276863176 1.1198977434
196 0.478273 0.425893 0.000000 9337.1841354999 112.2193745745 4888.0709413750 3156.8461131326 1175.2720321416 4.5914893141 0.1841850285
197 0.593153 0.493968 0.000000 8053.6687392727 29.3088695362 4407.6122550659 2707.9466521024 906.3524888558 2.3661872009 0.0822865678
198 0.731474 0.611509 0.000000 14773.0119682068 32.8918214959 7970.6718390969 5261.5265635279 1500.4615946433 7.0620717487 0.3980777473
199 0.764798 0.663655 0.000000 17535.8308436816 2.3271891765 9269.0618323031 6529.5154371904 1730.6883538985 3.6624005106 0.5756307462
200 0.579499 0.535827 0.000000 14135.8453094558 0.3853137286 7582.4642235602 5223.9243927788 1328.5784004357 0.4777018344 0.0152772587
201 0.651815 0.490851 0.000000 4874.8403141338 0.2429254701 3119.4922336262 1591.7915205356 163.3076662499 0.0059203340 0.0000481535
202 0.661452 0.561306 0.000000 7941.8537991161 0.1623426421 4741.0633951999 2621.0602249629 578.5726882816 0.9062703118 0.0888779031
203 0.623569 0.515580 0.000000 5531.4028906410 0.0137328452 3489.3854565000 1900.6217537734 141.3775725018 0.0042535019 0.0001216831
204 0.598093 0.491502 0.000000 6650.5509832471 0.1721371929 3894.6145469499 2377.9567517815 377.7313255142 0.0713297257 0.0048922040
205 0.591074 0.531493 0.000000 5215.3259512573 10.5998350566 3265.1471775806 1779.5278335860 160.0469186163 0.0039716714 0.0002149026
206 0.647353 0.508231 0.000000 10478.1570590734 65.4648051428 6143.0490149545 3713.6534208209 555.9367100517 0.0507001685 0.0024081278
207 0.687722 0.484735 0.000000 7615.9100917696 21.6065988482 4562.4305405718 2667.2977273608 364.5271239739 0.0461155234 0.0019855423
208 0.724497 0.613233 0.000000 11075.5783578890 174.4751094843 6443.6166876388 3731.7709736701 724.3414216771 1.1877968251 0.1863686810
209 0.859021 0.611661 0.000000 11727.8858828799 43.9525355022 7146.9393985550 3965.6040189097 570.9329202978 0.4206120483 0.0363977390
210 0.856167 0.645111 0.000000 11779.9864098998 20.6288970935 6941.7828109738 4024.3946020535 792.9665592276 0.2040748946 0.0094656922
211 0.666737 0.502858 0.000000 8210.1938858664 4.7710607910 4870.2545325239 2829.0239826323 504.3784206797 1.5538727076 0.2120166972
212 0.729692 0.563918 0.000000 10098.4381307386 1.3038139159 6176.0977584761 3500.9491382843 419.7979372189 0.2677476114 0.0217354932
213 0.642955 0.588543 0.000000 6740.1029238627 2.5357315116 4230.9666446729 2289.1022183857 217.4698095126 0.0262557569 0.0022642388
214 0.638086 0.557647 0.000000 9951.6963756334 7.5855763562 6035.6160578118 3451.5151224246 454.2896658570 2.2014931010 0.4884600778
215 0.622575 0.531506 0.000000 4601.5724541415 9.1228538283 2955.3067544174 1503.5815091445 133.5364642458 0.0225904129 0.0022820892
216 0.636474 0.538128 0.000000 4243.1505964831 1.6820494310 2797.7665803415 1381.4805037317 62.2170171617 0.0040705871 0.0003753983
217 0.752695 0.586926 0.000000 13971.3730372639 37.0828364108 7936.9274406047 5009.8410479708 987.0677469864 0.4149414111 0.0390240775
218 0.737648 0.581979 0.000000 9173.9869783705 17.0245373175 5628.6903910691 3164.8841599189 363.3744969912 0.0126469225 0.0007463541
219 0.736214 0.590671 0.000000 10179.9437164533 102.0436253140 6092.8256003214 3466.2000518018 518.2906199324 0.5336249258 0.0501943285
220 0.647079 0.544925 0.000000 13964.2531742906 94.5520805979 7683.4052783425 4978.9640326742 1203.2288031880 3.2597513947 0.8432281853
221 0.613275 0.595002 0.000000 18906.0650378433 67.8960969553 9748.2708070187 6807.5905087219 2275.6336827583 5.5149185258 1.1590239293
222 0.683206 0.577900 0.000000 11175.6978227279 189.2341392559 6097.5929141125 3701.4467639052 1186.9490558666 0.4704729092 0.0044768097
223 0.533766 0.501775 0.000000 10421.4956086124 97.2992903133 5676.5457586293 3731.6491086436 912.4976674692 2.9323627550 0.5714209602
224 0.587430 0.497131 0.000000 7739.2503462048 103.8191182448 4568.1089162181 2591.5499651332 475.4767927052 0.2725477261 0.0230063037
225 0.498996 0.445192 0.000000 10712.2260219996 369.5200320849 5506.9635698607 3725.5009909857 1108.0789658059 1.8712429618 0.2912204287
226 0.846878 0.673166 0.000000 13962.9410466626 131.3361297340 7980.3312620173 4900.7206077212 948.6251626914 1.6578890219 0.2699956102
227 0.920851 0.693040 0.000000 23444.7940062026 158.5367876734 11382.4995893879 8172.7499075561 3728.5155328307 2.3938125073 0.0983763918
228 0.905249 0.653738 0.000000 18309.0437172616 169.7824398916 9689.0800129826 6423.8999853113 2016.5214000244 9.3362703370 0.4236087616
229 0.607063 0.483845 0.000000 5683.1809068764 7.7825013597 3319.3633767337 2012.7660374288 342.7568048496 0.4531046107 0.0590820172
230 0.628197 0.453674 0.000000 11672.4533204879 33.8863835831 5637.9951996418 4363.2719750403 1636.9181622317 0.3740030001 0.0075971131
231 0.646405 0.501878 0.000000 13209.7754089946 226.1576853573 6398.4482862275 4473.6591362922 2100.3945403568 10.7400870404 0.3756737678
232 0.792521 0.659721 0.000000 21514.6265138402 72.0702172655 10750.7481574305 7842.2394650031 2841.2518394472 7.7473758477 0.5694589885
233 0.583909 0.490346 0.000000 12055.6685094893 43.7061302205 5892.2880608178 4346.3190927903 1771.6520095853 1.6248753637 0.0783408148
234 0.583419 0.547078 0.000000 6012.0206573853 29.7877274412 3140.0977630163 2198.3217070465 643.3328628760 0.4715128805 0.0090842415
235 0.608733 0.550164 0.000000 6346.1076676991 77.4151429070 3231.4981359338 2138.9488575366 895.2910476072 2.7906507910 0.1638329650
236 0.594786 0.502344 0.000000 8888.5071461491 84.4795026418 4451.7625983867 3219.0419155558 1128.4816220218 4.5211475500 0.2203601591
237 0.676982 0.553169 0.000000 17218.8485767722 174.1713590257 8416.6684461988 6177.0309777679 2437.5256073681 12.5026485573 0.9495379604
238 0.717666 0.549584 0.000000 11482.0203584893 42.4426021126 5705.0139367936 4251.9428666809 1480.1502649165 2.3756638900 0.0950242305
239 0.645101 0.519968 0.000000 13520.9608901956 63.5467399606 6553.6598562076 4881.5105849960 2016.4891732303 5.4235342823 0.3310017260
240 0.705954 0.552083 0.000000 10325.2567107425 40.3577525082 5184.6942568547 3728.6414508059 1367.8642786853 3.4255705336 0.2734015307
241 0.740901 0.651237 0.000000 13518.0566298845 0.9401332738 7122.2843202907 4901.6255453018 1490.9275026859 2.1777707021 0.1013578178
242 0.615664 0.568049 0.000000 16914.6423805882 3.1236576792 8746.7181659208 6300.9856911996 1862.0630750439 1.6753058700 0.0764851184
243 0.767456 0.580792 0.000000 9884.1751590892 0.1965799081 5593.3486045210 3563.8267484497 726.4281053896 0.3622223035 0.0128987774
244 0.678087 0.525186 0.000000 8134.5364700902 0.0707872254 4684.6202260810 2997.5318957575 452.2427256038 0.0695122843 0.0013232725
245 0.718143 0.607968 0.000000 5930.2483718640 0.0642348866 3457.2818862805 2235.7817518671 237.1097163042 0.0105491443 0.0002335479
246 0.662405 0.562485 0.000000 8394.1704038266 0.0391065317 4743.4315349889 3063.7723138798 586.6979435706 0.2166990533 0.0128059951
247 0.648197 0.542700 0.000000 8017.9193265449 0.0718703768 4558.5027109052 3049.0663501204 410.2529461838 0.0246184396 0.0008306686
248 0.812116 0.597497 0.000000 8589.8484108652 0.0412563139 4964.9329764943 3192.6444941481 432.1955152989 0.0320682464 0.0021005331
249 0.482583 0.452883 0.000000 6262.5503185899 0.2016813234 3369.1649815778 2376.8745981572 515.9621383288 0.3122427619 0.0346764771
250 0.599285 0.497133 0.000000 6269.9355089378 0.0221781743 3801.6741187298 2254.9101814143 213.3260176236 0.0028463964 0.0001667576
251 0.758716 0.646243 0.000000 8862.2990215827 0.0444175404 5059.6477855766 3315.2247393905 487.3707277232 0.0106486763 0.0007028566
252 0.547685 0.534026 0.000000 11178.1367663596 0.4584289106 6119.1800183902 4096.8730209974 961.2117347810 0.3789916767 0.0345717942
253 0.722640 0.600178 0.000000 12915.6654595349 0.0298455691 7387.7543284134 4792.8184741579 734.9602701754 0.0947941880 0.0077470998
254 0.702106 0.613905 0.000000 12740.2179869915 0.0639896699 7133.7143881763 4721.5794623521 884.6834235464 0.1631587145 0.0135646325
255 0.758542 0.557921 0.000000 7115.9448202726 0.1226813211 4244.9853773178 2573.5515110235 297.2701359087 0.0140049612 0.0011098081
256 0.747601 0.609326 0.000000 13348.8167387834 0.1163203434 7590.2924208013 4927.2467021054 830.9035453436 0.2370272435 0.0207231176
257 0.543475 0.416933 0.000000 4046.5224126461 0.2275881044 2353.9486937711 1521.5561769202 170.7838235534 0.0056396243 0.0004907352
258 1.008029 0.739152 0.000000 14870.5366908148 3.5942045211 8559.0563149020 5469.6768545700 837.9676841061 0.2210502212 0.0205826973
259 0.752250 0.557797 0.000000 6527.2755737679 2.4100143061 3933.6507436544 2322.4819923100 268.6282046257 0.0953286532 0.0092903062
260 0.649901 0.592521 0.000000 13617.8171661076 2.2523885989 7607.6549247192 5049.0608216074 955.5402225458 2.4212787310 0.8875300196
261 0.739595 0.599203 0.000000 9964.5621363627 0.0347482208 5934.2132760196 3568.9247007597 461.3479640327 0.0380926864 0.0033548955
262 0.610689 0.577005 0.000000 6936.0077401474 0.0064002425 4134.7992351925 2558.7653328495 242.4271218616 0.0089073701 0.0007427914
263 0.568862 0.476345 0.000000 3387.1661169150 0.3338403584 2192.9471797434 1119.3553897500 74.5273658911 0.0021540425 0.0001871725
264 0.655988 0.511707 0.000000 7660.8739356235 0.0778986982 4488.8184252563 2769.0141168111 402.8229704973 0.1299035078 0.0106209214
265 0.442730 0.393388 0.000000 4651.1168143669 0.0246312876 2680.5513322206 1714.3901112092 256.0977104439 0.0490843460 0.0039449179
266 0.666409 0.617408 0.000000 5481.2698695137 0.0567074758 3430.8334318928 1915.2411555359 135.1307028312 0.0073026301 0.0005693567
267 0.711952 0.598598 0.000000 6717.7000516226 0.4308539078 4194.8843039676 2258.1195881187 264.2007960578 0.0594117707 0.0050979357
268 0.564665 0.481672 0.000000 3990.2069226077 0.0054592730 2576.4945257998 1336.2722670775 77.4291961180 0.0050271554 0.0004473190
269 0.783341 0.657379 0.000000 8547.8797355275 0.0358089505 5389.9342738520 2880.2026496863 277.3937999504 0.2802248315 0.0329783393
270 0.505985 0.467275 0.000000 4349.4798640334 0.0048529554 2757.5716656527 1498.1363374773 93.7594365840 0.0069312126 0.0006403045
271 0.640833 0.524058 0.000000 8853.0636341747 0.0286730384 5291.3460298199 3099.7719197245 461.7266754020 0.1747879016 0.0155483357
272 0.814480 0.601492 0.000000 7488.3312499516 0.1982163457 4692.8351469020 2507.5570065997 287.6989658432 0.0386978360 0.0032164943
273 0.794924 0.584196 0.000000 3666.0229872179 0.0418200079 2701.0579238361 953.0825862825 11.8404055247 0.0002338481 0.0000180602
274 0.803420 0.611742 0.000000 5981.4956609512 0.0174664914 4208.3591724578 1743.5439939824 29.5743997151 0.0005962250 0.0000325900
275 0.726754 0.565550 0.000000 10526.3724261227 0.0157536012 6555.4942583279 3688.5336861060 282.2999963686 0.0271282316 0.0016035717
276 0.699614 0.569866 0.000000 6321.0968693601 0.0392505286 4265.8588324996 1958.4282264439 96.7583039415 0.0113731771 0.0008830354
277 0.808833 0.635038 0.000000 10926.7366466779 0.5243862353 6703.5901454730 3787.4827062394 434.8920136621 0.2280688082 0.0193265714
278 0.854275 0.605094 0.000000 7517.5758390236 0.0872134916 5105.6707067457 2303.2849600372 108.5288555963 0.0038241280 0.0002793194
279 0.908310 0.681491 0.000000 6348.9247174714 0.1050821963 4087.4522734325 2128.2268929467 133.1290938474 0.0105754221 0.0007997793
280 0.720698 0.583413 0.000000 8675.8954569067 0.1778102220 5391.9599401039 3105.1509436590 178.5910908668 0.0144404526 0.0012316717
281 0.736464 0.610628 0.000000 10169.5117845904 6.0986543352 6274.8110992045 3460.5808446542 427.7155593620 0.2798276455 0.0257995354
282 0.722877 0.625079 0.000000 9848.2500461546 5.4768955783 5843.1344171005 3425.5494547291 572.8884131756 1.0664012887 0.1344644034
283 0.732200 0.627355 0.000000 6362.9756544375 0.2418083722 4226.2983513333 2021.0258998679 115.3984022323 0.0102495856 0.0009431720
284 0.969712 0.724813 0.000000 10462.1489588348 0.2123055651 7025.8464072108 3160.8618453276 275.0709645296 0.1445830091 0.0128532944
285 0.740729 0.613305 0.000000 5252.2562884388 0.0785937309 3521.7270843741 1687.9480101116 42.5009812110 0.0014890022 0.0001301528
286 0.658161 0.575634 0.000000 6893.9848499236 0.1263712668 4304.2879362545 2465.7523799846 123.8140233773 0.0038276869 0.0003115723
287 0.677872 0.621925 0.000000 10919.0181882080 0.5042307741 6688.1970022857 3793.2097408652 436.4227228712 0.6002418342 0.0842497593
288 0.819105 0.750142 0.000000 11586.8253379955 0.9877733027 7122.5556140401 3980.4011009022 482.7083355820 0.1575184831 0.0149957980
289 0.689260 0.526608 0.000000 6366.1832118059 0.2788008848 3940.3045172348 2211.5383422704 214.0271106888 0.0315339818 0.0029068736
290 0.540409 0.477973 0.000000 9941.0819742489 0.1308932375 6001.3429398267 3512.1038707919 427.4320956573 0.0661885399 0.0059863499
291 0.736606 0.566250 0.000000 9591.2801980073 0.2248396249 5989.5160610884 3265.4956015179 335.9608800977 0.0758336571 0.0069821505
292 0.603819 0.507884 0.000000 6336.2147821359 0.1440336950 3976.8224451542 2158.8188140112 200.3925004386 0.0339447567 0.0030442657
293 0.542041 0.477920 0.000000 6714.5371876853 0.1013682515 4281.2787278145 2232.4093410834 200.6966888173 0.0468932923 0.0041685983
294 0.654668 0.567743 0.000000 7208.2508817855 0.1460855865 4676.5976307789 2402.9713632801 128.5328238267 0.0027491149 0.0002294272
295 0.744842 0.632940 0.000000 6891.6647524796 1.5876610791 4409.2825084977 2302.4231654775 178.3658695858 0.0051088638 0.0004390927
296 0.590257 0.441613 0.000000 3928.8336299515 0.0938063149 2545.5885219106 1294.9143448743 88.2251681208 0.0108154809 0.0009733661
297 0.741780 0.629700 0.000000 9391.9369387009 0.0308286697 5753.5955277079 3343.4938368340 294.8006274040 0.0148171855 0.0013010651
298 0.509333 0.473759 0.000000 3154.9713180032 0.0056527905 2038.1456792833 1062.6709401618 54.1486524999 0.0003653960 0.0000280617
299 0.805501 0.662790 0.000000 9403.6959372658 0.0162055669 5662.6157833504 3483.9465642925 257.1130751509 0.0039745356 0.0003347379
300 0.884335 0.699017 0.000000 7904.7674453200 0.2376016068 5231.9049155945 2530.2663785302 142.3567244066 0.0016802575 0.0001452392
