1 0.596138 0.577633 0.000000 16391.3645983236 332.1938342247 9021.7604359905 5356.4285852803 1664.2207220982 13.2175351173 3.5434856129
2 0.690223 0.642970 0.000000 21789.1486275361 278.4525993556 12282.7423299670 7317.9377706165 1907.1554598534 2.6229681872 0.2374995570
3 0.603872 0.592256 0.000000 13772.9883483094 125.1507844819 8089.1441702388 4628.8237980355 929.0752777736 0.7300277317 0.0642900492
4 0.560615 0.543303 0.000000 11069.2715509628 146.7239567010 6359.6002808821 3653.3548589768 908.5845612283 0.9334836773 0.0744094982
5 0.605323 0.624302 0.000000 11824.0523804800 47.5569335656 7170.2134443878 4016.9118468578 589.1583747292 0.1949725575 0.0168083835
6 0.514476 0.517379 0.000000 10970.6016312117 128.1386993272 5986.3612843075 3696.3370019892 1151.0606456003 6.2134114858 2.4905885003
7 0.620038 0.615279 0.000000 15799.2127634896 274.8971182049 8297.2797084528 5397.7357861834 1819.8955341664 8.3757268114 1.0288896732
8 0.634807 0.588727 0.000000 12802.1084300177 32.1870549389 7435.1145511241 4379.2844674627 953.4709022607 1.6158395862 0.4356146449
9 0.580912 0.607946 0.000000 14143.5805804876 114.2203352354 8109.7887643981 4933.5322429077 985.4098788212 0.5795163873 0.0498427386
10 0.459247 0.480544 0.000000 8035.9808477817 22.1517435083 4741.6091327972 2753.0714766319 518.3239970110 0.7308201502 0.0936776844
11 0.644611 0.573253 0.000000 13735.8618132854 195.9690882271 7283.6620905307 4659.0891461764 1594.2959268927 2.5340785451 0.3114829183
12 0.486747 0.507794 0.000000 6009.4148152784 29.8370803258 3416.3751351520 2119.3450740481 443.7761978199 0.0750819004 0.0062460377
13 0.649897 0.594043 0.000000 8773.4940573522 125.9484504694 4925.6559086468 2953.5959697170 767.9675143960 0.2990045340 0.0272095916
14 0.352504 0.425429 0.000000 3269.6073873820 92.2064352598 1771.3034837671 1075.3544059706 330.5597055326 0.1715036654 0.0118531886
15 0.487704 0.546135 0.000000 5831.1756313980 101.9499458077 3198.3089216132 1998.1367440759 532.6872710475 0.0852717396 0.0074771159
16 0.390553 0.470183 0.000000 3544.6884833585 39.8920097701 2063.7260743548 1191.5566935498 249.4788990282 0.0320272148 0.0027794432
17 0.627796 0.565034 0.000000 8790.2061219253 36.3787105326 5201.0453889688 3036.7633344277 515.8096201911 0.1903421512 0.0187256558
18 0.703897 0.638028 0.000000 12196.5541445703 122.4498929788 6655.1568059677 4178.4444477565 1237.9295230364 2.2825836394 0.2908911939
19 0.628429 0.626942 0.000000 13202.0787767030 142.8214160246 7139.3290947939 4566.8365302196 1351.4617671413 1.4686495961 0.1613189362
20 0.409859 0.497525 0.000000 5439.9418821508 0.0186682594 3241.2193803432 1943.0012074593 255.5651209751 0.1273739306 0.0101311878
21 0.572135 0.584091 0.000000 7592.0045958403 2.9948002323 4645.6708307895 2642.5465566139 300.7746166815 0.0166353739 0.0011561548
22 0.758075 0.653171 0.000000 11137.9392549778 0.6079674778 6744.7941946012 3925.4163210421 467.0522090709 0.0628759628 0.0056868229
23 0.956180 0.802209 0.000000 18182.1449498266 146.8800371135 9789.7505402548 6338.1451034562 1905.9720521905 1.2849093956 0.1123074220
24 0.504563 0.556431 0.000000 7547.1176593443 64.7510885189 4143.0909195235 2584.2677994943 754.6069961861 0.3747290965 0.0261265267
25 0.626356 0.633122 0.000000 12350.4148925363 83.4670698592 6437.6382553667 4324.5081271199 1504.0719776076 0.6840018351 0.0454607603
26 0.523325 0.559575 0.000000 8400.6520793508 41.8446661147 4966.9165746138 2840.9515886102 550.7320648065 0.1921106136 0.0150745947
27 0.487436 0.487635 0.000000 7018.6044344325 20.0185835127 4182.1617177769 2417.1571934974 398.9609486327 0.2794983422 0.0264926771
28 0.535042 0.550774 0.000000 8832.5058014599 13.8021653571 4994.9512072579 3195.2593406910 628.2987068069 0.1802797414 0.0141016138
29 0.492319 0.511939 0.000000 6165.6489071411 0.4063113793 3665.5337759399 2220.0103777199 279.6898199370 0.0080475103 0.0005746588
30 0.590630 0.601114 0.000000 7842.3342558419 0.0138987354 5137.2690657868 2581.2530264218 123.7888644959 0.0086544899 0.0007459297
31 0.577632 0.578754 0.000000 7300.0827372045 1.2384553836 4733.3841133574 2428.3012962986 137.1166331726 0.0386335870 0.0036054273
32 0.453989 0.506635 0.000000 5006.8307516671 0.0488744914 3195.9184668277 1723.2029502875 87.6556989894 0.0043771083 0.0003839689
33 0.770409 0.662155 0.000000 12594.4009985402 1.0116526615 8019.9569653731 4269.6226695262 303.6529299466 0.1428858444 0.0138951924
34 0.605027 0.590806 0.000000 8278.3388594833 0.7497690836 5212.1429543657 2840.3181959075 225.0483375453 0.0723634910 0.0072390979
35 0.536231 0.524423 0.000000 9088.4793140601 18.6812074934 5105.1211891207 3210.9542749695 753.0258150200 0.6302842319 0.0665432317
36 0.428851 0.488650 0.000000 5335.6308490108 8.8853838419 3098.7999650076 1836.3354548959 391.5893281401 0.0196256540 0.0010914742
37 0.543060 0.521245 0.000000 7237.0168451186 7.5583368683 4369.1314131487 2387.7964648875 472.4645453373 0.0622868965 0.0037979880
38 0.485472 0.591154 0.000000 9155.8063506140 59.8618755904 5062.4189812108 3339.8434316361 693.1160438605 0.5271926180 0.0388257068
39 0.677668 0.682958 0.000000 13276.9219140653 47.0110569471 7273.0554162724 4667.4569360439 1287.6685729032 1.5873174611 0.1426144493
40 0.669567 0.664541 0.000000 13325.5176510413 80.9494621344 6992.2469988357 4673.3867806017 1572.2063410438 6.2106601272 0.5174083005
41 0.599533 0.595844 0.000000 10413.3012910670 47.1296507162 5688.9225963722 3670.8440257656 1005.8878463144 0.4649456227 0.0522262739
42 0.497680 0.534310 0.000000 7524.8268571281 67.3137913555 4062.0413341092 2548.1676761821 846.2579588966 0.9431844459 0.1029121461
43 0.385477 0.462022 0.000000 5292.9232873764 0.6814341683 3159.2887345111 1949.2858393571 183.6484103257 0.0178928652 0.0009761628
44 0.495558 0.550557 0.000000 9200.5945128875 54.4368575229 5320.2617631085 3191.8858397552 632.5154542601 1.3267907437 0.1678075037
45 0.569044 0.583677 0.000000 7599.9798049011 38.9458000771 4303.3049728662 2574.1660839913 681.4941019452 1.7617276865 0.3071183617
46 0.520682 0.557497 0.000000 6051.4110526613 64.4709096763 3498.3174040263 1995.9767382793 492.5628350705 0.0770955222 0.0060701023
47 0.564852 0.614200 0.000000 6380.3896625011 6.2776113555 3962.4030827415 2146.5063646139 265.1709781786 0.0290228983 0.0026027241
48 0.494827 0.560616 0.000000 3249.7589295046 0.1040965556 2229.7818880319 974.9192817834 44.9490644419 0.0042103004 0.0003883939
49 0.506278 0.524645 0.000000 4028.4568446063 0.0236455396 2804.3660515484 1195.0977970963 28.9633919500 0.0054557479 0.0005027397
50 0.392355 0.470398 0.000000 2263.4383997902 0.0117847427 1604.6168332425 654.2044876611 4.6047489163 0.0004988827 0.0000463507
51 0.714868 0.597272 0.000000 7446.0604595634 0.0631627630 5166.7637615857 2247.1617345717 32.0692129428 0.0023797107 0.0002080022
52 0.491530 0.510331 0.000000 2510.4089272233 0.1274856731 1676.1505935446 822.2324086008 11.8979053440 0.0004905286 0.0000435355
53 0.421455 0.497192 0.000000 3907.0818903569 3.0077788960 2470.5697067142 1330.6450022746 102.8470421429 0.0113559304 0.0010044088
54 0.492292 0.560312 0.000000 4342.6721874224 0.5225424527 2856.2655133869 1375.3503197957 110.4658972057 0.0616940468 0.0062205458
55 0.315031 0.424781 0.000000 2119.4233175493 3.7633586959 1381.1769124288 672.5846709448 61.8965193805 0.0017413996 0.0001147033
56 0.489604 0.512437 0.000000 5073.0190085494 2.2494889329 3163.8828530286 1723.8479462473 183.0316412223 0.0065349823 0.0005441510
57 0.377499 0.469597 0.000000 2973.9386998942 0.6985807425 1992.7546689278 930.8544577112 49.6249065052 0.0055729564 0.0005130587
58 0.545386 0.578694 0.000000 7675.4171061352 0.4957978204 4843.6413551845 2555.5210094512 275.6302762983 0.1168898785 0.0117775097
59 0.555127 0.578585 0.000000 7118.0950987047 80.0375685261 4089.0557182956 2525.1259857794 422.3184409534 1.1683198204 0.3890653388
60 0.693989 0.664077 0.000000 9445.5341424198 30.1800524485 5591.4262972071 3356.7098044624 466.3391447617 0.7189283710 0.1599151741
61 0.621614 0.630727 0.000000 6068.5342608598 0.5977557313 3713.0886902551 2134.1822855904 220.6578881778 0.0071775757 0.0004635409
62 0.587853 0.555138 0.000000 8476.1688871449 1.1715706448 5071.8751946233 2995.8478714702 407.1596964527 0.1050267638 0.0095271991
63 0.580124 0.525353 0.000000 8734.9170651894 9.3498039517 4834.8056948659 3172.0890582857 718.5663083067 0.0990135131 0.0071862813
64 0.705624 0.665123 0.000000 10446.4840563220 33.5108372090 6154.3999923432 3515.4041806512 743.0286721327 0.1314770824 0.0088969216
65 0.514784 0.543740 0.000000 5566.4353800369 8.8237104805 3111.2398925729 2028.9259288247 417.2650631133 0.1668604450 0.0139246168
66 0.489865 0.491063 0.000000 7508.5180165013 24.3211226885 4158.6600596353 2644.1000245302 680.8575156959 0.5207645297 0.0585294557
67 0.518995 0.581376 0.000000 4653.7818992088 21.8227494323 2529.5436826759 1646.1670141823 456.1441540065 0.0979454000 0.0063535357
68 0.371733 0.460284 0.000000 2160.0735881084 6.4803239281 1198.4143197929 701.4601404036 253.6931482603 0.0242357923 0.0014199367
69 0.554923 0.578366 0.000000 4261.4766510152 36.1266235613 2310.3500111619 1431.7678112376 483.1331738507 0.0934396619 0.0055915557
70 0.414555 0.492218 0.000000 2279.9217983606 2.9438813556 1389.7727408783 729.7945663923 157.1088950358 0.2451334679 0.0565812353
71 0.496585 0.554782 0.000000 5038.7052041208 27.0905003701 2812.8776993210 1819.3189469954 378.1640964724 0.9900139242 0.2639470543
72 0.639397 0.635418 0.000000 6500.4639768775 8.6909316360 4065.5621058314 2164.0373910571 262.0621030084 0.1029876346 0.0084577705
73 0.443428 0.503249 0.000000 5433.6338405224 6.8536352649 3222.2761126666 1831.9799554455 372.3753393986 0.1377433455 0.0110544343
74 0.667742 0.618220 0.000000 7459.1150162753 0.8095637186 4489.4795218788 2543.0343811797 425.7039712659 0.0810393941 0.0065388737
75 0.518019 0.543536 0.000000 6239.5850469319 1.1533242303 3872.5466259390 2112.1692487993 253.7015326878 0.0132262142 0.0010890781
76 0.542889 0.525081 0.000000 5394.1651590838 0.1232481766 3578.1193050400 1751.3162770542 64.6051605434 0.0010863351 0.0000819664
77 0.524496 0.548881 0.000000 6394.2098608232 0.0608922093 3848.3159458960 2282.0265750540 263.8020712522 0.0040828588 0.0002935711
78 0.477288 0.578783 0.000000 8794.5250173371 11.4678105426 4850.5155468148 3151.0114859914 781.4495851460 0.0763320518 0.0042568258
79 0.485961 0.518459 0.000000 6920.3575355198 41.6306880923 3657.8740163982 2481.8949560244 738.9275727503 0.0292531989 0.0010490683
80 0.437815 0.478444 0.000000 5635.9211123584 11.3638910591 3159.1926731935 2006.6696146834 458.6717184217 0.0220232415 0.0011917846
81 0.553211 0.639058 0.000000 7079.5999349286 5.1495070047 4028.9195561640 2487.1141382526 558.3758128982 0.0382841835 0.0026364580
82 0.588000 0.587793 0.000000 7969.8412069252 8.6613292756 4492.6187647644 2783.8336854899 684.6329305541 0.0873777001 0.0071191617
83 0.778715 0.671413 0.000000 9444.5187362297 6.7052490379 5568.1330930494 3359.8076872513 509.7855021360 0.0803084456 0.0068963576
84 0.417546 0.436818 0.000000 2734.6853979994 0.0459074510 1760.9709544960 929.1073777072 44.5583207285 0.0026087685 0.0002288728
85 0.572341 0.557747 0.000000 4874.1539246957 0.0798709031 3098.5476645994 1691.4782512726 84.0386815108 0.0086698499 0.0007865602
86 0.401867 0.494154 0.000000 2778.5789734831 0.0366374824 1941.5019914422 813.5226509089 23.5140813239 0.0033078181 0.0003045388
87 0.481233 0.507278 0.000000 3854.1985291108 0.2048080423 2736.8766608562 1092.0361427741 25.0730636070 0.0071840480 0.0006698111
88 0.604870 0.617941 0.000000 6045.9399686793 18.0611515009 4044.3036315914 1902.8009413802 80.7684372269 0.0053174491 0.0004895463
89 0.593347 0.576654 0.000000 6459.7192225039 7.5039707643 3944.0840534582 2287.2489292649 220.8702309964 0.0110400405 0.0009980082
90 0.543006 0.537871 0.000000 4180.9254799984 7.8402093926 2645.3186842435 1366.2893802916 161.4391612069 0.0349335930 0.0031112896
91 0.784503 0.656892 0.000000 8988.6531631531 37.5002140324 5500.3363081250 2999.0764485502 451.7076898981 0.0298237491 0.0026788061
92 0.349912 0.483077 0.000000 2512.6702673095 0.6575391490 1648.1557468687 806.4962357734 57.3586614267 0.0019220010 0.0001621178
93 0.700152 0.688554 0.000000 9471.9753817031 18.7284164302 5578.3541672187 3334.9613091252 539.9264201388 0.0047319139 0.0003369039
94 0.572026 0.567010 0.000000 6693.5801675709 5.6611445711 4202.5588524843 2259.5974531880 225.7565971435 0.0056900088 0.0004301938
95 0.433112 0.449976 0.000000 5165.5340755204 0.3611674461 3115.2043779563 1800.7655294014 249.1741966195 0.0268202087 0.0019839117
96 0.532955 0.594239 0.000000 4297.3963884440 1.0870136865 2508.4013214790 1545.4021942547 242.5000128811 0.0054578215 0.0003883474
97 0.712037 0.720858 0.000000 9995.7031303414 85.1989179846 5597.2439662659 3524.2010111629 788.2641996937 0.7537152290 0.0413200100
98 0.649418 0.635490 0.000000 9072.1242846256 30.6907829113 5331.5596053065 3212.5207136632 497.0552270813 0.2793073445 0.0186483058
99 0.607181 0.592522 0.000000 3960.8143147911 0.6472490588 2592.1651022486 1261.1953350907 106.8004932677 0.0056425201 0.0004926077
100 0.465849 0.513322 0.000000 4206.0764292825 0.5907857854 2765.1524110044 1308.5748017009 131.7245381281 0.0310581802 0.0028345185
101 0.697854 0.659976 0.000000 9082.3107527434 8.7828234007 5529.3816419529 3126.2517054785 417.5299507603 0.3305250319 0.0341061281
102 0.423836 0.499294 0.000000 2479.9972050366 31.2467998170 1425.0488007366 841.7191779105 181.9618523060 0.0198215242 0.0007527624
103 0.384608 0.463450 0.000000 3244.1719212438 28.9300344171 1827.6696891912 1156.9823972003 230.5247561788 0.0595921978 0.0054520714
104 0.722962 0.583923 0.000000 5376.3695600551 4.7900066145 3430.7909616981 1747.8069756237 192.9363337784 0.0415111729 0.0037711888
105 0.634668 0.539879 0.000000 6188.8040498068 4.3404742130 3866.4759393782 2118.9619746569 198.9612026305 0.0589701669 0.0054887718
106 0.496729 0.542213 0.000000 4546.9164745720 0.5515668505 2661.2714458056 1645.3845909448 239.5255448452 0.1657369876 0.0175891547
107 0.597362 0.568364 0.000000 4333.4241792534 1.2225940151 2707.5300504229 1492.9825841499 131.6809370854 0.0073843583 0.0006292171
108 0.639732 0.641700 0.000000 6851.3625508009 0.1620007085 4423.4483344662 2229.3981210375 198.3338165774 0.0186453839 0.0016326476
109 0.770627 0.700294 0.000000 8957.6690467820 14.9956316928 5465.8720900769 3097.7914745956 378.9988140005 0.0102882279 0.0007482133
110 0.813582 0.717978 0.000000 8973.1310551995 33.6383924186 5706.7461542114 2778.5701481925 454.1310268832 0.0421214502 0.0032120778
111 0.706048 0.687165 0.000000 9716.5895035091 1.1612014302 6116.9360742638 3209.6414106422 388.4949461972 0.3135713229 0.0422997023
112 0.520146 0.530914 0.000000 3624.0296283726 0.0365896716 2776.0111301028 837.9848306431 9.9958907288 0.0010900823 0.0000972085
113 0.647537 0.588739 0.000000 5361.4511411709 0.1846201834 3862.3807336995 1475.9116122245 22.9730501563 0.0010488476 0.0000761276
114 0.556232 0.576663 0.000000 5719.6398828612 0.0035584677 3941.1853780492 1707.7001599838 70.7360988546 0.0135128170 0.0011747406
115 0.506525 0.507656 0.000000 3914.5551203432 0.0230859259 2709.8634354193 1185.9036705935 18.7629724783 0.0017944626 0.0001615072
116 0.452946 0.525298 0.000000 4271.4368299243 0.0470616055 3140.9627284001 1118.8971915189 11.5296136508 0.0002180108 0.0000168000
117 0.547967 0.554944 0.000000 3163.3663603678 0.1444737369 2268.9349756074 888.7492038685 5.5374304252 0.0002543196 0.0000224310
118 0.440845 0.481759 0.000000 2778.9264150093 0.0396263084 2104.9467202769 660.3513849349 13.5867039092 0.0018219278 0.0001577054
119 0.851210 0.771445 0.000000 9216.8589819961 0.1570728879 6332.2082777866 2815.3212718149 69.1650427642 0.0067317584 0.0005850276
120 0.789806 0.730052 0.000000 7396.0571160191 0.1892804962 5141.5780705310 2207.4191639676 46.8659874957 0.0042573489 0.0003562166
121 0.778076 0.723020 0.000000 10118.6197961862 76.8343001299 6419.8129603922 3264.6161089422 357.1638223799 0.1697399854 0.0228643651
122 0.575911 0.571659 0.000000 4826.2450999062 0.1762360409 3242.7355274746 1543.2018716347 40.1238189057 0.0070160104 0.0006298472
123 0.689307 0.622791 0.000000 6314.5022094589 0.0245302854 4285.7748650747 1953.3897967351 75.3123563426 0.0006192038 0.0000418683
124 0.353886 0.491642 0.000000 4115.0048223416 0.0556112318 2694.6572961402 1393.9501785530 26.3414688657 0.0002511681 0.0000164007
125 0.246502 0.432881 0.000000 1176.5086841610 0.0113119595 845.5881682692 329.3010215103 1.6081531591 0.0000276204 0.0000016642
126 0.758130 0.687851 0.000000 9770.9524909696 0.1590982912 6592.1080397206 3039.6269080186 139.0524812280 0.0055667886 0.0003969295
127 0.654383 0.655149 0.000000 7722.1090547431 0.1889962305 5072.0385056256 2550.7505811076 99.1281652339 0.0025941875 0.0002123856
128 0.402464 0.477621 0.000000 4159.8388072269 0.0641511152 2668.3370876209 1441.0040490250 50.4318112148 0.0015744237 0.0001338527
129 0.537066 0.499383 0.000000 5188.0225440279 0.1354751244 3416.7922564121 1686.8541121689 84.2375031142 0.0029390076 0.0002582185
130 0.769867 0.714108 0.000000 11331.9468647725 8.5526817257 7035.8658073275 3853.8207066940 433.6484263377 0.0541060376 0.0051366884
131 0.370376 0.521219 0.000000 2750.4231379560 0.0089571914 1871.5681507076 839.2458097681 39.5979612984 0.0020806343 0.0001783829
132 0.403925 0.531479 0.000000 4460.9808200192 0.0065478001 2882.0347938823 1447.5125138334 131.3572158190 0.0635778802 0.0061708302
133 0.461711 0.535622 0.000000 3788.0355218098 0.0135990662 2388.0857880388 1312.6691639389 87.2626925440 0.0039562642 0.0003219738
134 0.620953 0.597829 0.000000 4923.3728110330 0.0298461323 3258.5268292642 1598.1300069232 66.6836312882 0.0023191626 0.0001782710
135 0.472867 0.505681 0.000000 4470.9735439897 0.0931882192 3020.1582225447 1354.3921591830 96.3013449237 0.0264087666 0.0022203810
136 0.490107 0.552548 0.000000 4320.6901679599 0.4225775793 2860.9273024274 1370.6791173923 88.6414540783 0.0181539380 0.0015625633
137 0.447888 0.482869 0.000000 4936.4795478274 0.0513110812 3208.1370350248 1613.3905190564 114.8404004003 0.0554218526 0.0048604278
138 0.595920 0.612149 0.000000 7340.2428108602 0.0884294047 4770.0698860863 2462.7233849856 107.3451365794 0.0147216818 0.0012521423
139 0.494151 0.527888 0.000000 4516.4937003107 0.0757194526 3051.1383879214 1432.3965406170 32.8788187621 0.0038772610 0.0003563366
140 0.572882 0.514963 0.000000 4214.9308975371 0.2297159517 2828.5719079675 1344.8165775507 41.3096525588 0.0027921425 0.0002513897
141 0.598630 0.550392 0.000000 6485.4441720614 0.1446983405 4258.5234846270 2012.2764794190 214.4772751669 0.0203848309 0.0018497231
142 0.249478 0.391664 0.000000 1105.9835155417 0.0113741581 809.9659188630 287.6907302851 8.3146681771 0.0007600733 0.0000640271
143 0.617151 0.603630 0.000000 6677.5237405388 1.1730802010 4467.1948788045 2080.0856952143 128.3156162146 0.6470105801 0.1074595830
144 0.574177 0.596067 0.000000 6587.9445354261 0.1122222124 4560.8172498592 1972.5812464350 54.4264539689 0.0067194027 0.0006435768
145 0.505704 0.513450 0.000000 5207.1700075355 0.0632173811 3410.1669940675 1730.9516526343 65.9820338282 0.0055901012 0.0005195455
146 0.402201 0.487409 0.000000 1649.4036973590 0.0655539731 1135.1271709136 502.0451164629 12.1648080590 0.0009582119 0.0000897454
147 0.701884 0.650350 0.000000 6276.6367324039 0.4469193616 4260.2774869089 1950.6293588973 65.2785106138 0.0040791790 0.0003774627
148 0.716817 0.600083 0.000000 6989.8202277109 0.9099023601 5030.4714068865 1900.9107941316 57.5145797936 0.0123976180 0.0011469478
149 0.404114 0.517448 0.000000 3670.3152174502 0.1038009554 2653.5936073362 994.2578767961 22.3493306685 0.0097214057 0.0008803195
150 0.727150 0.676010 0.000000 7570.4407204509 0.0791006904 5187.3070066494 2345.1883635364 37.8587151404 0.0069053486 0.0006291458
151 0.688509 0.634980 0.000000 6991.3966836044 0.0797749444 4575.3362130767 2379.4472730875 36.5301823998 0.0029703349 0.0002697852
152 0.510883 0.553122 0.000000 4277.8403412117 0.3455286012 2814.9690848323 1393.5458320445 68.8322966684 0.1287778096 0.0188212815
153 0.422155 0.504906 0.000000 1819.4767173874 0.0807663221 1259.6875155563 544.4108153772 15.2962099694 0.0012913808 0.0001187818
154 0.267833 0.427294 0.000000 565.8777297278 0.0226927032 400.1355980793 159.8942996813 5.8249582635 0.0001659896 0.0000150247
155 0.515981 0.593223 0.000000 4476.2973195692 5.7107872927 2885.6181814386 1416.1758242317 168.7840170617 0.0078850647 0.0006245023
156 0.706729 0.638188 0.000000 5308.4800593798 4.1169214114 3440.0853589104 1706.3209223071 157.9219150425 0.0320289164 0.0029128208
157 0.340255 0.468591 0.000000 790.0299903722 0.0322679971 563.8632365370 213.2986680379 12.8334248490 0.0021927581 0.0002002490
158 0.507818 0.504513 0.000000 4936.6239523445 2.8514008957 2963.7787859511 1746.4764687439 223.5009634471 0.0150780465 0.0012552617
159 0.463878 0.540246 0.000000 4460.3551906313 0.1468181181 2580.6383659818 1582.7236097992 296.8267554227 0.0180856123 0.0015557147
160 0.580934 0.586463 0.000000 6407.6876412997 11.0322937841 3677.2690001656 2096.5112605391 622.7457799646 0.1243498917 0.0049569752
161 0.256123 0.392971 0.000000 1703.2680451607 20.2500263256 1005.6106986856 510.5342917719 166.4409306691 0.3006297912 0.1314679382
162 0.616860 0.571556 0.000000 8782.6584366947 88.9330313715 4827.0290125613 2952.1048745533 909.8088583838 3.6206985150 1.1619613080
163 0.572786 0.576445 0.000000 5911.3423518613 109.9345347516 3276.1883449700 1875.9042425209 637.5943700242 7.4818336771 4.2390259337
164 0.400228 0.430410 0.000000 4909.9625960692 8.2832569918 2807.0979505708 1736.5547185611 357.8632223429 0.1446725022 0.0187751378
165 0.584161 0.537634 0.000000 8617.7435231961 119.1067390944 4490.7229826681 2974.7641121620 1031.7134735093 1.2894558244 0.1467600150
166 0.596309 0.571541 0.000000 8785.6187159531 116.5145790277 4886.0181387756 2943.7551580308 835.6575260748 2.8044275273 0.8688865401
167 0.692285 0.655527 0.000000 9939.6821645808 67.1413437529 5377.7452955864 3495.6947624184 993.1278554239 3.9359637120 2.0369436993
168 0.577219 0.583773 0.000000 8230.5144741665 178.7607386065 4017.8418006433 2659.4124567650 1326.0309908242 29.3636847657 19.1048026117
169 0.651137 0.590520 0.000000 8517.1524441922 230.6594755228 4488.2376679009 2964.3590711223 811.6739424889 12.6314138574 9.5908733025
170 0.688173 0.700909 0.000000 9654.7648112233 203.5690662638 5298.4457578279 3256.8250378872 890.5376917789 3.9211130704 1.4661444251
171 0.443424 0.519346 0.000000 3412.3504940208 19.0736094884 1952.6411887581 1183.3871089161 257.1017263221 0.1290214872 0.0178390805
172 0.464529 0.555224 0.000000 7298.8476064127 42.4034519679 3805.1037682618 2453.5876725361 997.0661076028 0.5883853450 0.0982207282
173 0.504702 0.506773 0.000000 3411.0347007597 91.1163742809 1763.6823125799 1034.2203183830 520.1018315145 1.6559620779 0.2579019381
174 0.481776 0.514902 0.000000 2302.8444031509 85.3431011798 1126.5089744003 749.7858422251 326.3700774915 9.6001606469 5.2362472489
175 0.625917 0.621357 0.000000 4602.1715284580 72.3777575075 2527.2712139901 1522.4268407527 478.0583582300 1.5306360202 0.5067219828
176 0.633826 0.594100 0.000000 6008.5756696700 29.0733143148 3603.7554710873 2006.1613970823 368.0498964761 1.3825024269 0.1530883397
177 0.491539 0.556275 0.000000 3696.6729164875 0.6628723341 2387.6640526775 1206.1601886121 102.1651903901 0.0189923728 0.0016201619
178 0.539617 0.616256 0.000000 3213.2408692136 0.7275539731 2264.4527268397 906.2520797212 41.8015690506 0.0064750821 0.0004645866
179 0.596539 0.597702 0.000000 7126.2276692018 7.3962797463 4401.6585148649 2495.7286394592 221.3335745450 0.1018752252 0.0087853837
180 0.583157 0.595673 0.000000 6055.1213388154 0.1865744856 3755.4851294205 2062.2808596397 237.1636359380 0.0048353193 0.0003040592
181 0.597051 0.584592 0.000000 6940.8100328357 9.0389862873 4216.9648965461 2290.4426698603 423.9449603252 0.3876562958 0.0308635638
182 0.556126 0.575229 0.000000 7406.2157357199 3.2024366341 4397.9091073749 2552.5558548644 452.1904444707 0.3244243850 0.0334680576
183 0.666417 0.569367 0.000000 11302.5368122501 100.2400724493 6537.8688065795 4013.2521014053 647.4179030021 3.1846919287 0.5732369416
184 0.486396 0.524955 0.000000 5052.0794953680 27.2975086303 2826.6276865258 1837.3885202383 360.3878172092 0.3416799205 0.0362828539
185 0.736395 0.661922 0.000000 9395.1980593593 9.8526406169 5650.3052258670 3400.6793567522 333.8519323237 0.4467866943 0.0621171767
186 0.623989 0.624804 0.000000 8156.5582596396 0.0671026167 4810.0946216013 2959.6490735510 386.6599833726 0.0805974391 0.0068810969
187 0.554514 0.585643 0.000000 7373.4592251887 7.2342322996 4356.0130112421 2680.5220112354 329.6648957447 0.0237770854 0.0012976887
188 0.906691 0.793109 0.000000 13880.2461402348 3.6265307300 8161.5031066528 5087.5715022386 627.4985635377 0.0447133644 0.0017237409
189 0.503245 0.548516 0.000000 4339.1319569518 0.0603482687 2851.5623230398 1379.7314738758 107.7698212802 0.0076092694 0.0003813114
190 0.543329 0.603735 0.000000 4397.6165474808 0.1416218373 2918.1390835149 1410.6424801616 68.6901515123 0.0030151729 0.0001953400
191 0.670012 0.682835 0.000000 8873.4888503727 0.1126139599 5725.6123197688 2969.1715901904 178.5595189669 0.0304326166 0.0023749752
192 0.272682 0.375901 0.000000 1146.4013186020 0.0134905646 828.9177007013 313.7703634785 3.6993300544 0.0003977183 0.0000361047
193 0.235783 0.410628 0.000000 1591.3837033830 0.0030848831 1112.0298975016 471.8276148569 7.5229350789 0.0001586023 0.0000124986
194 0.531189 0.571800 0.000000 5241.4515720358 0.0707415413 3618.8662448375 1580.4175063534 42.0910903168 0.0054993678 0.0004897553
195 0.733781 0.673300 0.000000 9959.9395636863 0.0133203904 6555.3696830120 3259.8867141673 144.6563449960 0.0125804603 0.0009207942
196 0.265417 0.433715 0.000000 562.1876647487 0.0009634723 339.9312724979 209.8185736931 12.4365575730 0.0002747007 0.0000228336
197 0.423482 0.489964 0.000000 2361.3346454664 0.1734740870 1480.7429295371 841.7086580334 38.7082958471 0.0011930863 0.0000949305
198 0.639452 0.632828 0.000000 4243.0140068358 0.0149022395 2639.7419401116 1552.3140691390 50.9420673852 0.0009592542 0.0000687362
199 0.694865 0.635531 0.000000 7420.7555248635 3.2018890494 4503.5607036991 2728.3960692364 185.5831835590 0.0128110282 0.0008683355
200 0.628353 0.536429 0.000000 5888.2715877430 0.1410381219 3689.2004652623 2101.1995679880 97.7083122076 0.0203462369 0.0018579719
201 0.506017 0.493219 0.000000 4405.7402597343 6.0567454488 2884.7373379613 1424.2788263640 90.6252583684 0.0385331623 0.0035584883
202 0.452539 0.559754 0.000000 2170.5547185518 0.4042233899 1480.8860428505 659.7615817112 29.4942059055 0.0079210117 0.0007437072
203 0.395704 0.520010 0.000000 3330.4073372944 0.0072200153 2292.0176254183 1019.3341740792 19.0476958155 0.0005709793 0.0000510816
204 0.448608 0.486796 0.000000 2652.3327995943 0.0009157027 1799.4689208449 842.8671066973 9.9954475161 0.0003753507 0.0000335906
205 0.419423 0.525315 0.000000 2542.1388140261 0.0479193639 1738.9583447470 792.4111755707 10.7210459636 0.0003019967 0.0000264529
206 0.421359 0.518611 0.000000 2405.4353252108 0.0037644012 1808.6715793568 592.1832748524 4.5764247561 0.0002590061 0.0000229103
207 0.381645 0.477575 0.000000 2142.0389360189 0.0020310231 1488.0364647091 649.6875211436 4.3127467208 0.0001582008 0.0000143292
208 0.609496 0.621003 0.000000 4109.9713538325 0.0095560866 2961.3414980515 1129.6954025354 18.9240634584 0.0007675266 0.0000662587
209 0.637862 0.598025 0.000000 5695.5279072342 0.2390065005 3768.6575406025 1879.9637999259 46.6583295709 0.0084804687 0.0007502291
210 0.688475 0.653305 0.000000 6619.2560643266 2.1077956421 4393.2654176038 2170.4251487712 53.4405470056 0.0157250654 0.0014303518
211 0.366976 0.502046 0.000000 1388.9048806844 0.0040435022 1001.3920792231 379.8851429469 7.6235731651 0.0000384835 0.0000035100
212 0.541286 0.561869 0.000000 3483.5273271895 0.0056414461 2384.7164563531 1068.4388724487 30.3662822467 0.0000687309 0.0000061194
213 0.633313 0.581241 0.000000 4867.6981504968 0.0349194446 3272.4458354789 1571.7864620085 23.4305830330 0.0003217560 0.0000288976
214 0.482281 0.565666 0.000000 2741.5974776337 0.0503545996 1816.6021402228 905.9143360696 19.0301075747 0.0004954869 0.0000437739
215 0.460612 0.530261 0.000000 1224.6594722075 0.0010204564 921.5111591691 301.3616442754 1.7855900912 0.0000534240 0.0000048615
216 0.450237 0.534355 0.000000 2641.5168792325 0.0108105809 1877.1222890102 755.8300949377 8.5535748841 0.0001010502 0.0000087958
217 0.636577 0.589975 0.000000 3824.5643810574 0.1023619708 2708.2013910497 1098.3085008222 17.9516029434 0.0004853251 0.0000390641
218 0.614273 0.587125 0.000000 2734.4440997782 0.1297127122 1872.9671998163 854.8661681147 6.4804626476 0.0005112323 0.0000453646
219 0.543887 0.564345 0.000000 2197.2119957566 0.0957217281 1674.6578980515 519.9046722720 2.5532774317 0.0003888537 0.0000375127
220 0.479221 0.558784 0.000000 3578.9961554148 0.0877107997 2486.0503344880 1082.0460327808 10.8110526400 0.0009418365 0.0000829638
221 0.541676 0.581686 0.000000 4063.3277426028 0.0198367153 2763.0104212346 1284.6209437433 15.6755077922 0.0009550069 0.0000782067
222 0.599835 0.583326 0.000000 1570.4140489232 0.0835849412 1195.1659994966 373.3210985311 1.8430499929 0.0002908754 0.0000251574
223 0.446911 0.504626 0.000000 1342.8536626209 0.0084310480 1035.0410365140 306.3420867263 1.4618353052 0.0002505283 0.0000225906
224 0.418309 0.497940 0.000000 1053.3646862800 0.0370220267 810.4501815258 241.6240779419 1.2532167035 0.0001725510 0.0000155995
225 0.363123 0.456733 0.000000 624.1069106085 0.0352925008 490.2333324042 133.4537643351 0.3845086507 0.0000119649 0.0000008690
226 0.727259 0.643182 0.000000 4226.0801580179 0.1264499550 3228.0116331186 989.0784297756 8.8622326580 0.0012968080 0.0001158309
227 0.733752 0.701129 0.000000 5626.2973599067 0.0916254819 3826.1515208753 1759.2825368633 40.7628134425 0.0081426111 0.0007206969
228 0.755185 0.656703 0.000000 3504.2693867685 0.1226410339 2349.2391376914 1140.2191479055 14.6880467731 0.0003832523 0.0000302113
229 0.382387 0.491619 0.000000 872.7061142753 0.0747457872 663.9775948646 207.5691694521 1.0845776004 0.0000246588 0.0000020445
230 0.350066 0.454047 0.000000 1497.1575437737 0.0915163939 1137.1661761471 354.7300987514 5.1691164387 0.0005833853 0.0000526933
231 0.423406 0.487810 0.000000 877.0757135452 0.0222682371 653.1076316420 222.6914980489 1.2542822684 0.0000308520 0.0000025405
232 0.870528 0.668026 0.000000 6294.3445657458 0.1642347845 4515.9158435899 1752.6236177136 25.6399595960 0.0008405823 0.0000696411
233 0.509548 0.486485 0.000000 3375.4593142119 0.0875699855 2346.5594042004 1014.5989926124 14.2128703348 0.0004457579 0.0000314089
234 0.493263 0.557404 0.000000 1947.4459311752 0.0535131668 1436.4548597145 506.2110644541 4.7264239982 0.0000654346 0.0000044440
235 0.531921 0.533255 0.000000 3850.7242208747 0.0164968810 2614.8120602249 1197.5938321524 38.2897181328 0.0111213445 0.0009921639
236 0.408218 0.494679 0.000000 1144.3710983821 0.0334117661 808.9629548262 329.7329706170 5.6390204731 0.0025168074 0.0002239912
237 0.578173 0.563025 0.000000 2000.5489064308 0.0070221584 1397.3829465678 596.8411695469 6.3170002871 0.0007058436 0.0000620893
238 0.399128 0.535721 0.000000 1411.4628250879 0.0040139910 889.0194208939 517.5748524236 4.8642515388 0.0002645791 0.0000217121
239 0.533599 0.531198 0.000000 2550.5783662655 0.0610169749 1662.8087925773 882.4838854835 5.2244228368 0.0002297196 0.0000186922
240 0.452412 0.542378 0.000000 2829.4160965137 0.0210005006 1803.6685117807 1010.2733713282 15.4525587490 0.0006032584 0.0000509734
241 0.684213 0.656189 0.000000 5528.2910434590 0.1443269679 3559.1971310331 1898.6916236862 70.2536219148 0.0040187929 0.0003212098
242 0.624193 0.570769 0.000000 3187.4528788000 0.0523112736 2159.0895633525 999.7554696958 28.5539636048 0.0014556771 0.0001152645
243 0.513814 0.558335 0.000000 1512.7193620532 0.0078176321 1117.1025831467 393.8079569149 1.8009408302 0.0000593566 0.0000042612
244 0.539098 0.530570 0.000000 2893.5111851887 0.0321776477 2022.4300365194 860.1608069518 10.8866084094 0.0014285302 0.0001271893
245 0.698491 0.607685 0.000000 5747.9287988166 0.5419208869 3893.3021778943 1789.0517357231 64.9984992970 0.0315741970 0.0028909019
246 0.605657 0.571061 0.000000 5353.9357515444 0.0921920352 3474.9126915734 1828.7031394318 50.2268285174 0.0008429423 0.0000571694
247 0.465171 0.534391 0.000000 3845.2660092007 0.0770434116 2589.9370831467 1240.5182299297 14.7333518966 0.0002816412 0.0000192053
248 0.668917 0.590612 0.000000 4600.3868468783 0.5362036520 3187.6793121063 1386.8947954141 25.2735727312 0.0027203448 0.0002427127
249 0.378864 0.460087 0.000000 2692.1999721855 0.1996613079 1762.5325358110 916.8530508810 12.6138725855 0.0007937550 0.0000578867
250 0.355489 0.494622 0.000000 1461.5065597394 0.0137812401 1001.4169178848 455.3185628638 4.7570363880 0.0002444640 0.0000169238
251 0.608333 0.633326 0.000000 4665.6564477739 0.2000114139 3097.9792910721 1525.5492733899 41.9243186308 0.0033177377 0.0002355537
252 0.500524 0.542678 0.000000 2665.4768617568 0.1174049960 1803.1272227538 837.1501820438 25.0780105414 0.0037543219 0.0002871225
253 0.506754 0.597089 0.000000 3459.9827929882 0.0317405817 2311.8216339140 1124.8901664488 23.2369885519 0.0020823792 0.0001811385
254 0.566651 0.615129 0.000000 6060.3863631891 0.0407166912 3892.8489627328 2094.9620898140 72.5259303120 0.0079578135 0.0007058263
255 0.559713 0.551036 0.000000 2692.5473844094 0.0829425710 1906.1267059987 774.7905682016 11.5461720017 0.0009153419 0.0000803564
256 0.628866 0.607810 0.000000 4585.0261784899 0.0666944146 3116.5147735466 1450.3192372423 18.1238405515 0.0015023426 0.0001304420
257 0.246557 0.416683 0.000000 1239.4242427086 0.0056374350 849.4169003078 385.0081613593 4.9931669405 0.0003467415 0.0000299998
258 0.785880 0.740078 0.000000 5910.6936684265 0.0343092129 3853.0937589827 2023.0939010606 34.4692003252 0.0022966271 0.0002022754
259 0.532447 0.556576 0.000000 2620.7152384936 0.0048477822 1714.1442575500 894.5749333846 11.9907781019 0.0003877738 0.0000339717
260 0.766222 0.594274 0.000000 6013.4390195020 0.0625652706 4057.5682551422 1930.4882673735 25.3185506752 0.0012676328 0.0001134675
261 0.650521 0.597031 0.000000 3831.4556222012 0.0691613094 2635.6197500701 1174.7422880593 21.0202896791 0.0037901424 0.0003429912
262 0.590848 0.576855 0.000000 5635.7042379830 0.1867345341 3629.4397631807 1959.7959049121 46.2498255939 0.0293390173 0.0026707726
263 0.450988 0.470424 0.000000 3134.7305934312 0.0281152963 2078.9390273463 1041.7692120111 13.9914897480 0.0025188978 0.0002302070
264 0.475532 0.514001 0.000000 3004.4688527831 0.0639668223 2052.7097614745 936.9955389083 14.6966430110 0.0027001920 0.0002424339
265 0.325253 0.403283 0.000000 1370.9859399275 0.0301266156 955.4777377601 410.7770618865 4.7004364013 0.0005290728 0.0000482222
266 0.615477 0.604852 0.000000 3900.0453218040 0.1042354973 2768.5433082201 1123.8982855847 7.4993483281 0.0001328023 0.0000114995
267 0.547691 0.593034 0.000000 5362.8846391870 0.1026607033 3511.6693265426 1830.4276426837 20.6842987358 0.0006564697 0.0000541439
268 0.480468 0.507414 0.000000 1876.2946559032 0.1009993960 1351.5726396333 521.5518688214 3.0688707324 0.0002541113 0.0000232834
269 0.630749 0.633193 0.000000 5159.6130776555 0.0650245174 3544.3611816405 1594.4830837665 20.7015974432 0.0020081110 0.0001822578
270 0.382349 0.464185 0.000000 1355.6709072335 0.1650662361 981.3522184813 372.6084406243 1.5451356397 0.0000428346 0.0000035494
271 0.388303 0.524612 0.000000 1577.7063346870 0.2232563392 1144.2938766109 430.6818511103 2.5071815781 0.0001550385 0.0000140368
272 0.547365 0.603226 0.000000 2250.5365416783 0.0933900788 1607.8910123197 638.0355332969 4.5163451772 0.0002399315 0.0000209234
273 0.652846 0.580381 0.000000 3258.7760097020 0.0706909249 2399.4503844352 852.5267767445 6.7276909314 0.0004283183 0.0000384334
274 0.654134 0.617631 0.000000 3061.4643856361 0.0509175965 2350.6971131419 705.6001438116 5.1156139625 0.0005476583 0.0000496100
275 0.616145 0.555330 0.000000 2318.8411278840 0.1140872631 1839.4388812800 476.0702756368 3.2177586939 0.0001168888 0.0000082473
276 0.546150 0.577631 0.000000 1643.5515250749 0.0795350492 1265.9259972569 375.6921367440 1.8537919660 0.0000597393 0.0000044967
277 0.657006 0.625110 0.000000 3336.0129328583 0.8239895317 2436.5909930788 876.0475051219 22.5400268521 0.0095458937 0.0008724745
278 0.559969 0.602139 0.000000 3149.4434259284 0.1654420799 2309.3410194238 831.9121543773 8.0243095610 0.0004624317 0.0000381349
279 0.729236 0.683399 0.000000 6032.9712629296 29.9057115035 4275.1822648625 1636.8908158296 90.9480506431 0.0406782670 0.0037418501
280 0.541914 0.575228 0.000000 2768.2651051315 1.1371328763 1976.0271690477 776.8836506609 14.2154250977 0.0015820991 0.0001453704
281 0.670691 0.614800 0.000000 2995.9443667663 0.1087791411 2321.4557003943 671.1611818032 3.2185991535 0.0000993155 0.0000071264
282 0.632026 0.621842 0.000000 4285.3481887703 0.4479323784 2891.7907356129 1372.9579062024 20.1484946104 0.0028583215 0.0002617588
283 0.624237 0.613129 0.000000 5014.8776577680 0.0663482674 3614.7477925877 1378.1489859577 21.9132746653 0.0011556028 0.0001008023
284 0.904046 0.750742 0.000000 10602.3053317853 0.0823512537 6870.8718369158 3644.7664184934 86.5790603617 0.0052120004 0.0004529083
285 0.578853 0.595387 0.000000 4071.9870573668 0.0249474171 2752.2148690396 1307.7125229768 12.0345528272 0.0001524713 0.0000127959
286 0.505238 0.564793 0.000000 3381.0261209036 0.0331448978 2311.7223169993 1052.9673728564 16.3029611800 0.0002998138 0.0000252974
287 0.699961 0.623444 0.000000 7941.1122054768 0.0591916460 4766.4560377322 2998.8193489972 175.7541482475 0.0215778914 0.0019009964
288 0.886948 0.757710 0.000000 6299.5594997990 0.1503217522 3921.3400123682 2264.4824648323 113.5754605289 0.0103056401 0.0009347687
289 0.514212 0.511931 0.000000 3038.3116051297 0.1878815820 2033.7563643048 985.2610537937 19.1056806557 0.0005742547 0.0000506469
290 0.411281 0.481274 0.000000 2604.3125025000 0.1924902207 1639.1456982307 916.4440085502 48.5270599364 0.0029856513 0.0002599698
291 0.458886 0.559665 0.000000 2240.0899350100 0.7865357512 1551.6456890273 674.6126395732 13.0427515599 0.0021219427 0.0001972682
292 0.480538 0.511376 0.000000 2715.8689734335 0.0721762267 1812.3254836203 891.0744161046 12.3967460795 0.0001413285 0.0000101222
293 0.340072 0.480198 0.000000 2114.7436672897 0.0511694336 1424.0165919621 677.2236379825 13.4518878359 0.0003556646 0.0000244372
294 0.564538 0.581258 0.000000 3317.2961408030 0.1373885817 2106.4457914409 1191.4975449097 19.2141796207 0.0011496765 0.0000866337
295 0.547077 0.617803 0.000000 2659.8763405698 0.0942986540 1709.7716105140 930.5393387188 19.4695748346 0.0014060772 0.0001118653
296 0.339782 0.424402 0.000000 1791.1454978705 0.0045274419 1123.0087150941 645.0017744669 23.1293404009 0.0010604814 0.0000800019
297 0.549414 0.635977 0.000000 5127.4703582084 0.0227441913 3030.4397887729 1959.5542043234 137.4508206774 0.0025985508 0.0002017232
298 0.394820 0.480733 0.000000 2397.1041201123 0.0076407718 1420.8485793721 879.0585929002 97.1883304096 0.0009075076 0.0000692096
299 0.685920 0.674143 0.000000 4817.5350129977 0.0161996215 2831.1234887949 1791.7257674080 194.6672648199 0.0021292579 0.0001631298
300 0.755994 0.695327 0.000000 6165.2447639653 1.2775598744 3650.0630590658 2226.7708802321 287.1306125545 0.0024682119 0.0001840831
