1 0.584801 0.576951 0.000000 20682.7834801715 383.2226772797 11770.2576659313 6598.1375353922 1906.6559493275 19.3390824317 5.1705698098
2 0.640179 0.642559 0.000000 28956.4096534262 158.6200772095 17330.4989753625 9338.4400558371 2123.1766555754 5.2860334822 0.3878559636
3 0.562713 0.592178 0.000000 24825.9809408490 178.5460805654 14156.5084014720 8150.2235374570 2322.8663047429 15.2104585843 2.6261580324
4 0.521086 0.543287 0.000000 21707.5576098221 36.6943016545 12918.6124171413 7220.8102963808 1528.6503944976 2.5642058195 0.2259943316
5 0.600573 0.624277 0.000000 24423.0957247174 118.1327537153 14173.7093882784 8044.3993582737 2081.4233506832 4.3444787743 1.0863949942
6 0.517975 0.517440 0.000000 18776.9200253554 84.5737855882 11117.8314056869 6035.3572606009 1537.1181592384 1.8709824312 0.1684318155
7 0.610671 0.615382 0.000000 25042.4110133622 25.1067314447 14379.5428924274 8633.9624044250 1999.0967764811 4.1794374260 0.5227711703
8 0.653608 0.588754 0.000000 23879.6902788521 157.2234811723 13661.0764086357 7960.2611434101 2099.0950915386 1.8912930634 0.1428610343
9 0.556821 0.607855 0.000000 19664.2001975199 124.8576665757 11597.8482222448 6455.4870928009 1480.8581053862 4.9094540641 0.2396564575
10 0.449082 0.480562 0.000000 12046.5196042847 41.4348237935 7515.8191051296 3852.9104230505 635.3929336651 0.8406749984 0.1216436601
11 0.622125 0.573049 0.000000 21215.3167201085 87.2084235647 12352.1703685128 7138.2611089910 1630.1264115226 6.0342360704 1.5161714517
12 0.463929 0.507843 0.000000 12518.3405639734 25.0814955327 7325.0721168636 4206.7976314956 960.9616367922 0.4008070691 0.0268762270
13 0.580232 0.594040 0.000000 16213.9205169172 51.2598418376 9588.6622792574 5391.0549485037 1179.9437951827 2.7381229005 0.2615292432
14 0.300363 0.425470 0.000000 5252.5437464681 4.4793371382 3358.2900201523 1695.1266331858 194.5438742450 0.0957560164 0.0081257526
15 0.442273 0.545970 0.000000 11154.3181038685 23.1858176695 7013.5946964687 3613.1070899218 504.2376337249 0.1835727468 0.0092933482
16 0.415234 0.470299 0.000000 7650.2853809288 5.0291017616 5008.9759390967 2418.1907884608 218.0168988796 0.0681765811 0.0044761556
17 0.646263 0.565189 0.000000 18324.4677803224 14.6701384880 11183.1666080282 6244.2364166296 882.2269737254 0.1568090737 0.0108343960
18 0.671594 0.637909 0.000000 22808.2594393617 156.2415453806 12833.7562424634 7609.8702133593 2206.0207439776 2.2127931942 0.1579009990
19 0.640021 0.627009 0.000000 19762.7402055099 318.9053234674 10924.8801535773 6438.9276806285 2068.8951899090 8.9328059052 2.1990520165
20 0.439501 0.497491 0.000000 13169.4532854351 87.0758760340 7367.0825042986 4372.6848160036 1336.8673965388 4.9316496494 0.8110429222
21 0.572462 0.584180 0.000000 16683.8293562698 74.2350935750 9665.9104831368 5667.6856412976 1275.3608652773 0.5915087636 0.0457642398
22 0.681128 0.653159 0.000000 17581.7928620652 7.6292919271 10816.9902260037 5975.0984454345 781.8921872142 0.1700275912 0.0126839019
23 0.916563 0.801636 0.000000 28543.0733699832 39.2560688574 17168.3039653126 9797.7610236605 1536.9007104550 0.7319394131 0.1196623059
24 0.479761 0.556627 0.000000 10901.2509421828 14.1498504398 7310.0039914783 3323.7541025877 253.2416563119 0.0964204561 0.0049209271
25 0.562485 0.633148 0.000000 14760.1215828750 7.3677115441 9219.1558496472 4866.6275580385 666.5309783734 0.4060364093 0.0334488868
26 0.476450 0.559545 0.000000 11059.9596258040 2.1739373841 6802.2597761655 3751.6160467821 503.6505214525 0.2409219232 0.0184221211
27 0.412044 0.487706 0.000000 7675.1348781971 0.1174485042 5091.5894403611 2412.6312044919 170.6119770838 0.1677850864 0.0170226925
28 0.488773 0.550696 0.000000 12350.9326369766 0.0330417201 8003.2646569678 4002.0850328205 345.3339242163 0.1972193713 0.0187618927
29 0.438025 0.512082 0.000000 7840.5125983186 2.0199072921 5193.1776549027 2385.2430509284 259.9308294497 0.1323812500 0.0087745170
30 0.553220 0.601131 0.000000 12361.5402367036 0.0412044948 8191.4282796024 3957.0890800690 212.9531325047 0.0263369323 0.0022031057
31 0.509016 0.578902 0.000000 11108.8457758487 0.0201524681 7233.7795747192 3612.2491093217 262.7704285369 0.0244043819 0.0021064470
32 0.385609 0.506721 0.000000 9079.9361803432 0.1566878595 5663.4705617756 3036.9475670403 379.2803180679 0.0747892423 0.0062563838
33 0.663014 0.661976 0.000000 18743.8272842514 6.5731886060 11417.1619688690 6293.3922189059 1026.3588623136 0.3199021091 0.0211435071
34 0.618045 0.590835 0.000000 16916.3077115560 0.1685552435 10329.0235136956 5787.4548354811 799.4877869908 0.1605445879 0.0124756227
35 0.477051 0.524542 0.000000 11740.9676126586 1.8473104808 7025.9615996670 3948.7190666165 764.1269945179 0.2916525883 0.0209888242
36 0.409700 0.488695 0.000000 8617.6534848259 23.8832965843 5057.5235485180 2900.3630794391 635.7687242558 0.1087685822 0.0060674575
37 0.532412 0.521246 0.000000 12792.2548344321 29.1796204030 7858.1988612798 4155.6184231049 749.1630681409 0.0891375066 0.0057240311
38 0.510988 0.591255 0.000000 15286.9202563292 38.6855877519 9159.5782308058 5168.9170411760 919.0100588116 0.6704801108 0.0588577351
39 0.682292 0.682835 0.000000 19694.9502935781 227.4655566095 11307.6662015845 6507.6700573935 1649.3249806043 2.4907316025 0.3327658333
40 0.615242 0.664412 0.000000 21319.7019692026 145.5748773781 11642.9353712771 7177.9130018480 2344.6756674331 7.4470941803 1.1559571254
41 0.585434 0.595953 0.000000 15979.0220881221 35.9760957907 9525.3656491508 5311.3891727539 1105.4244362834 0.8078419887 0.0588921969
42 0.480830 0.534313 0.000000 9869.7459007235 54.3637877920 6008.5869024635 3096.6231345738 707.2259363451 2.6060330076 0.3401065890
43 0.357074 0.462077 0.000000 6012.3701734982 2.1493322956 3902.4052076691 1904.2023901206 202.6863747260 0.7441398868 0.1827288405
44 0.439109 0.550578 0.000000 10794.7948676331 3.3278620673 7024.0164690248 3412.6669347056 354.5034171615 0.2591167110 0.0210680187
45 0.532945 0.583550 0.000000 10173.1380343319 4.1855377249 6835.5167922923 3011.4657510903 321.6189991419 0.3246765117 0.0262775824
46 0.516940 0.557390 0.000000 11495.3394737655 2.4361557424 7274.7584878888 3787.6279243623 430.4442701471 0.0672716633 0.0053639654
47 0.551868 0.614333 0.000000 14597.6281565770 81.5518527937 8429.5693065848 4895.6591366336 1190.0627188072 0.7394735040 0.0456682690
48 0.470152 0.560437 0.000000 12239.2507461084 79.2651131534 7183.9017296157 4109.7661500308 865.8240909238 0.4659016532 0.0277607708
49 0.452349 0.524725 0.000000 12266.0722007371 8.0422930796 7242.4628712956 4282.0138236751 733.2416311915 0.2849446418 0.0266368851
50 0.369808 0.470573 0.000000 6569.5699811759 0.2772810912 4111.6044897767 2218.7355700792 238.9311366085 0.0203463669 0.0011572703
51 0.678520 0.597254 0.000000 19223.9401333531 0.1184298942 11919.7103487986 6600.4656803097 703.5456793613 0.0936266479 0.0063683715
52 0.461584 0.510505 0.000000 8868.0781523575 0.3780081030 5293.4048652588 3128.8185691184 445.4437185334 0.0308504798 0.0021408886
53 0.402581 0.497197 0.000000 10632.9913974301 11.2607736588 5981.6046850157 3663.3893009276 976.2193453485 0.4751292006 0.0421633197
54 0.477220 0.560265 0.000000 14035.5285672378 41.2254221940 7730.2906996179 4858.2215208028 1403.2163177956 2.3308813246 0.2437254977
55 0.282930 0.424902 0.000000 6255.4327243158 3.9363906478 3471.1163372968 2224.7788608971 555.4094729358 0.1828328801 0.0088296773
56 0.451554 0.512600 0.000000 8785.3947991913 0.4737271778 5400.0222232713 2906.1308355593 478.3824632811 0.3492847009 0.0362652475
57 0.376917 0.469697 0.000000 4932.1665007940 0.0301687711 3304.0955286557 1555.4958646675 72.5312778743 0.0125414812 0.0011193734
58 0.520896 0.578580 0.000000 13439.7699727028 0.4548766550 8679.0209373187 4375.8968435952 383.9084379388 0.4331855992 0.0556915941
59 0.505032 0.578752 0.000000 8407.1472837646 0.2276063412 5663.0196115987 2532.6689631538 211.2215777088 0.0088935887 0.0006314409
60 0.636678 0.663860 0.000000 14701.0728657733 3.4785992296 9728.0103216765 4564.2573453871 405.2461634807 0.0746405153 0.0057955578
61 0.582329 0.630841 0.000000 11619.9124642308 3.0547029343 7482.0132620814 3779.8290109362 354.8678224150 0.1425132938 0.0051526113
62 0.549000 0.555171 0.000000 11274.2484335083 50.2621616104 6793.8849662486 3730.6872584482 697.0383580199 1.9288367671 0.4468524278
63 0.556907 0.525438 0.000000 12808.3930771146 49.4083972810 7480.7848763851 4341.3519729996 935.8902741619 0.8950931530 0.0624631674
64 0.685267 0.665057 0.000000 16200.4486871998 13.6651295071 10154.3880230484 5091.6480100262 939.5510546408 1.0555844079 0.1408855952
65 0.476250 0.543902 0.000000 8647.3831984791 6.3948457987 5434.3240590576 2786.0041484051 420.3514189544 0.2793850290 0.0293412703
66 0.422474 0.491137 0.000000 12645.9779902168 16.1363950701 7487.2940513328 4401.0367119557 740.7491001388 0.7252878073 0.0364439525
67 0.496632 0.581587 0.000000 11802.4627149630 29.0228582417 7000.7886907182 4079.5775216237 692.5402852420 0.4776524702 0.0557066774
68 0.368506 0.460453 0.000000 5780.9665859008 3.2701454860 3801.8458519986 1783.6698216208 192.1556496155 0.0233630477 0.0017541673
69 0.557246 0.578367 0.000000 10453.1781321972 34.7801110861 6556.5037482130 3327.2254497054 534.1825989015 0.3797177512 0.1065065680
70 0.417457 0.492198 0.000000 7835.0233494811 1.8414067908 5177.0125916481 2317.8094084651 338.1910424501 0.1520726703 0.0168274898
71 0.507192 0.554747 0.000000 11176.2778759880 4.3758568168 7276.7810989087 3628.5382333658 265.9284480970 0.6046642345 0.0495746094
72 0.620240 0.635111 0.000000 16147.8985817274 8.6973279955 10275.6561491465 5254.6489362712 608.7568616334 0.1317252476 0.0075815142
73 0.487582 0.503244 0.000000 10772.9309646161 0.2683407615 6629.6387447946 3842.4168170953 300.5826946861 0.0229456171 0.0014216571
74 0.599529 0.618041 0.000000 11478.0984074053 0.5078599331 7326.5534770133 3866.0806602780 284.9454006332 0.0103320866 0.0006775372
75 0.542181 0.543597 0.000000 13586.5147314796 0.6951657853 8424.8668186061 4636.0632868543 524.8747702483 0.0138536024 0.0008364261
76 0.498903 0.524891 0.000000 8790.4089166152 0.1244035570 5816.6773666666 2785.2115393774 188.3829782081 0.0119488858 0.0006799592
77 0.507834 0.548673 0.000000 11093.2131841860 0.0997166046 6896.9869794620 3900.3915075151 295.6863964624 0.0450636188 0.0035205592
78 0.511313 0.578895 0.000000 13173.2218397887 0.0098617821 8108.5347628912 4539.2975641341 525.2837724496 0.0883121752 0.0075664197
79 0.508907 0.518320 0.000000 10316.3586940875 0.0719944503 6524.2225854723 3414.9207658706 377.1300094725 0.0126445383 0.0006943757
80 0.396689 0.478419 0.000000 5902.7754268721 0.0094046457 3862.2480632551 1905.0505201330 135.4642461442 0.0030075336 0.0001853162
81 0.519987 0.639000 0.000000 10099.0996044030 0.5385928267 6667.2121791809 3207.8463046725 223.3853268064 0.1075353116 0.0096657387
82 0.597099 0.587641 0.000000 14139.2706430202 0.0801541832 9500.3527737084 4414.5590021483 224.2452699379 0.0306727421 0.0027705096
83 0.686183 0.671197 0.000000 12317.8232645110 1.2449247286 8402.8888083039 3589.6294068455 323.8257178958 0.2142884096 0.0201184145
84 0.380335 0.437008 0.000000 4858.0069396919 4.3021133805 3293.7960653356 1412.1907779531 147.7039362927 0.0128659208 0.0011808811
85 0.508213 0.557936 0.000000 10695.5759421973 46.2073665398 6695.7913054113 3224.9263357975 726.7260546661 1.3030809094 0.6217989377
86 0.341624 0.494186 0.000000 5417.9375806303 44.3966895980 3288.2991202204 1653.5171583955 430.2023925829 1.4027994526 0.1194204115
87 0.412257 0.507027 0.000000 5845.1868143229 31.2576390750 3628.2086075584 1744.4274898808 439.9410314932 1.1321787062 0.2198676772
88 0.532647 0.618067 0.000000 9673.9582089083 43.2178157134 6074.5934352062 2938.4012402885 617.5473145868 0.1832980098 0.0151051726
89 0.525342 0.576814 0.000000 11053.9288542865 69.7962255978 6961.6083155743 3295.8035160995 725.6147589035 1.0406076190 0.0654305676
90 0.483630 0.538048 0.000000 9152.2001416840 28.7879126117 5778.4904579699 2962.6593763155 381.9095678460 0.3071216076 0.0457053532
91 0.694057 0.656773 0.000000 20784.1026437330 53.7551612814 12449.3564637310 7290.7218503383 989.8543549477 0.3878899988 0.0269235449
92 0.315278 0.483220 0.000000 5765.6121456302 0.9472675289 3618.6795037626 1949.8432466553 196.1051719453 0.0348571224 0.0020986705
93 0.652961 0.688531 0.000000 17615.2801415120 46.6348639300 10336.7939575444 6039.7787955744 1190.1157594894 1.7001057052 0.2566593720
94 0.573502 0.567188 0.000000 15458.3869114931 0.2026206217 9238.1069965913 5495.7346493404 724.1085955518 0.2156368617 0.0184126396
95 0.420077 0.449974 0.000000 10861.1430417775 0.0785781331 6411.0968781241 3855.2519419188 594.3454911476 0.3325142244 0.0376382751
96 0.514828 0.594358 0.000000 9999.0809261559 0.0053844888 5991.3885233516 3517.0429207934 490.6111403865 0.0311209505 0.0018362867
97 0.703290 0.720927 0.000000 16994.5218161447 3.0374866872 10125.9589189380 5769.3451653469 1095.6879355380 0.4476472419 0.0446624209
98 0.640057 0.635396 0.000000 13461.2737498661 0.1574692943 8600.1824658562 4371.6053896490 489.2281046461 0.0921344328 0.0081861510
99 0.613121 0.592663 0.000000 9779.7258728793 0.1571836140 6519.2034820658 2982.0160757205 278.3221727871 0.0250714467 0.0018873442
100 0.489997 0.513280 0.000000 7607.6022534320 0.4567791054 5440.4655000652 2064.2573974129 102.3943181257 0.0261319061 0.0021269921
101 0.669087 0.660222 0.000000 13937.5397695906 0.0643690737 9278.0300997437 4436.1297520248 223.2717914479 0.0407187279 0.0030386696
102 0.424338 0.499352 0.000000 4854.0177926997 0.0240866319 3532.7828212615 1299.9626661151 21.2470523090 0.0010885152 0.0000780134
103 0.356822 0.463488 0.000000 5713.9335403708 0.0220559737 3938.5577085396 1702.8704525845 72.4744932024 0.0083024039 0.0005278334
104 0.643821 0.584167 0.000000 10659.5116032665 3.9289356771 7507.5649640999 2998.2133125058 149.7899349259 0.0134299352 0.0010262160
105 0.661941 0.539820 0.000000 15038.7244793898 0.0537683866 9972.9946609542 4820.7709847033 244.8782376229 0.0250336683 0.0017941658
106 0.470905 0.542284 0.000000 9637.3921809652 0.0120243096 6232.1766814729 3098.6971190035 306.4091471068 0.0893358842 0.0078734368
107 0.594896 0.568320 0.000000 9970.8953819164 0.0402235542 6601.7004745659 3082.5250006210 286.5765015268 0.0499286019 0.0032531920
108 0.600492 0.641611 0.000000 13755.8912503147 2.7122017772 8681.8384679003 4424.7399489583 646.5189178943 0.0774758684 0.0042380569
109 0.761389 0.700186 0.000000 16031.3521520327 0.1619942084 9904.0497344801 5417.3733928354 709.7066421105 0.0564998973 0.0038886376
110 0.790217 0.717921 0.000000 14666.1527485644 0.1866299026 9418.8212586428 4908.9858223550 338.1487428603 0.0096377784 0.0006571306
111 0.672833 0.687114 0.000000 19215.2348396797 0.5739832668 12348.8612378774 6223.1783398595 642.4244593365 0.1820442639 0.0147752041
112 0.475167 0.531028 0.000000 6822.3765591152 0.3804255234 4644.5244780200 2068.1784394489 109.2759519797 0.0158158116 0.0014483716
113 0.671483 0.588678 0.000000 12426.1400864401 1.3705985007 8599.4542132812 3685.5737901260 139.7169245910 0.0225077990 0.0020522137
114 0.555477 0.576919 0.000000 9406.5578164676 3.5332239938 6233.7113273856 2820.0974887240 348.9297177051 0.2493193026 0.0367393936
115 0.525364 0.507554 0.000000 8690.3547842348 15.1992727283 5832.8548853865 2553.4791894630 287.9190658214 0.8236170792 0.0787538362
116 0.381025 0.525364 0.000000 7724.8960356572 51.3177458862 4727.3484349373 2348.6701825467 593.4044832515 3.7536005903 0.4015884976
117 0.504149 0.555074 0.000000 8310.2681822027 56.8493312187 5187.9386027216 2543.0927953786 521.3943432118 0.9144780643 0.0786316590
118 0.414524 0.481772 0.000000 6735.1888411766 0.0187821831 4705.9836665561 1959.3714608702 69.7830940314 0.0295224647 0.0023151748
119 0.824241 0.771252 0.000000 20085.4756989922 0.0790978335 12459.1037859173 7015.2553793384 610.9269559401 0.1030026905 0.0074773126
120 0.785594 0.729774 0.000000 12471.6535780016 0.0513774880 8959.5659877944 3429.5014357085 82.5269929865 0.0072024983 0.0005817666
121 0.786080 0.722926 0.000000 16941.0200117497 0.0134413546 12102.4892170115 4545.4171452009 292.8258258276 0.2510110724 0.0233715319
122 0.542334 0.571805 0.000000 9392.8083160450 0.0801169289 6445.4505554629 2835.7930980567 111.4518692730 0.0299477410 0.0027286866
123 0.650158 0.622815 0.000000 12856.3370934361 0.0195827170 8454.4809359132 4143.0665827465 258.7584544479 0.0108683727 0.0006694210
124 0.328099 0.491599 0.000000 6434.7349293783 0.0006105448 4352.3458267931 2000.7927627158 81.5932879094 0.0022939286 0.0001475887
125 0.226845 0.432817 0.000000 1623.3156555148 0.0012052538 1239.7192917288 380.8784702914 2.7166381458 0.0000472376 0.0000030169
126 0.746568 0.687501 0.000000 13348.7181049978 0.0393070221 9903.2157425808 3391.5130356187 53.9392282677 0.0099267171 0.0008649113
127 0.630655 0.655129 0.000000 9359.6729645913 0.0256104543 6877.0967656611 2428.6334081838 53.9091185056 0.0074226352 0.0006392977
128 0.361141 0.477598 0.000000 5978.4213348291 0.0085229099 4175.5258702710 1761.5398464228 41.3438388311 0.0030297176 0.0002267624
129 0.471122 0.499478 0.000000 6776.5432887043 0.0016376321 4897.6954755519 1849.2273593558 29.6164224638 0.0022052573 0.0001886062
130 0.702576 0.713850 0.000000 15402.4443191291 0.0235123193 10492.6142667778 4734.0457372911 175.7220486527 0.0355531984 0.0032010365
131 0.350713 0.521273 0.000000 4521.3227378374 0.0329673913 3237.0558929041 1247.6255237248 36.6046881284 0.0033979932 0.0002678100
132 0.418687 0.531615 0.000000 9147.4404169324 0.1514195734 6103.1581485644 2876.9524284734 167.1043010911 0.0678739423 0.0062453549
133 0.448302 0.535794 0.000000 7064.3535172875 0.0558236220 4733.9874326638 2217.7076878394 112.5535182764 0.0449111242 0.0041438604
134 0.563867 0.598131 0.000000 9204.6392386272 0.0527785023 5995.3873348836 3006.3384567578 202.8556514831 0.0046593911 0.0003577310
135 0.418311 0.505941 0.000000 7164.2990284691 0.0653083127 4619.7690748060 2365.7631626608 178.6877353404 0.0127013902 0.0010460596
136 0.475574 0.552435 0.000000 7976.5878180925 0.0296497681 5195.7503339970 2554.0756899269 226.6924047585 0.0367867748 0.0029529329
137 0.404139 0.482959 0.000000 7321.1005581968 0.0463568923 4949.5130111843 2255.9884098734 115.5183246979 0.0316005503 0.0028551041
138 0.619464 0.612010 0.000000 13531.5325567715 0.1600129088 8814.1874432002 4346.7042043808 370.4277358572 0.0488640590 0.0042964699
139 0.474626 0.527797 0.000000 7314.2209633708 0.0499387506 4776.1917127755 2370.7829665592 167.1897495850 0.0061743150 0.0004215411
140 0.465189 0.515080 0.000000 5746.7595359637 0.0083419408 3896.1974508961 1723.4896056667 127.0562426022 0.0072877567 0.0006071794
141 0.486034 0.550369 0.000000 6949.3856916241 0.0313986589 4647.1934458580 2148.0831613474 154.0517859438 0.0238015861 0.0020982934
142 0.191372 0.391690 0.000000 940.4819166517 0.0001950228 722.1318063953 212.2775512766 6.0719087572 0.0004194661 0.0000357756
143 0.537017 0.603856 0.000000 7707.3506285758 0.0598697281 5379.0509504417 2166.5136339817 161.6661047693 0.0555555903 0.0045141508
144 0.530328 0.596113 0.000000 8449.9402360932 0.2115976052 6038.6761202310 2314.5334158456 96.4953428786 0.0217881981 0.0019714004
145 0.440576 0.513514 0.000000 6461.3724251141 0.0029822358 4576.9639316326 1751.7256368418 132.6534279733 0.0243508478 0.0020956294
146 0.337390 0.487554 0.000000 2349.8861119710 0.0534707254 1748.2647817717 560.6800054392 40.8843379691 0.0032380346 0.0002781505
147 0.626574 0.650068 0.000000 8015.8531164422 0.0104012313 5937.1256390159 2031.8682506501 46.8447680955 0.0037266009 0.0003310006
148 0.601448 0.599969 0.000000 9510.9890718196 0.0504886054 6969.8839890715 2506.8291069554 34.2236056510 0.0017471203 0.0001345544
149 0.353299 0.517327 0.000000 5352.6533790927 0.0042532399 3889.1894867233 1419.2313627962 44.2201189147 0.0075291050 0.0006283715
150 0.652898 0.675867 0.000000 10039.3512678847 0.0283071302 6902.0296999562 3057.1802205479 80.1056946591 0.0067682104 0.0005774685
151 0.627981 0.635275 0.000000 9904.9207176790 0.0363160719 6948.7095734440 2890.8808026890 65.2743054994 0.0180804522 0.0016396703
152 0.462078 0.553108 0.000000 7518.1161175518 0.1292644073 5098.6878200850 2326.7564973468 92.5203787361 0.0206126783 0.0015443956
153 0.409410 0.504819 0.000000 5350.3576037385 0.0713461360 3701.3248415950 1607.7835587709 41.1765278471 0.0012494799 0.0000800015
154 0.250342 0.427336 0.000000 1671.1533243992 0.0183314115 1201.4967993291 464.2676938274 5.3703561858 0.0001349598 0.0000087960
155 0.505002 0.593452 0.000000 9387.1474278942 0.0297461837 6576.8482408118 2681.0058069751 129.2414583703 0.0205755562 0.0016001651
156 0.636771 0.638447 0.000000 11013.0726434870 0.2052043726 7898.4036706452 3045.2159173357 69.2426585455 0.0048017682 0.0003910689
157 0.359753 0.468861 0.000000 2444.8347623209 0.0219268572 2000.8530861359 440.7899291138 3.1696155102 0.0001887802 0.0000160564
158 0.451011 0.504600 0.000000 5772.3107410052 0.0094629859 4468.7459524532 1285.8731854109 17.6800968042 0.0018873076 0.0001562364
159 0.395067 0.539955 0.000000 5591.0417348506 0.2275726580 4057.2639710750 1500.1441697265 33.3958410268 0.0093491450 0.0008313426
160 0.478073 0.586579 0.000000 6595.6058878137 0.0648963393 4864.9298000604 1696.7003600860 33.9060650806 0.0044410023 0.0003253737
161 0.233093 0.393048 0.000000 1687.4804550008 0.0157627863 1290.1177424980 390.8201243289 6.5262926596 0.0004892245 0.0000435722
162 0.515702 0.571572 0.000000 6324.7068691276 0.1705448045 4693.4523700374 1583.0210394591 48.0518972988 0.0101310994 0.0008866349
163 0.513023 0.576434 0.000000 6500.6451219796 0.4220869062 4498.5316477893 1962.3911851032 39.2970259722 0.0029371476 0.0002392200
164 0.339379 0.430448 0.000000 4432.6322999776 0.0576093915 3159.9110749480 1256.8468644615 15.8160974743 0.0006124165 0.0000413785
165 0.507693 0.537713 0.000000 5850.6264876219 0.0448457326 4241.9066488867 1574.0098898665 34.6628396219 0.0021086864 0.0001550035
166 0.555554 0.571539 0.000000 9313.5897505438 0.1144733983 6198.2931876897 2955.2916503206 159.8713775675 0.0177188421 0.0013427830
167 0.649818 0.655454 0.000000 10142.8267690508 0.1093738898 7146.5203299782 2921.2761306215 74.9177156817 0.0030457309 0.0001733243
168 0.507605 0.583916 0.000000 6484.6324971869 0.0075159170 4616.5331182860 1825.7000787537 42.3877721158 0.0037418287 0.0002704438
169 0.617547 0.590483 0.000000 11113.2944738733 0.1403275162 7481.5368666222 3490.9076757276 140.6930146436 0.0154205988 0.0011688797
170 0.637343 0.700932 0.000000 14515.8598087062 0.0218587516 9566.4806800689 4662.9634289615 286.3352594976 0.0539879197 0.0045936038
171 0.439050 0.519327 0.000000 5247.8577415149 0.0058363825 3869.4901765366 1358.9527182292 19.4058085710 0.0029457903 0.0002561245
172 0.445765 0.555037 0.000000 8680.3656540896 0.0043948989 6148.5662567820 2394.3587889099 137.1743653058 0.2341966682 0.0276518364
173 0.483806 0.507156 0.000000 6796.0403005185 0.0299183385 5011.2442143109 1765.5617310569 19.2034615543 0.0009032106 0.0000722481
174 0.455642 0.515248 0.000000 4650.3061238216 0.0179078673 3526.8487281938 1114.2554027283 9.1828933311 0.0010941430 0.0000977200
175 0.594157 0.621516 0.000000 7504.8876747342 0.0450822061 5524.4549515515 1947.4659632277 32.9165090555 0.0047994619 0.0003693609
176 0.581518 0.594367 0.000000 8449.9736750595 0.0109599903 5916.9934331098 2396.4250079519 136.5012229239 0.0396532941 0.0033979886
177 0.451893 0.556301 0.000000 7158.2454398462 0.0193337903 5312.5801732710 1824.1877620853 21.4562742102 0.0017458925 0.0001507000
178 0.508240 0.616348 0.000000 7162.6364273761 0.0063148585 5124.1144492009 2003.6813970898 34.8313717214 0.0026730008 0.0002216312
179 0.537584 0.597734 0.000000 9872.9861452040 0.0054699858 6485.9003343305 3222.7242570445 164.3269602994 0.0268627698 0.0022609919
180 0.552721 0.595811 0.000000 6195.9500490335 0.0063494518 4384.8949918010 1770.6700810577 40.3750793101 0.0032560089 0.0002915635
181 0.568133 0.584531 0.000000 7204.8128858705 0.0126140628 5212.6170834446 1941.4200246650 50.7570867764 0.0055958834 0.0004812232
182 0.537519 0.575364 0.000000 8902.7277989514 0.0370958625 6223.2671737234 2595.2703868422 84.1428673775 0.0096459271 0.0006293230
183 0.601831 0.569430 0.000000 9913.6360332607 0.0180605951 7100.0480448335 2723.9403421303 89.6171884785 0.0115384094 0.0008589102
184 0.420879 0.524882 0.000000 6948.9118149957 0.0503264526 4492.0541741120 2363.7569270130 93.0345282534 0.0146648552 0.0011944146
185 0.713685 0.661941 0.000000 13977.9675888638 0.0387526294 9265.7301698564 4529.3230128248 182.8618234185 0.0127834901 0.0010467781
186 0.550673 0.624706 0.000000 9733.3206250900 0.0444246228 6474.0982922035 3065.2874660955 193.8498000511 0.0375275172 0.0031147237
187 0.545736 0.585670 0.000000 9343.8425177902 0.0281089274 6276.0530315272 2874.8953811479 192.8263142129 0.0367398749 0.0029422873
188 0.855083 0.792928 0.000000 18937.3356432349 0.0376914492 12933.0819205302 5683.8776582737 320.1734541942 0.1515158182 0.0134032560
189 0.484061 0.548669 0.000000 6816.0091378890 0.0258816595 4692.6014827404 2043.3487854491 80.0171864605 0.0145165845 0.0012850754
190 0.517958 0.603828 0.000000 7043.3210380642 2.2703533812 4833.2231090053 2113.1561644377 94.6409449654 0.0278791157 0.0025872280
191 0.640261 0.682644 0.000000 11830.3621066736 0.1724054148 8130.2293795569 3567.8237273166 132.0957827413 0.0373791534 0.0034329125
192 0.221862 0.375970 0.000000 2265.1900360085 0.0066310596 1667.6025205642 588.2642899073 9.3157207122 0.0008017257 0.0000722663
193 0.198070 0.410608 0.000000 2135.6479632474 0.0043824056 1599.0587616335 533.4964499841 3.0882970777 0.0000668734 0.0000054359
194 0.502957 0.571990 0.000000 6782.7241789175 0.0989743145 4962.8345033010 1787.8236636982 31.9644947918 0.0023456050 0.0001975199
195 0.710512 0.673218 0.000000 9649.8214226516 1.3549482802 6914.5158645348 2606.9212574006 126.8896220090 0.1274687322 0.0122620281
196 0.272822 0.433902 0.000000 1522.0633647862 0.0377091001 1200.7691639952 318.7328323407 2.5233200940 0.0003110596 0.0000283345
197 0.414587 0.490082 0.000000 4814.8380118756 0.0210593611 3362.1735467822 1431.2938329924 21.3478882787 0.0015560037 0.0001286149
198 0.659756 0.633038 0.000000 9175.4711108319 0.0569520025 6278.6034254071 2836.2554415895 60.5532602344 0.0019043955 0.0001273792
199 0.599440 0.635603 0.000000 10624.7926810189 0.0801783443 7183.6706623191 3230.3631821156 210.6146285415 0.0587753550 0.0052545234
200 0.484433 0.536301 0.000000 7475.0819611924 0.0552875219 5395.0756442639 2002.4441928135 77.4939655856 0.0118089763 0.0010621291
201 0.391298 0.493271 0.000000 4798.4561387758 0.0345171377 3556.2486317752 1223.0469198081 19.1240108982 0.0018957707 0.0001638117
202 0.382164 0.559724 0.000000 2680.4193224635 0.0174263174 1942.2849269859 722.6359859033 15.4806745234 0.0002858379 0.0000233484
203 0.364195 0.520155 0.000000 4745.8216793256 0.0078602948 3388.6071045271 1311.5098801596 45.6954143755 0.0013160610 0.0001043438
204 0.455905 0.486792 0.000000 4696.3219250966 0.0190425082 3544.9329555108 1121.0796420325 30.2897878870 0.0004667185 0.0000309028
205 0.389757 0.525246 0.000000 5871.8072908996 0.0082326369 4406.2814798331 1447.6416926765 17.8751072807 0.0007316736 0.0000471507
206 0.405985 0.518608 0.000000 3474.0208191657 0.0036549647 2848.0774712507 618.6087705500 7.3304432560 0.0004414837 0.0000381711
207 0.387275 0.477614 0.000000 4447.1496626737 0.0144901033 3725.3852385431 717.3996110790 4.3500194926 0.0002817473 0.0000221845
208 0.543253 0.620906 0.000000 7452.2570655341 0.0035862186 5538.2425984388 1890.3141553132 23.6927373711 0.0036668063 0.0003218438
209 0.632264 0.597998 0.000000 11728.9687884194 0.0170645832 8236.5370565618 3391.6219770936 100.7691725730 0.0215997754 0.0019182813
210 0.714550 0.653480 0.000000 13426.4706275023 0.0071543981 9450.0605449309 3914.6425207357 61.7574950901 0.0027047021 0.0002081696
211 0.364363 0.501936 0.000000 3808.9489321119 0.0070904363 2989.2889455852 813.1923139997 6.4602532136 0.0003040880 0.0000251379
212 0.541389 0.561985 0.000000 7596.5672400377 0.0230445295 5488.0694756033 2068.2397209089 40.2343489854 0.0006072466 0.0000434464
213 0.668491 0.581167 0.000000 10647.8639805136 0.0311794806 7462.4970790129 3134.3907931691 50.9414117658 0.0032333144 0.0002841813
214 0.476174 0.565739 0.000000 6918.3831898829 0.0037573411 4896.5015037905 1977.0077353280 44.8651670207 0.0046211637 0.0004057511
215 0.442624 0.530231 0.000000 3518.2914251568 0.0064525894 2575.7057745270 928.2426664269 14.3342716532 0.0020712317 0.0001890546
216 0.517790 0.534619 0.000000 7744.0651344376 0.0106985306 5684.8095843678 2032.1960290520 27.0445453875 0.0039146251 0.0003628553
217 0.699986 0.590051 0.000000 10455.2314150744 0.0771849705 7817.8208112549 2605.4034445452 31.9237440552 0.0057053220 0.0005255964
218 0.638900 0.587059 0.000000 9868.9043030081 0.0348281836 7093.3860782886 2727.0152674364 48.4644248669 0.0033978738 0.0003067376
219 0.534769 0.564513 0.000000 5064.3316520830 0.0062994864 3901.6190281578 1154.3432100887 8.3623518267 0.0006987428 0.0000641995
220 0.449675 0.558921 0.000000 6735.7803243110 0.0636174749 5075.4744769406 1634.6705408665 25.5681398675 0.0032523424 0.0002970005
221 0.489366 0.581848 0.000000 6746.2328499309 0.0843176855 4942.5250760077 1758.0213579657 45.5885600633 0.0123920828 0.0011463926
222 0.565424 0.583666 0.000000 5884.3980439749 1.9591926964 4289.2205388234 1559.5208084800 33.6866267561 0.0099460767 0.0009312983
223 0.374314 0.504848 0.000000 3610.0908356811 0.2842601906 2726.2646813006 863.0336145201 20.5034734304 0.0043948409 0.0004116102
224 0.348883 0.498042 0.000000 3335.0640608551 3.4004113227 2468.9480885394 841.8736645780 20.8338252525 0.0073800038 0.0006912803
225 0.328581 0.456898 0.000000 2815.7841636513 5.0507254093 2165.4979834583 620.5781304233 24.6463183198 0.0100610658 0.0009451823
226 0.682356 0.643415 0.000000 11712.2685901480 5.4617018090 8085.1133538782 3442.4614164522 179.1689527722 0.0578073270 0.0053581403
227 0.698951 0.700991 0.000000 17068.0346119390 3.1459935071 11003.3967227519 5245.4167837157 815.6863470537 0.3568020128 0.0319631411
228 0.763763 0.656611 0.000000 11960.0581312843 16.0216516677 8191.2706255123 3387.3232549402 365.1078818755 0.2563473267 0.0783702514
229 0.398566 0.491851 0.000000 3028.9893179085 0.8614911712 2170.0556371705 787.5676527260 70.4765400196 0.0259136444 0.0020836989
230 0.296979 0.453980 0.000000 4313.8018293692 0.8466654197 3084.5975357814 1123.4910376587 104.6726612285 0.1781395395 0.0157901313
231 0.412789 0.488007 0.000000 3510.6054662492 0.0428312815 2660.3153693959 799.4990238798 50.6972869182 0.0467162094 0.0042388565
232 0.833251 0.667865 0.000000 18713.3574570459 149.9898115597 11850.4342905342 5346.1536581439 1348.1657088243 13.6017689310 5.0122193334
233 0.488998 0.486533 0.000000 11583.4492183966 155.6007263522 6611.0169726443 3486.6511791658 1308.8446659302 15.4956933610 5.8399808953
234 0.471692 0.557469 0.000000 6940.7442009270 32.5137048993 4448.3719994767 1908.1140326880 539.0732664755 8.5807747473 4.0904231197
235 0.480973 0.533515 0.000000 8911.6152639721 38.5938758252 5713.3680416185 2472.4605589132 680.8281874047 5.4292702627 0.9353300510
236 0.396715 0.495045 0.000000 4127.9868837067 0.0123222627 2745.1740338010 1242.3311658529 140.1767472402 0.2425085623 0.0501062008
237 0.522016 0.563323 0.000000 5864.3228109001 0.0135908874 4155.3508555515 1571.2824349925 137.6524949162 0.0216359351 0.0017989478
238 0.400070 0.535919 0.000000 4299.7222551594 0.0173504019 3159.8485401298 1086.1932996886 53.6540269376 0.0083487087 0.0006896979
239 0.464072 0.531493 0.000000 7014.5753109328 0.0163461968 4947.7135492893 2017.4380292759 49.3938805908 0.0123650296 0.0011408646
240 0.405438 0.542189 0.000000 7265.3851981751 1.4475855927 4874.0008348163 2235.5993856420 154.3166481483 0.0191343976 0.0016097074
241 0.635766 0.656400 0.000000 13150.5172482206 25.3372034748 7883.6902151310 4518.5678601869 722.3354995401 0.5467108042 0.0397592484
242 0.574988 0.570957 0.000000 10851.1173463330 75.7311122272 6603.8130454756 3438.6454815693 732.4683058745 0.4208724883 0.0385288699
243 0.495287 0.558532 0.000000 5302.8144815450 6.0480104711 3738.4825897534 1470.3202314812 87.8725515347 0.0838182645 0.0072804209
244 0.506603 0.530711 0.000000 6327.7861689933 0.0054399622 4697.0408664226 1605.1712949421 25.5653893799 0.0029298253 0.0002488288
245 0.610872 0.608081 0.000000 7778.6611628352 0.0037481607 5616.7400947498 2121.9466722551 39.9674859496 0.0029112412 0.0002507486
246 0.552333 0.571120 0.000000 8251.9058871534 0.0036441173 6169.2831280304 2029.8533817624 52.7600553786 0.0052739283 0.0004042916
247 0.438920 0.534489 0.000000 5656.1999827823 0.0036185025 4208.5397544387 1429.1927864343 18.4629081059 0.0008482506 0.0000672854
248 0.599218 0.590839 0.000000 7118.6449372690 0.0017961522 5404.8655376055 1697.0375132111 16.7391801246 0.0008476578 0.0000630348
249 0.327579 0.460238 0.000000 4490.6780064497 0.0043057003 3266.1730513584 1207.7087175307 16.7907348698 0.0011121972 0.0000850810
250 0.333541 0.494751 0.000000 3014.4556295461 0.0035689383 2353.4076725678 657.4153996288 3.6288529356 0.0001260009 0.0000098712
251 0.571709 0.633485 0.000000 5925.0959054870 0.0227395836 4788.0784254788 1129.4789951989 7.5149582938 0.0007241177 0.0000632897
252 0.472129 0.542807 0.000000 4179.1820829852 0.0026153142 3444.5428204166 729.6970006554 4.9391726421 0.0004369606 0.0000375188
253 0.485404 0.597383 0.000000 5864.8400240788 0.0223184977 4646.7013929395 1211.3725380584 6.7429195776 0.0007877057 0.0000676513
254 0.539249 0.614877 0.000000 8506.8017334112 2.5573196186 6278.6198913730 2164.0179335397 61.5292524498 0.0707347670 0.0066018794
255 0.524519 0.551089 0.000000 5948.9217666314 0.0128192508 4321.0943464316 1609.7051581666 18.1090101932 0.0004010854 0.0000318556
256 0.603137 0.607928 0.000000 7140.3710590224 0.0212174271 5392.0416333821 1730.4750704256 17.8306657550 0.0022700171 0.0002025348
257 0.236443 0.416790 0.000000 3177.1329185705 0.0169327180 2249.3313601293 919.1517967671 8.6325119854 0.0002932326 0.0000240321
258 0.758254 0.739812 0.000000 14058.5870664350 0.1094308333 9747.2152555922 4256.1227095038 55.1352673441 0.0040573620 0.0003461199
259 0.499383 0.556884 0.000000 7589.5660442345 0.0063146269 5073.2416421568 2472.6409320187 43.6753803245 0.0016439604 0.0001313376
260 0.617337 0.594324 0.000000 12681.4217735966 0.0156411194 8582.0908023835 3996.0916319630 103.2169964846 0.0061861769 0.0005157744
261 0.560598 0.597185 0.000000 8038.3427526644 0.0113742349 5309.1320306168 2651.3785915584 77.8147306934 0.0055487468 0.0004770727
262 0.483501 0.576987 0.000000 9483.0200291528 0.0180417408 6508.9309853787 2833.8094618521 140.2493512407 0.0112453795 0.0009436732
263 0.356912 0.470610 0.000000 4523.8213274966 0.0121489801 2966.4121120995 1493.2330202041 64.1609502176 0.0028550568 0.0002411664
264 0.375600 0.514199 0.000000 4109.9823645389 0.0048602244 2926.3443233638 1148.3237502040 35.3084675771 0.0008902922 0.0000730293
265 0.309747 0.403525 0.000000 2548.4911696845 0.0012810116 1885.7128608418 648.7848678685 13.9917248990 0.0004029247 0.0000322622
266 0.567605 0.605003 0.000000 7903.7935422501 0.0071008320 5493.3765952230 2383.7952619304 26.6128016426 0.0016430715 0.0001397590
267 0.518977 0.593184 0.000000 10253.9025147245 0.0092214499 7008.3909814808 3120.8632882083 124.6303123999 0.0080388430 0.0006726395
268 0.452838 0.507568 0.000000 4743.9748563221 0.0201592507 3312.2381480614 1406.2725077400 25.4428293873 0.0011223542 0.0000897539
269 0.571450 0.633236 0.000000 8508.5388203613 0.0211075068 6045.2289438278 2395.1598432153 68.1231473245 0.0053318088 0.0004470328
270 0.349710 0.464187 0.000000 3791.2847017444 0.0400137402 2729.7416957927 1044.3388274409 17.1632685028 0.0008232098 0.0000733999
271 0.329782 0.524831 0.000000 2967.9804949869 0.0065344058 2240.8950413858 718.5286506788 8.5493248950 0.0008665914 0.0000772417
272 0.516832 0.603153 0.000000 5551.3186259490 0.0064086922 4184.4829249308 1347.1206175386 19.7048294207 0.0035248762 0.0003209660
273 0.621482 0.580506 0.000000 8944.7515879499 0.0258935931 6493.8639815499 2405.1718522333 45.6845661842 0.0048563226 0.0004384346
274 0.607828 0.617624 0.000000 10172.9974503278 0.0146390916 7401.6127234102 2701.5481709984 69.8178786630 0.0037104755 0.0003281924
275 0.616654 0.555422 0.000000 9044.5084053736 0.0363084582 6791.2713903080 2221.3620472853 31.8358157732 0.0026167812 0.0002271795
276 0.529269 0.577777 0.000000 6832.5567565191 1.3268873737 4989.2887414656 1804.5458533009 37.3906508824 0.0042313376 0.0003924671
277 0.628942 0.625330 0.000000 10384.0214954730 0.0068549562 7281.1930841408 3043.5880844028 59.2311853682 0.0020974095 0.0001896023
278 0.527387 0.602083 0.000000 6993.7067739458 0.0280143284 4830.7070332124 2128.3437946506 34.6269833190 0.0008736286 0.0000750269
279 0.688617 0.683281 0.000000 13183.4217415019 0.0336453231 9462.8282804051 3639.1495828500 81.4058265091 0.0040738971 0.0003328536
280 0.522226 0.575319 0.000000 6090.5510512067 0.0218928623 4562.6633264277 1502.1203419364 25.7448400298 0.0006023598 0.0000480970
281 0.690745 0.614862 0.000000 6451.0608853800 0.3086082610 4800.0540921449 1640.9856405285 9.7120926045 0.0004164558 0.0000359285
282 0.659840 0.621890 0.000000 9766.5369537419 0.0215243107 7126.9824122068 2607.8725742220 31.6592252578 0.0011331152 0.0000851377
283 0.641492 0.613320 0.000000 10553.9310537413 0.0069264105 7537.6447062124 2945.8825706750 70.3924965094 0.0040675328 0.0002868599
284 0.853398 0.750898 0.000000 17252.1957796054 1.0605499922 11998.7897962182 5083.9306216834 168.4008617182 0.0129361022 0.0010146745
285 0.544635 0.595742 0.000000 5951.8735194814 0.5356055686 4464.8060055211 1458.5798123333 27.9483966558 0.0033978547 0.0003018624
286 0.483433 0.564907 0.000000 4783.8743602116 0.0236000708 3680.0833579133 1087.9401703779 15.8265659492 0.0006259908 0.0000402641
287 0.596671 0.623332 0.000000 11162.4938596208 0.0283355616 7764.2718671098 3224.2577823658 173.8723670574 0.0582929076 0.0052150018
288 0.789696 0.757984 0.000000 11946.7885950135 0.1578133913 8232.1977661967 3594.6535671896 119.7601397580 0.0176747865 0.0016340237
289 0.478304 0.512084 0.000000 5332.7396806642 0.0491251110 4008.4568851448 1298.4818689284 25.7486284537 0.0029077761 0.0002655551
290 0.368662 0.481288 0.000000 4816.5868286459 0.0387256744 3511.7818531960 1274.6737937223 30.0865994330 0.0053948152 0.0004620266
291 0.445163 0.559862 0.000000 2863.6177556458 0.0338820252 2089.8840798510 767.1999868470 6.4992716878 0.0004916486 0.0000439864
292 0.459714 0.511415 0.000000 4552.8424589808 0.0755010156 3282.6684057499 1259.9999704201 10.0983617130 0.0002067809 0.0000136070
293 0.338166 0.480263 0.000000 3316.1500455099 0.0354827783 2405.1190584001 896.3126224799 14.6825207045 0.0003396540 0.0000217652
294 0.543973 0.581495 0.000000 6481.9204071019 0.0112685667 4612.3945013635 1834.2603536338 35.2535675541 0.0006681900 0.0000484300
295 0.526395 0.618097 0.000000 4785.5927987290 0.0104289434 3711.7438425172 1058.5691772939 15.2690328528 0.0002945516 0.0000234194
296 0.352130 0.424553 0.000000 3541.8889745983 0.0048006817 2677.4055405261 852.6221278905 11.8560009741 0.0004687926 0.0000359897
297 0.562550 0.635935 0.000000 7674.8760069192 0.0209388174 5939.7922066469 1717.7217953484 17.3395267654 0.0014192970 0.0001206820
298 0.390897 0.480811 0.000000 4485.5232555648 0.0159248628 3471.5633803168 1004.0198410682 9.9233775910 0.0006752704 0.0000568699
299 0.675781 0.674061 0.000000 8451.7069713117 0.0336842859 6566.5687818410 1864.6920555230 20.4102366161 0.0020457544 0.0001680300
300 0.824938 0.695489 0.000000 13252.1181362717 0.2234240143 10177.6104385707 3038.0951037429 36.1834479819 0.0052481908 0.0004744896
